1.000000000000000000e+02
2.220000000000000000e+02
3.130000000000000000e+02
4.150000000000000000e+02
5.250000000000000000e+02
6.020000000000000000e+02
7.240000000000000000e+02
8.360000000000000000e+02
9.520000000000000000e+02
1.084000000000000000e+03
1.201000000000000000e+03
1.342000000000000000e+03
1.464000000000000000e+03
1.602000000000000000e+03
1.748000000000000000e+03
1.891000000000000000e+03
2.008000000000000000e+03
2.139000000000000000e+03
2.272000000000000000e+03
2.413000000000000000e+03
2.542000000000000000e+03
2.672000000000000000e+03
2.828000000000000000e+03
2.962000000000000000e+03
3.121000000000000000e+03
3.276000000000000000e+03
3.446000000000000000e+03
3.632000000000000000e+03
3.814000000000000000e+03
3.997000000000000000e+03
4.190000000000000000e+03
4.378000000000000000e+03
4.584000000000000000e+03
4.796000000000000000e+03
5.003000000000000000e+03
5.201000000000000000e+03
5.432000000000000000e+03
5.640000000000000000e+03
5.870000000000000000e+03
6.089000000000000000e+03
6.277000000000000000e+03
6.498000000000000000e+03
6.738000000000000000e+03
6.966000000000000000e+03
7.240000000000000000e+03
7.491000000000000000e+03
7.767000000000000000e+03
8.051000000000000000e+03
8.316000000000000000e+03
8.603000000000000000e+03
8.892000000000000000e+03
9.192000000000000000e+03
9.447000000000000000e+03
9.730000000000000000e+03
1.002800000000000000e+04
1.033300000000000000e+04
1.066800000000000000e+04
1.095500000000000000e+04
1.125900000000000000e+04
1.158100000000000000e+04
1.190100000000000000e+04
1.220600000000000000e+04
1.253700000000000000e+04
1.287900000000000000e+04
1.322500000000000000e+04
1.354300000000000000e+04
1.390000000000000000e+04
1.424300000000000000e+04
1.457700000000000000e+04
1.492400000000000000e+04
1.523800000000000000e+04
1.560400000000000000e+04
1.598000000000000000e+04
1.636800000000000000e+04
1.675800000000000000e+04
1.717700000000000000e+04
1.760300000000000000e+04
1.803200000000000000e+04
1.847600000000000000e+04
1.897300000000000000e+04
1.945200000000000000e+04
1.997200000000000000e+04
2.053800000000000000e+04
2.116200000000000000e+04
2.176100000000000000e+04
2.240600000000000000e+04
2.303600000000000000e+04
2.373000000000000000e+04
2.447300000000000000e+04
2.522900000000000000e+04
2.596600000000000000e+04
2.687100000000000000e+04
2.777300000000000000e+04
2.874900000000000000e+04
2.977200000000000000e+04
3.091100000000000000e+04
3.207400000000000000e+04
3.334100000000000000e+04
3.471000000000000000e+04
3.619600000000000000e+04
3.769000000000000000e+04
3.939100000000000000e+04
4.120200000000000000e+04
4.314900000000000000e+04
4.523600000000000000e+04
4.752400000000000000e+04
5.002100000000000000e+04
5.262000000000000000e+04
5.537800000000000000e+04
5.845000000000000000e+04
6.166900000000000000e+04
6.529300000000000000e+04
6.918000000000000000e+04
7.328800000000000000e+04
7.777000000000000000e+04
8.256700000000000000e+04
8.777400000000000000e+04
9.325500000000000000e+04
9.919200000000000000e+04
1.056910000000000000e+05
1.126930000000000000e+05
1.201770000000000000e+05
1.284300000000000000e+05
1.370950000000000000e+05
1.463870000000000000e+05
1.566380000000000000e+05
1.677170000000000000e+05
1.794990000000000000e+05
1.923680000000000000e+05
2.060680000000000000e+05
2.206660000000000000e+05
2.365100000000000000e+05
2.538470000000000000e+05
2.720630000000000000e+05
2.917810000000000000e+05
3.128360000000000000e+05
3.354740000000000000e+05
3.598280000000000000e+05
3.861060000000000000e+05
4.146140000000000000e+05
4.449100000000000000e+05
4.772070000000000000e+05
5.118460000000000000e+05
5.488690000000000000e+05
5.883880000000000000e+05
6.302040000000000000e+05
6.747030000000000000e+05
7.225040000000000000e+05
7.728640000000000000e+05
8.266930000000000000e+05
8.837850000000000000e+05
9.444870000000000000e+05
1.008444000000000000e+06
1.076459000000000000e+06
1.148234000000000000e+06
1.223290000000000000e+06
1.302120000000000000e+06
1.385242000000000000e+06
1.472286000000000000e+06
1.562774000000000000e+06
1.657467000000000000e+06
1.755657000000000000e+06
1.857997000000000000e+06
1.964057000000000000e+06
2.074032000000000000e+06
2.186375000000000000e+06
2.302118000000000000e+06
2.420858000000000000e+06
2.541698000000000000e+06
2.665290000000000000e+06
2.790590000000000000e+06
2.917090000000000000e+06
3.044803000000000000e+06
3.173139000000000000e+06
3.302518000000000000e+06
3.431382000000000000e+06
3.559703000000000000e+06
3.686576000000000000e+06
3.812444000000000000e+06
3.936169000000000000e+06
4.057632000000000000e+06
4.176166000000000000e+06
4.291915000000000000e+06
4.404603000000000000e+06
4.514433000000000000e+06
4.620058000000000000e+06
4.722294000000000000e+06
4.820844000000000000e+06
4.915266000000000000e+06
5.005558000000000000e+06
5.092086000000000000e+06
5.174404000000000000e+06
5.252802000000000000e+06
5.327156000000000000e+06
5.397720000000000000e+06
5.464215000000000000e+06
5.526693000000000000e+06
5.585904000000000000e+06
5.641682000000000000e+06
5.694094000000000000e+06
