1.000000000000000000e+02
2.260000000000000000e+02
3.280000000000000000e+02
4.170000000000000000e+02
5.100000000000000000e+02
6.070000000000000000e+02
7.050000000000000000e+02
8.170000000000000000e+02
9.060000000000000000e+02
1.014000000000000000e+03
1.119000000000000000e+03
1.232000000000000000e+03
1.329000000000000000e+03
1.470000000000000000e+03
1.591000000000000000e+03
1.708000000000000000e+03
1.850000000000000000e+03
1.970000000000000000e+03
2.098000000000000000e+03
2.202000000000000000e+03
2.345000000000000000e+03
2.450000000000000000e+03
2.581000000000000000e+03
2.703000000000000000e+03
2.813000000000000000e+03
2.920000000000000000e+03
3.043000000000000000e+03
3.162000000000000000e+03
3.292000000000000000e+03
3.406000000000000000e+03
3.537000000000000000e+03
3.677000000000000000e+03
3.811000000000000000e+03
3.942000000000000000e+03
4.077000000000000000e+03
4.198000000000000000e+03
4.331000000000000000e+03
4.444000000000000000e+03
4.557000000000000000e+03
4.681000000000000000e+03
4.798000000000000000e+03
4.913000000000000000e+03
5.046000000000000000e+03
5.186000000000000000e+03
5.300000000000000000e+03
5.438000000000000000e+03
5.571000000000000000e+03
5.723000000000000000e+03
5.840000000000000000e+03
5.971000000000000000e+03
6.094000000000000000e+03
6.208000000000000000e+03
6.343000000000000000e+03
6.502000000000000000e+03
6.633000000000000000e+03
6.760000000000000000e+03
6.889000000000000000e+03
7.022000000000000000e+03
7.156000000000000000e+03
7.292000000000000000e+03
7.427000000000000000e+03
7.563000000000000000e+03
7.696000000000000000e+03
7.844000000000000000e+03
7.986000000000000000e+03
8.124000000000000000e+03
8.282000000000000000e+03
8.439000000000000000e+03
8.592000000000000000e+03
8.731000000000000000e+03
8.895000000000000000e+03
9.061000000000000000e+03
9.195000000000000000e+03
9.353000000000000000e+03
9.533000000000000000e+03
9.686000000000000000e+03
9.846000000000000000e+03
1.002700000000000000e+04
1.020300000000000000e+04
1.037600000000000000e+04
1.056000000000000000e+04
1.075200000000000000e+04
1.095300000000000000e+04
1.115800000000000000e+04
1.135400000000000000e+04
1.154400000000000000e+04
1.174500000000000000e+04
1.194400000000000000e+04
1.213800000000000000e+04
1.233300000000000000e+04
1.254000000000000000e+04
1.271300000000000000e+04
1.293000000000000000e+04
1.312400000000000000e+04
1.330100000000000000e+04
1.351200000000000000e+04
1.369100000000000000e+04
1.391100000000000000e+04
1.412600000000000000e+04
1.436200000000000000e+04
1.457700000000000000e+04
1.479200000000000000e+04
1.501100000000000000e+04
1.522700000000000000e+04
1.548100000000000000e+04
1.572400000000000000e+04
1.597700000000000000e+04
1.626900000000000000e+04
1.653900000000000000e+04
1.679800000000000000e+04
1.709200000000000000e+04
1.740800000000000000e+04
1.772800000000000000e+04
1.802200000000000000e+04
1.834300000000000000e+04
1.869600000000000000e+04
1.905300000000000000e+04
1.940100000000000000e+04
1.975800000000000000e+04
2.014500000000000000e+04
2.057100000000000000e+04
2.098400000000000000e+04
2.139500000000000000e+04
2.177800000000000000e+04
2.227600000000000000e+04
2.271000000000000000e+04
2.320200000000000000e+04
2.366300000000000000e+04
2.416800000000000000e+04
2.465600000000000000e+04
2.521800000000000000e+04
2.582700000000000000e+04
2.641500000000000000e+04
2.703300000000000000e+04
2.765500000000000000e+04
2.832700000000000000e+04
2.905600000000000000e+04
2.976000000000000000e+04
3.058000000000000000e+04
3.145300000000000000e+04
3.235100000000000000e+04
3.328100000000000000e+04
3.430000000000000000e+04
3.538300000000000000e+04
3.659900000000000000e+04
3.783400000000000000e+04
3.917700000000000000e+04
4.064100000000000000e+04
4.216800000000000000e+04
4.387700000000000000e+04
4.571100000000000000e+04
4.754800000000000000e+04
4.960700000000000000e+04
5.171600000000000000e+04
5.414800000000000000e+04
5.656300000000000000e+04
5.925600000000000000e+04
6.208400000000000000e+04
6.520400000000000000e+04
6.842900000000000000e+04
7.214000000000000000e+04
7.597800000000000000e+04
8.018600000000000000e+04
8.473200000000000000e+04
8.952300000000000000e+04
9.470400000000000000e+04
1.000970000000000000e+05
1.061350000000000000e+05
1.126510000000000000e+05
1.194880000000000000e+05
1.269030000000000000e+05
1.349340000000000000e+05
1.435580000000000000e+05
1.528120000000000000e+05
1.627430000000000000e+05
1.731990000000000000e+05
1.845600000000000000e+05
1.969800000000000000e+05
2.101220000000000000e+05
2.242160000000000000e+05
2.393190000000000000e+05
2.557170000000000000e+05
2.733470000000000000e+05
2.924660000000000000e+05
3.127750000000000000e+05
3.348140000000000000e+05
3.585240000000000000e+05
3.837800000000000000e+05
4.107530000000000000e+05
4.398780000000000000e+05
4.710440000000000000e+05
5.043360000000000000e+05
5.398830000000000000e+05
5.784290000000000000e+05
6.189710000000000000e+05
6.624710000000000000e+05
7.084610000000000000e+05
7.574010000000000000e+05
8.095640000000000000e+05
8.650390000000000000e+05
