1.000000000000000000e+02
2.170000000000000000e+02
3.090000000000000000e+02
4.130000000000000000e+02
5.100000000000000000e+02
6.100000000000000000e+02
7.140000000000000000e+02
8.220000000000000000e+02
9.080000000000000000e+02
1.022000000000000000e+03
1.130000000000000000e+03
1.240000000000000000e+03
1.346000000000000000e+03
1.452000000000000000e+03
1.559000000000000000e+03
1.679000000000000000e+03
1.784000000000000000e+03
1.895000000000000000e+03
1.990000000000000000e+03
2.110000000000000000e+03
2.235000000000000000e+03
2.350000000000000000e+03
2.449000000000000000e+03
2.556000000000000000e+03
2.690000000000000000e+03
2.806000000000000000e+03
2.939000000000000000e+03
3.060000000000000000e+03
3.183000000000000000e+03
3.305000000000000000e+03
3.424000000000000000e+03
3.541000000000000000e+03
3.661000000000000000e+03
3.797000000000000000e+03
3.931000000000000000e+03
4.075000000000000000e+03
4.204000000000000000e+03
4.319000000000000000e+03
4.452000000000000000e+03
4.584000000000000000e+03
4.701000000000000000e+03
4.853000000000000000e+03
4.992000000000000000e+03
5.119000000000000000e+03
5.254000000000000000e+03
5.401000000000000000e+03
5.569000000000000000e+03
5.748000000000000000e+03
5.905000000000000000e+03
6.086000000000000000e+03
6.241000000000000000e+03
6.399000000000000000e+03
6.545000000000000000e+03
6.700000000000000000e+03
6.873000000000000000e+03
7.091000000000000000e+03
7.274000000000000000e+03
7.478000000000000000e+03
7.688000000000000000e+03
7.906000000000000000e+03
8.127000000000000000e+03
8.339000000000000000e+03
8.556000000000000000e+03
8.794000000000000000e+03
9.008000000000000000e+03
9.260000000000000000e+03
9.500000000000000000e+03
9.736000000000000000e+03
9.964000000000000000e+03
1.022800000000000000e+04
1.048400000000000000e+04
1.077200000000000000e+04
1.102900000000000000e+04
1.133100000000000000e+04
1.161600000000000000e+04
1.189600000000000000e+04
1.217600000000000000e+04
1.243500000000000000e+04
1.272900000000000000e+04
1.300300000000000000e+04
1.326500000000000000e+04
1.351800000000000000e+04
1.384600000000000000e+04
1.411700000000000000e+04
1.442700000000000000e+04
1.471700000000000000e+04
1.499900000000000000e+04
1.531100000000000000e+04
1.561800000000000000e+04
1.592000000000000000e+04
1.622500000000000000e+04
1.652400000000000000e+04
1.684200000000000000e+04
1.721300000000000000e+04
1.757300000000000000e+04
1.792100000000000000e+04
1.825500000000000000e+04
1.860800000000000000e+04
1.896100000000000000e+04
1.934800000000000000e+04
1.972900000000000000e+04
2.014300000000000000e+04
2.055300000000000000e+04
2.101500000000000000e+04
2.144200000000000000e+04
2.191900000000000000e+04
2.236100000000000000e+04
2.288400000000000000e+04
2.344600000000000000e+04
2.397100000000000000e+04
2.453400000000000000e+04
2.513200000000000000e+04
2.575700000000000000e+04
2.637100000000000000e+04
2.701300000000000000e+04
2.769500000000000000e+04
2.842800000000000000e+04
2.916500000000000000e+04
2.998600000000000000e+04
3.084000000000000000e+04
3.173900000000000000e+04
3.272100000000000000e+04
3.378600000000000000e+04
3.487000000000000000e+04
3.601900000000000000e+04
3.725000000000000000e+04
3.865000000000000000e+04
4.013300000000000000e+04
4.171000000000000000e+04
4.341300000000000000e+04
4.530700000000000000e+04
4.725700000000000000e+04
4.930200000000000000e+04
5.161400000000000000e+04
5.408000000000000000e+04
5.670600000000000000e+04
5.969100000000000000e+04
6.288900000000000000e+04
6.632000000000000000e+04
6.995900000000000000e+04
7.384200000000000000e+04
7.805700000000000000e+04
8.257500000000000000e+04
8.746800000000000000e+04
9.286100000000000000e+04
9.872600000000000000e+04
1.047790000000000000e+05
1.115080000000000000e+05
1.187920000000000000e+05
1.265040000000000000e+05
1.346730000000000000e+05
1.435250000000000000e+05
1.532170000000000000e+05
1.634850000000000000e+05
1.745770000000000000e+05
1.867000000000000000e+05
1.996860000000000000e+05
2.136250000000000000e+05
2.285070000000000000e+05
2.446120000000000000e+05
2.619880000000000000e+05
2.805450000000000000e+05
3.004740000000000000e+05
3.219910000000000000e+05
3.450640000000000000e+05
3.695990000000000000e+05
3.959110000000000000e+05
4.241910000000000000e+05
4.543050000000000000e+05
4.869200000000000000e+05
5.216260000000000000e+05
5.589770000000000000e+05
5.982290000000000000e+05
6.403090000000000000e+05
6.856090000000000000e+05
7.340160000000000000e+05
7.851130000000000000e+05
8.392960000000000000e+05
8.969710000000000000e+05
9.585390000000000000e+05
1.023091000000000000e+06
1.091770000000000000e+06
1.163816000000000000e+06
1.240019000000000000e+06
1.319739000000000000e+06
1.403411000000000000e+06
1.491188000000000000e+06
1.582844000000000000e+06
1.678744000000000000e+06
1.778013000000000000e+06
1.881364000000000000e+06
1.987772000000000000e+06
2.098313000000000000e+06
2.211402000000000000e+06
2.327648000000000000e+06
2.446592000000000000e+06
2.568051000000000000e+06
2.692162000000000000e+06
2.818228000000000000e+06
2.945275000000000000e+06
