1.000000000000000000e+02
2.080000000000000000e+02
2.990000000000000000e+02
4.040000000000000000e+02
5.040000000000000000e+02
5.860000000000000000e+02
6.670000000000000000e+02
7.560000000000000000e+02
8.330000000000000000e+02
9.340000000000000000e+02
1.049000000000000000e+03
1.141000000000000000e+03
1.247000000000000000e+03
1.346000000000000000e+03
1.448000000000000000e+03
1.560000000000000000e+03
1.681000000000000000e+03
1.806000000000000000e+03
1.950000000000000000e+03
2.059000000000000000e+03
2.201000000000000000e+03
2.313000000000000000e+03
2.438000000000000000e+03
2.554000000000000000e+03
2.684000000000000000e+03
2.802000000000000000e+03
2.919000000000000000e+03
3.047000000000000000e+03
3.165000000000000000e+03
3.295000000000000000e+03
3.411000000000000000e+03
3.539000000000000000e+03
3.649000000000000000e+03
3.780000000000000000e+03
3.899000000000000000e+03
4.047000000000000000e+03
4.166000000000000000e+03
4.286000000000000000e+03
4.432000000000000000e+03
4.582000000000000000e+03
4.727000000000000000e+03
4.862000000000000000e+03
5.010000000000000000e+03
5.152000000000000000e+03
5.302000000000000000e+03
5.458000000000000000e+03
5.599000000000000000e+03
5.762000000000000000e+03
5.905000000000000000e+03
6.057000000000000000e+03
6.200000000000000000e+03
6.364000000000000000e+03
6.525000000000000000e+03
6.690000000000000000e+03
6.852000000000000000e+03
7.023000000000000000e+03
7.206000000000000000e+03
7.373000000000000000e+03
7.549000000000000000e+03
7.732000000000000000e+03
7.902000000000000000e+03
8.098000000000000000e+03
8.301000000000000000e+03
8.475000000000000000e+03
8.663000000000000000e+03
8.836000000000000000e+03
9.063000000000000000e+03
9.302000000000000000e+03
9.539000000000000000e+03
9.757000000000000000e+03
9.991000000000000000e+03
1.021500000000000000e+04
1.045900000000000000e+04
1.065800000000000000e+04
1.089200000000000000e+04
1.115400000000000000e+04
1.137500000000000000e+04
1.160200000000000000e+04
1.186500000000000000e+04
1.210800000000000000e+04
1.232000000000000000e+04
1.256800000000000000e+04
1.284200000000000000e+04
1.308300000000000000e+04
1.336300000000000000e+04
1.362200000000000000e+04
1.390400000000000000e+04
1.418400000000000000e+04
1.447000000000000000e+04
1.477100000000000000e+04
1.507800000000000000e+04
1.537400000000000000e+04
1.569900000000000000e+04
1.601400000000000000e+04
1.635100000000000000e+04
1.667100000000000000e+04
1.703200000000000000e+04
1.738900000000000000e+04
1.775800000000000000e+04
1.813500000000000000e+04
1.853000000000000000e+04
1.884800000000000000e+04
1.921700000000000000e+04
1.958500000000000000e+04
1.996100000000000000e+04
2.035300000000000000e+04
2.075900000000000000e+04
2.116000000000000000e+04
2.160800000000000000e+04
2.204600000000000000e+04
2.250900000000000000e+04
2.301800000000000000e+04
2.352200000000000000e+04
2.404100000000000000e+04
2.461200000000000000e+04
2.522300000000000000e+04
2.582600000000000000e+04
2.649400000000000000e+04
2.716900000000000000e+04
2.791100000000000000e+04
2.863800000000000000e+04
2.943300000000000000e+04
3.027400000000000000e+04
3.114700000000000000e+04
3.211400000000000000e+04
3.314200000000000000e+04
3.426400000000000000e+04
3.542500000000000000e+04
3.661900000000000000e+04
3.791500000000000000e+04
3.924000000000000000e+04
4.068800000000000000e+04
4.232500000000000000e+04
4.407900000000000000e+04
4.591600000000000000e+04
4.793000000000000000e+04
4.999100000000000000e+04
5.225500000000000000e+04
5.477300000000000000e+04
5.743400000000000000e+04
6.027400000000000000e+04
6.334800000000000000e+04
6.662000000000000000e+04
7.022100000000000000e+04
7.405000000000000000e+04
7.814800000000000000e+04
8.259200000000000000e+04
8.729900000000000000e+04
9.244300000000000000e+04
9.799100000000000000e+04
1.039490000000000000e+05
1.103880000000000000e+05
1.174000000000000000e+05
1.248330000000000000e+05
1.327940000000000000e+05
1.412430000000000000e+05
1.503770000000000000e+05
1.604550000000000000e+05
1.711870000000000000e+05
1.827220000000000000e+05
1.952590000000000000e+05
2.086220000000000000e+05
2.233600000000000000e+05
2.388300000000000000e+05
2.557440000000000000e+05
2.735710000000000000e+05
2.926140000000000000e+05
3.136890000000000000e+05
3.356190000000000000e+05
3.594230000000000000e+05
3.849700000000000000e+05
4.120150000000000000e+05
4.413250000000000000e+05
4.727380000000000000e+05
5.061740000000000000e+05
5.422810000000000000e+05
5.807990000000000000e+05
6.214800000000000000e+05
6.652500000000000000e+05
7.119720000000000000e+05
7.621030000000000000e+05
8.145600000000000000e+05
8.705530000000000000e+05
9.296480000000000000e+05
9.922380000000000000e+05
1.058457000000000000e+06
1.128437000000000000e+06
1.202380000000000000e+06
1.280556000000000000e+06
1.362052000000000000e+06
1.447726000000000000e+06
1.537378000000000000e+06
1.630861000000000000e+06
1.728249000000000000e+06
1.828740000000000000e+06
1.933693000000000000e+06
2.041461000000000000e+06
2.152678000000000000e+06
2.267177000000000000e+06
2.385388000000000000e+06
