1.000000000000000000e+02
2.370000000000000000e+02
3.410000000000000000e+02
4.600000000000000000e+02
5.360000000000000000e+02
6.720000000000000000e+02
7.780000000000000000e+02
8.900000000000000000e+02
9.960000000000000000e+02
1.125000000000000000e+03
1.253000000000000000e+03
1.363000000000000000e+03
1.487000000000000000e+03
1.614000000000000000e+03
1.716000000000000000e+03
1.831000000000000000e+03
1.995000000000000000e+03
2.149000000000000000e+03
2.291000000000000000e+03
2.427000000000000000e+03
2.575000000000000000e+03
2.732000000000000000e+03
2.918000000000000000e+03
3.079000000000000000e+03
3.256000000000000000e+03
3.456000000000000000e+03
3.639000000000000000e+03
3.803000000000000000e+03
4.014000000000000000e+03
4.223000000000000000e+03
4.452000000000000000e+03
4.667000000000000000e+03
4.869000000000000000e+03
5.084000000000000000e+03
5.342000000000000000e+03
5.583000000000000000e+03
5.837000000000000000e+03
6.079000000000000000e+03
6.356000000000000000e+03
6.661000000000000000e+03
6.953000000000000000e+03
7.256000000000000000e+03
7.557000000000000000e+03
7.819000000000000000e+03
8.103000000000000000e+03
8.389000000000000000e+03
8.680000000000000000e+03
9.006000000000000000e+03
9.316000000000000000e+03
9.681000000000000000e+03
1.000400000000000000e+04
1.036800000000000000e+04
1.071400000000000000e+04
1.106000000000000000e+04
1.137500000000000000e+04
1.174000000000000000e+04
1.208900000000000000e+04
1.241200000000000000e+04
1.275700000000000000e+04
1.308500000000000000e+04
1.346900000000000000e+04
1.385200000000000000e+04
1.421800000000000000e+04
1.459000000000000000e+04
1.505200000000000000e+04
1.551400000000000000e+04
1.596000000000000000e+04
1.641100000000000000e+04
1.690100000000000000e+04
1.739400000000000000e+04
1.791600000000000000e+04
1.844900000000000000e+04
1.900200000000000000e+04
1.959600000000000000e+04
2.022300000000000000e+04
2.088400000000000000e+04
2.156900000000000000e+04
2.226100000000000000e+04
2.308700000000000000e+04
2.392600000000000000e+04
2.477600000000000000e+04
2.573200000000000000e+04
2.676900000000000000e+04
2.786200000000000000e+04
2.903200000000000000e+04
3.024800000000000000e+04
3.154100000000000000e+04
3.296700000000000000e+04
3.441700000000000000e+04
3.606200000000000000e+04
3.777800000000000000e+04
3.963100000000000000e+04
4.162400000000000000e+04
4.367900000000000000e+04
4.592900000000000000e+04
4.843500000000000000e+04
5.099000000000000000e+04
5.386700000000000000e+04
5.696600000000000000e+04
6.021200000000000000e+04
6.377100000000000000e+04
6.756900000000000000e+04
7.160000000000000000e+04
7.591000000000000000e+04
8.062600000000000000e+04
8.567500000000000000e+04
9.124200000000000000e+04
9.720300000000000000e+04
1.035640000000000000e+05
1.104830000000000000e+05
1.178840000000000000e+05
1.257030000000000000e+05
1.342000000000000000e+05
1.431640000000000000e+05
1.530240000000000000e+05
1.635810000000000000e+05
1.749900000000000000e+05
1.871500000000000000e+05
2.002340000000000000e+05
2.144950000000000000e+05
2.298610000000000000e+05
2.461700000000000000e+05
2.638030000000000000e+05
2.828100000000000000e+05
3.030780000000000000e+05
3.249760000000000000e+05
3.485960000000000000e+05
3.737580000000000000e+05
4.008880000000000000e+05
4.300530000000000000e+05
4.610440000000000000e+05
4.944260000000000000e+05
5.296480000000000000e+05
5.677930000000000000e+05
6.084350000000000000e+05
6.515920000000000000e+05
6.976930000000000000e+05
7.466840000000000000e+05
7.988830000000000000e+05
8.543310000000000000e+05
9.130030000000000000e+05
9.750470000000000000e+05
1.040880000000000000e+06
1.110423000000000000e+06
1.183646000000000000e+06
1.260684000000000000e+06
1.341381000000000000e+06
1.426336000000000000e+06
1.515436000000000000e+06
1.608225000000000000e+06
1.704584000000000000e+06
1.804616000000000000e+06
1.907863000000000000e+06
2.014632000000000000e+06
2.125230000000000000e+06
2.239345000000000000e+06
2.356097000000000000e+06
2.475334000000000000e+06
2.596888000000000000e+06
2.720950000000000000e+06
2.846518000000000000e+06
2.973317000000000000e+06
3.101048000000000000e+06
3.229718000000000000e+06
3.358068000000000000e+06
3.486088000000000000e+06
3.614452000000000000e+06
3.741334000000000000e+06
3.866523000000000000e+06
3.989130000000000000e+06
4.110078000000000000e+06
4.227832000000000000e+06
4.342851000000000000e+06
4.454080000000000000e+06
4.562748000000000000e+06
4.667887000000000000e+06
4.768595000000000000e+06
4.865271000000000000e+06
4.958074000000000000e+06
5.046771000000000000e+06
5.131369000000000000e+06
5.211759000000000000e+06
5.288636000000000000e+06
5.361113000000000000e+06
5.429866000000000000e+06
5.494752000000000000e+06
5.555860000000000000e+06
5.613631000000000000e+06
5.667422000000000000e+06
5.717726000000000000e+06
5.764501000000000000e+06
5.808449000000000000e+06
5.849610000000000000e+06
5.887847000000000000e+06
5.923563000000000000e+06
5.956844000000000000e+06
5.988007000000000000e+06
6.016915000000000000e+06
6.043578000000000000e+06
6.068513000000000000e+06
