1.000000000000000000e+02
2.290000000000000000e+02
3.330000000000000000e+02
4.230000000000000000e+02
5.240000000000000000e+02
6.340000000000000000e+02
7.240000000000000000e+02
8.170000000000000000e+02
9.430000000000000000e+02
1.039000000000000000e+03
1.147000000000000000e+03
1.265000000000000000e+03
1.396000000000000000e+03
1.532000000000000000e+03
1.637000000000000000e+03
1.773000000000000000e+03
1.917000000000000000e+03
2.049000000000000000e+03
2.182000000000000000e+03
2.349000000000000000e+03
2.476000000000000000e+03
2.629000000000000000e+03
2.751000000000000000e+03
2.907000000000000000e+03
3.051000000000000000e+03
3.218000000000000000e+03
3.373000000000000000e+03
3.520000000000000000e+03
3.683000000000000000e+03
3.859000000000000000e+03
4.042000000000000000e+03
4.210000000000000000e+03
4.389000000000000000e+03
4.574000000000000000e+03
4.765000000000000000e+03
4.941000000000000000e+03
5.121000000000000000e+03
5.315000000000000000e+03
5.532000000000000000e+03
5.715000000000000000e+03
5.947000000000000000e+03
6.160000000000000000e+03
6.353000000000000000e+03
6.583000000000000000e+03
6.843000000000000000e+03
7.086000000000000000e+03
7.335000000000000000e+03
7.595000000000000000e+03
7.836000000000000000e+03
8.073000000000000000e+03
8.325000000000000000e+03
8.578000000000000000e+03
8.829000000000000000e+03
9.076000000000000000e+03
9.347000000000000000e+03
9.582000000000000000e+03
9.843000000000000000e+03
1.009000000000000000e+04
1.034500000000000000e+04
1.060300000000000000e+04
1.087600000000000000e+04
1.112700000000000000e+04
1.141000000000000000e+04
1.168900000000000000e+04
1.196900000000000000e+04
1.225900000000000000e+04
1.256100000000000000e+04
1.285400000000000000e+04
1.315000000000000000e+04
1.346000000000000000e+04
1.379800000000000000e+04
1.411500000000000000e+04
1.442300000000000000e+04
1.475500000000000000e+04
1.509600000000000000e+04
1.543200000000000000e+04
1.575000000000000000e+04
1.605600000000000000e+04
1.639500000000000000e+04
1.670800000000000000e+04
1.704400000000000000e+04
1.737700000000000000e+04
1.772000000000000000e+04
1.808400000000000000e+04
1.840100000000000000e+04
1.875400000000000000e+04
1.913200000000000000e+04
1.951900000000000000e+04
1.992600000000000000e+04
2.037000000000000000e+04
2.078800000000000000e+04
2.126200000000000000e+04
2.174100000000000000e+04
2.227300000000000000e+04
2.275100000000000000e+04
2.320600000000000000e+04
2.376600000000000000e+04
2.431400000000000000e+04
2.489300000000000000e+04
2.547400000000000000e+04
2.611500000000000000e+04
2.678500000000000000e+04
2.751600000000000000e+04
2.833200000000000000e+04
2.916100000000000000e+04
3.003400000000000000e+04
3.099700000000000000e+04
3.196200000000000000e+04
3.302700000000000000e+04
3.410600000000000000e+04
3.529800000000000000e+04
3.655100000000000000e+04
3.787900000000000000e+04
3.943400000000000000e+04
4.098500000000000000e+04
4.262300000000000000e+04
4.437500000000000000e+04
4.632000000000000000e+04
4.827200000000000000e+04
5.049500000000000000e+04
5.282000000000000000e+04
5.541800000000000000e+04
5.812800000000000000e+04
6.110000000000000000e+04
6.427400000000000000e+04
6.757200000000000000e+04
7.124100000000000000e+04
7.509500000000000000e+04
7.917900000000000000e+04
8.369900000000000000e+04
8.855400000000000000e+04
9.388100000000000000e+04
9.965100000000000000e+04
1.057520000000000000e+05
1.123800000000000000e+05
1.195650000000000000e+05
1.272510000000000000e+05
1.355970000000000000e+05
1.444060000000000000e+05
1.538380000000000000e+05
1.641520000000000000e+05
1.754140000000000000e+05
1.873770000000000000e+05
2.002820000000000000e+05
2.141680000000000000e+05
2.290850000000000000e+05
2.450420000000000000e+05
2.622810000000000000e+05
2.809510000000000000e+05
3.008450000000000000e+05
3.225420000000000000e+05
3.456300000000000000e+05
3.704060000000000000e+05
3.971560000000000000e+05
4.256690000000000000e+05
4.562540000000000000e+05
4.890210000000000000e+05
5.242540000000000000e+05
5.618360000000000000e+05
6.015010000000000000e+05
6.442780000000000000e+05
6.903440000000000000e+05
7.388820000000000000e+05
7.907590000000000000e+05
8.457000000000000000e+05
9.043840000000000000e+05
9.665380000000000000e+05
1.031177000000000000e+06
1.100015000000000000e+06
1.172967000000000000e+06
1.249171000000000000e+06
1.329891000000000000e+06
1.414801000000000000e+06
1.502536000000000000e+06
1.594822000000000000e+06
1.690864000000000000e+06
1.790640000000000000e+06
1.894151000000000000e+06
2.001604000000000000e+06
2.111857000000000000e+06
2.225563000000000000e+06
2.342592000000000000e+06
2.462113000000000000e+06
2.583744000000000000e+06
2.707257000000000000e+06
2.832962000000000000e+06
2.959711000000000000e+06
3.088007000000000000e+06
3.215884000000000000e+06
3.344412000000000000e+06
3.472910000000000000e+06
3.600267000000000000e+06
3.725990000000000000e+06
3.850065000000000000e+06
3.972493000000000000e+06
4.092769000000000000e+06
4.210408000000000000e+06
4.324883000000000000e+06
4.436257000000000000e+06
4.544607000000000000e+06
