1.000000000000000000e+02
2.220000000000000000e+02
3.300000000000000000e+02
4.260000000000000000e+02
5.160000000000000000e+02
6.120000000000000000e+02
7.070000000000000000e+02
8.180000000000000000e+02
9.160000000000000000e+02
1.015000000000000000e+03
1.107000000000000000e+03
1.181000000000000000e+03
1.280000000000000000e+03
1.358000000000000000e+03
1.443000000000000000e+03
1.541000000000000000e+03
1.635000000000000000e+03
1.728000000000000000e+03
1.831000000000000000e+03
1.938000000000000000e+03
2.044000000000000000e+03
2.146000000000000000e+03
2.284000000000000000e+03
2.402000000000000000e+03
2.527000000000000000e+03
2.637000000000000000e+03
2.759000000000000000e+03
2.886000000000000000e+03
3.013000000000000000e+03
3.131000000000000000e+03
3.237000000000000000e+03
3.367000000000000000e+03
3.495000000000000000e+03
3.622000000000000000e+03
3.749000000000000000e+03
3.886000000000000000e+03
4.030000000000000000e+03
4.169000000000000000e+03
4.269000000000000000e+03
4.384000000000000000e+03
4.507000000000000000e+03
4.621000000000000000e+03
4.744000000000000000e+03
4.868000000000000000e+03
5.003000000000000000e+03
5.148000000000000000e+03
5.302000000000000000e+03
5.405000000000000000e+03
5.523000000000000000e+03
5.656000000000000000e+03
5.786000000000000000e+03
5.922000000000000000e+03
6.051000000000000000e+03
6.168000000000000000e+03
6.286000000000000000e+03
6.419000000000000000e+03
6.562000000000000000e+03
6.698000000000000000e+03
6.829000000000000000e+03
6.985000000000000000e+03
7.130000000000000000e+03
7.268000000000000000e+03
7.417000000000000000e+03
7.567000000000000000e+03
7.731000000000000000e+03
7.900000000000000000e+03
8.051000000000000000e+03
8.231000000000000000e+03
8.408000000000000000e+03
8.563000000000000000e+03
8.771000000000000000e+03
8.947000000000000000e+03
9.169000000000000000e+03
9.381000000000000000e+03
9.581000000000000000e+03
9.763000000000000000e+03
9.973000000000000000e+03
1.020000000000000000e+04
1.038700000000000000e+04
1.063300000000000000e+04
1.087000000000000000e+04
1.108300000000000000e+04
1.129200000000000000e+04
1.152600000000000000e+04
1.174400000000000000e+04
1.197700000000000000e+04
1.220200000000000000e+04
1.244200000000000000e+04
1.264600000000000000e+04
1.289100000000000000e+04
1.313000000000000000e+04
1.335500000000000000e+04
1.361900000000000000e+04
1.385800000000000000e+04
1.412000000000000000e+04
1.440800000000000000e+04
1.468700000000000000e+04
1.493300000000000000e+04
1.525500000000000000e+04
1.553600000000000000e+04
1.581500000000000000e+04
1.610800000000000000e+04
1.641300000000000000e+04
1.670600000000000000e+04
1.699700000000000000e+04
1.732000000000000000e+04
1.766600000000000000e+04
1.798900000000000000e+04
1.833500000000000000e+04
1.866200000000000000e+04
1.903400000000000000e+04
1.935800000000000000e+04
1.969700000000000000e+04
2.004700000000000000e+04
2.041000000000000000e+04
2.075100000000000000e+04
2.109000000000000000e+04
2.149100000000000000e+04
2.189800000000000000e+04
2.229600000000000000e+04
2.270500000000000000e+04
2.314200000000000000e+04
2.362400000000000000e+04
2.407500000000000000e+04
2.458700000000000000e+04
2.509200000000000000e+04
2.564100000000000000e+04
2.619100000000000000e+04
2.679400000000000000e+04
2.743100000000000000e+04
2.812400000000000000e+04
2.883500000000000000e+04
2.960200000000000000e+04
3.036500000000000000e+04
3.123900000000000000e+04
3.209200000000000000e+04
3.302300000000000000e+04
3.406100000000000000e+04
3.509500000000000000e+04
3.623100000000000000e+04
3.746200000000000000e+04
3.877500000000000000e+04
4.013200000000000000e+04
4.168200000000000000e+04
4.331700000000000000e+04
4.504600000000000000e+04
4.687400000000000000e+04
4.884100000000000000e+04
5.101600000000000000e+04
5.321400000000000000e+04
5.549900000000000000e+04
5.808400000000000000e+04
6.079200000000000000e+04
6.393100000000000000e+04
6.714700000000000000e+04
7.053300000000000000e+04
7.417800000000000000e+04
7.810500000000000000e+04
8.226100000000000000e+04
8.691500000000000000e+04
9.185700000000000000e+04
9.731400000000000000e+04
1.030450000000000000e+05
1.092070000000000000e+05
1.157840000000000000e+05
1.227220000000000000e+05
1.301560000000000000e+05
1.383180000000000000e+05
1.470510000000000000e+05
1.562890000000000000e+05
1.663260000000000000e+05
1.772070000000000000e+05
1.890800000000000000e+05
2.017300000000000000e+05
2.153030000000000000e+05
2.298980000000000000e+05
2.455200000000000000e+05
2.622790000000000000e+05
2.803060000000000000e+05
2.996290000000000000e+05
3.208260000000000000e+05
3.432070000000000000e+05
3.675380000000000000e+05
3.934250000000000000e+05
4.210670000000000000e+05
4.509480000000000000e+05
4.826840000000000000e+05
5.166090000000000000e+05
5.525290000000000000e+05
5.912870000000000000e+05
6.326830000000000000e+05
6.770290000000000000e+05
7.240620000000000000e+05
7.739310000000000000e+05
8.269300000000000000e+05
8.829010000000000000e+05
9.425190000000000000e+05
1.005370000000000000e+06
1.071814000000000000e+06
1.141842000000000000e+06
