1.000000000000000000e+02
2.060000000000000000e+02
2.920000000000000000e+02
3.890000000000000000e+02
4.700000000000000000e+02
5.520000000000000000e+02
6.550000000000000000e+02
7.560000000000000000e+02
8.680000000000000000e+02
9.910000000000000000e+02
1.117000000000000000e+03
1.238000000000000000e+03
1.378000000000000000e+03
1.493000000000000000e+03
1.645000000000000000e+03
1.804000000000000000e+03
1.976000000000000000e+03
2.138000000000000000e+03
2.319000000000000000e+03
2.498000000000000000e+03
2.674000000000000000e+03
2.901000000000000000e+03
3.103000000000000000e+03
3.321000000000000000e+03
3.499000000000000000e+03
3.685000000000000000e+03
3.896000000000000000e+03
4.112000000000000000e+03
4.332000000000000000e+03
4.582000000000000000e+03
4.824000000000000000e+03
5.074000000000000000e+03
5.310000000000000000e+03
5.554000000000000000e+03
5.838000000000000000e+03
6.132000000000000000e+03
6.405000000000000000e+03
6.721000000000000000e+03
7.029000000000000000e+03
7.350000000000000000e+03
7.643000000000000000e+03
7.992000000000000000e+03
8.309000000000000000e+03
8.664000000000000000e+03
9.015000000000000000e+03
9.364000000000000000e+03
9.698000000000000000e+03
1.006000000000000000e+04
1.040800000000000000e+04
1.079600000000000000e+04
1.114100000000000000e+04
1.150300000000000000e+04
1.195300000000000000e+04
1.235100000000000000e+04
1.281700000000000000e+04
1.333700000000000000e+04
1.384600000000000000e+04
1.432200000000000000e+04
1.487600000000000000e+04
1.544200000000000000e+04
1.603800000000000000e+04
1.664600000000000000e+04
1.724700000000000000e+04
1.794700000000000000e+04
1.869000000000000000e+04
1.943900000000000000e+04
2.023800000000000000e+04
2.107000000000000000e+04
2.195000000000000000e+04
2.288300000000000000e+04
2.393400000000000000e+04
2.505300000000000000e+04
2.620100000000000000e+04
2.744400000000000000e+04
2.871100000000000000e+04
3.014000000000000000e+04
3.159100000000000000e+04
3.309700000000000000e+04
3.482400000000000000e+04
3.661100000000000000e+04
3.848600000000000000e+04
4.054000000000000000e+04
4.272100000000000000e+04
4.508200000000000000e+04
4.760800000000000000e+04
5.041600000000000000e+04
5.327900000000000000e+04
5.642200000000000000e+04
5.976000000000000000e+04
6.344100000000000000e+04
6.740100000000000000e+04
7.165200000000000000e+04
7.611000000000000000e+04
8.101900000000000000e+04
8.623100000000000000e+04
9.182000000000000000e+04
9.807600000000000000e+04
1.046500000000000000e+05
1.116850000000000000e+05
1.192970000000000000e+05
1.274780000000000000e+05
1.361850000000000000e+05
1.457100000000000000e+05
1.557520000000000000e+05
1.667310000000000000e+05
1.785500000000000000e+05
1.911880000000000000e+05
2.049850000000000000e+05
2.196790000000000000e+05
2.352910000000000000e+05
2.519870000000000000e+05
2.701970000000000000e+05
2.898660000000000000e+05
3.109670000000000000e+05
3.333690000000000000e+05
3.574630000000000000e+05
3.838070000000000000e+05
4.118520000000000000e+05
4.418230000000000000e+05
4.738400000000000000e+05
5.082250000000000000e+05
5.453370000000000000e+05
5.844920000000000000e+05
6.264910000000000000e+05
6.715090000000000000e+05
7.195120000000000000e+05
7.707980000000000000e+05
8.248620000000000000e+05
8.822030000000000000e+05
9.437240000000000000e+05
1.008424000000000000e+06
1.076487000000000000e+06
1.148172000000000000e+06
1.223802000000000000e+06
1.303192000000000000e+06
1.386605000000000000e+06
1.474019000000000000e+06
1.565796000000000000e+06
1.660938000000000000e+06
1.759869000000000000e+06
1.863135000000000000e+06
1.969666000000000000e+06
2.079960000000000000e+06
2.193468000000000000e+06
2.310267000000000000e+06
2.430076000000000000e+06
2.551888000000000000e+06
2.676703000000000000e+06
2.802216000000000000e+06
2.929138000000000000e+06
3.057433000000000000e+06
3.186940000000000000e+06
3.315618000000000000e+06
3.444383000000000000e+06
3.572668000000000000e+06
3.699992000000000000e+06
3.826242000000000000e+06
3.950174000000000000e+06
4.071926000000000000e+06
4.191194000000000000e+06
4.307270000000000000e+06
4.420603000000000000e+06
4.530351000000000000e+06
4.636397000000000000e+06
4.738425000000000000e+06
4.836872000000000000e+06
4.930915000000000000e+06
5.020814000000000000e+06
5.106539000000000000e+06
5.188625000000000000e+06
5.265920000000000000e+06
5.339397000000000000e+06
5.408526000000000000e+06
5.473521000000000000e+06
5.535360000000000000e+06
5.593256000000000000e+06
5.648483000000000000e+06
5.699805000000000000e+06
5.747903000000000000e+06
5.792655000000000000e+06
5.834661000000000000e+06
5.873901000000000000e+06
5.910453000000000000e+06
5.944766000000000000e+06
5.976592000000000000e+06
6.006249000000000000e+06
6.033881000000000000e+06
6.059808000000000000e+06
6.083393000000000000e+06
6.105333000000000000e+06
6.125685000000000000e+06
6.144736000000000000e+06
6.162314000000000000e+06
6.178413000000000000e+06
6.193500000000000000e+06
6.207323000000000000e+06
6.220297000000000000e+06
6.232057000000000000e+06
6.242757000000000000e+06
6.252925000000000000e+06
