1.000000000000000000e+02
2.230000000000000000e+02
3.520000000000000000e+02
4.330000000000000000e+02
5.480000000000000000e+02
6.560000000000000000e+02
7.690000000000000000e+02
8.740000000000000000e+02
9.920000000000000000e+02
1.109000000000000000e+03
1.226000000000000000e+03
1.357000000000000000e+03
1.494000000000000000e+03
1.642000000000000000e+03
1.766000000000000000e+03
1.915000000000000000e+03
2.071000000000000000e+03
2.216000000000000000e+03
2.364000000000000000e+03
2.525000000000000000e+03
2.683000000000000000e+03
2.862000000000000000e+03
3.022000000000000000e+03
3.205000000000000000e+03
3.379000000000000000e+03
3.581000000000000000e+03
3.794000000000000000e+03
3.997000000000000000e+03
4.197000000000000000e+03
4.409000000000000000e+03
4.601000000000000000e+03
4.807000000000000000e+03
5.010000000000000000e+03
5.224000000000000000e+03
5.469000000000000000e+03
5.703000000000000000e+03
5.937000000000000000e+03
6.168000000000000000e+03
6.420000000000000000e+03
6.673000000000000000e+03
6.914000000000000000e+03
7.167000000000000000e+03
7.450000000000000000e+03
7.716000000000000000e+03
8.007000000000000000e+03
8.313000000000000000e+03
8.604000000000000000e+03
8.881000000000000000e+03
9.182000000000000000e+03
9.514000000000000000e+03
9.849000000000000000e+03
1.012000000000000000e+04
1.042400000000000000e+04
1.073200000000000000e+04
1.105400000000000000e+04
1.139700000000000000e+04
1.173000000000000000e+04
1.205600000000000000e+04
1.238800000000000000e+04
1.271000000000000000e+04
1.308500000000000000e+04
1.343800000000000000e+04
1.383500000000000000e+04
1.420500000000000000e+04
1.458200000000000000e+04
1.498000000000000000e+04
1.533900000000000000e+04
1.573500000000000000e+04
1.609900000000000000e+04
1.648700000000000000e+04
1.688100000000000000e+04
1.732900000000000000e+04
1.780400000000000000e+04
1.827500000000000000e+04
1.877500000000000000e+04
1.930300000000000000e+04
1.981800000000000000e+04
2.041900000000000000e+04
2.099500000000000000e+04
2.158600000000000000e+04
2.222700000000000000e+04
2.287800000000000000e+04
2.359400000000000000e+04
2.432400000000000000e+04
2.509500000000000000e+04
2.591400000000000000e+04
2.683000000000000000e+04
2.780700000000000000e+04
2.885900000000000000e+04
2.991700000000000000e+04
3.107600000000000000e+04
3.233000000000000000e+04
3.362000000000000000e+04
3.501700000000000000e+04
3.656500000000000000e+04
3.824600000000000000e+04
4.007200000000000000e+04
4.198400000000000000e+04
4.399800000000000000e+04
4.621400000000000000e+04
4.858900000000000000e+04
5.112800000000000000e+04
5.382000000000000000e+04
5.673000000000000000e+04
5.991900000000000000e+04
6.325000000000000000e+04
6.675500000000000000e+04
7.079600000000000000e+04
7.493300000000000000e+04
7.937400000000000000e+04
8.421000000000000000e+04
8.949300000000000000e+04
9.522200000000000000e+04
1.012360000000000000e+05
1.078290000000000000e+05
1.147810000000000000e+05
1.222720000000000000e+05
1.302860000000000000e+05
1.392140000000000000e+05
1.487640000000000000e+05
1.590380000000000000e+05
1.700190000000000000e+05
1.819450000000000000e+05
1.947210000000000000e+05
2.085430000000000000e+05
2.232960000000000000e+05
2.387850000000000000e+05
2.558050000000000000e+05
2.740020000000000000e+05
2.934650000000000000e+05
3.145010000000000000e+05
3.368630000000000000e+05
3.608130000000000000e+05
3.865880000000000000e+05
4.142090000000000000e+05
4.437030000000000000e+05
4.754570000000000000e+05
5.094820000000000000e+05
5.458590000000000000e+05
5.844430000000000000e+05
6.258980000000000000e+05
6.700750000000000000e+05
7.174240000000000000e+05
7.675420000000000000e+05
8.206370000000000000e+05
8.773890000000000000e+05
9.371310000000000000e+05
1.000920000000000000e+06
1.068146000000000000e+06
1.138900000000000000e+06
1.213717000000000000e+06
1.292590000000000000e+06
1.375727000000000000e+06
1.462690000000000000e+06
1.553459000000000000e+06
1.648228000000000000e+06
1.746610000000000000e+06
1.848122000000000000e+06
1.953910000000000000e+06
2.063207000000000000e+06
2.175451000000000000e+06
2.291062000000000000e+06
2.409186000000000000e+06
2.529635000000000000e+06
2.652570000000000000e+06
2.777908000000000000e+06
2.904211000000000000e+06
3.032035000000000000e+06
3.160547000000000000e+06
3.289396000000000000e+06
3.418431000000000000e+06
3.545864000000000000e+06
3.672901000000000000e+06
3.798201000000000000e+06
3.921626000000000000e+06
4.043388000000000000e+06
4.162576000000000000e+06
4.278394000000000000e+06
4.391259000000000000e+06
4.500893000000000000e+06
4.607260000000000000e+06
4.709385000000000000e+06
4.807759000000000000e+06
4.902268000000000000e+06
4.992617000000000000e+06
5.079291000000000000e+06
5.161873000000000000e+06
5.240378000000000000e+06
5.315066000000000000e+06
5.385928000000000000e+06
5.452882000000000000e+06
5.515919000000000000e+06
5.575278000000000000e+06
5.630947000000000000e+06
5.682850000000000000e+06
5.731770000000000000e+06
5.777740000000000000e+06
5.820590000000000000e+06
5.860596000000000000e+06
5.897864000000000000e+06
