1.000000000000000000e+02
2.170000000000000000e+02
3.240000000000000000e+02
4.170000000000000000e+02
5.050000000000000000e+02
6.000000000000000000e+02
7.090000000000000000e+02
8.270000000000000000e+02
9.190000000000000000e+02
1.030000000000000000e+03
1.156000000000000000e+03
1.284000000000000000e+03
1.404000000000000000e+03
1.534000000000000000e+03
1.674000000000000000e+03
1.830000000000000000e+03
1.978000000000000000e+03
2.138000000000000000e+03
2.291000000000000000e+03
2.490000000000000000e+03
2.674000000000000000e+03
2.840000000000000000e+03
3.030000000000000000e+03
3.221000000000000000e+03
3.418000000000000000e+03
3.630000000000000000e+03
3.838000000000000000e+03
4.047000000000000000e+03
4.251000000000000000e+03
4.451000000000000000e+03
4.642000000000000000e+03
4.842000000000000000e+03
5.051000000000000000e+03
5.267000000000000000e+03
5.497000000000000000e+03
5.723000000000000000e+03
5.924000000000000000e+03
6.130000000000000000e+03
6.358000000000000000e+03
6.592000000000000000e+03
6.789000000000000000e+03
7.018000000000000000e+03
7.235000000000000000e+03
7.491000000000000000e+03
7.731000000000000000e+03
7.953000000000000000e+03
8.197000000000000000e+03
8.433000000000000000e+03
8.671000000000000000e+03
8.912000000000000000e+03
9.154000000000000000e+03
9.413000000000000000e+03
9.676000000000000000e+03
9.941000000000000000e+03
1.022900000000000000e+04
1.051000000000000000e+04
1.080400000000000000e+04
1.111300000000000000e+04
1.141600000000000000e+04
1.174700000000000000e+04
1.205200000000000000e+04
1.235500000000000000e+04
1.265900000000000000e+04
1.297600000000000000e+04
1.330800000000000000e+04
1.359800000000000000e+04
1.394300000000000000e+04
1.425500000000000000e+04
1.458100000000000000e+04
1.492900000000000000e+04
1.525300000000000000e+04
1.559800000000000000e+04
1.594400000000000000e+04
1.630000000000000000e+04
1.667300000000000000e+04
1.708000000000000000e+04
1.746000000000000000e+04
1.787700000000000000e+04
1.830900000000000000e+04
1.876200000000000000e+04
1.918700000000000000e+04
1.959100000000000000e+04
2.005500000000000000e+04
2.054400000000000000e+04
2.105600000000000000e+04
2.156900000000000000e+04
2.207400000000000000e+04
2.265100000000000000e+04
2.324500000000000000e+04
2.388600000000000000e+04
2.457600000000000000e+04
2.533100000000000000e+04
2.612400000000000000e+04
2.693200000000000000e+04
2.781100000000000000e+04
2.873400000000000000e+04
2.973700000000000000e+04
3.080300000000000000e+04
3.188300000000000000e+04
3.309100000000000000e+04
3.432100000000000000e+04
3.564300000000000000e+04
3.705700000000000000e+04
3.858900000000000000e+04
4.023600000000000000e+04
4.202700000000000000e+04
4.402400000000000000e+04
4.607400000000000000e+04
4.823800000000000000e+04
5.052200000000000000e+04
5.294500000000000000e+04
5.558400000000000000e+04
5.832200000000000000e+04
6.151400000000000000e+04
6.476800000000000000e+04
6.831200000000000000e+04
7.224500000000000000e+04
7.644800000000000000e+04
8.089000000000000000e+04
8.570000000000000000e+04
9.082700000000000000e+04
9.637000000000000000e+04
1.024430000000000000e+05
1.089520000000000000e+05
1.159880000000000000e+05
1.233780000000000000e+05
1.314820000000000000e+05
1.402400000000000000e+05
1.494360000000000000e+05
1.594360000000000000e+05
1.702670000000000000e+05
1.820200000000000000e+05
1.944720000000000000e+05
2.077470000000000000e+05
2.223030000000000000e+05
2.382300000000000000e+05
2.550050000000000000e+05
2.730800000000000000e+05
2.924650000000000000e+05
3.131910000000000000e+05
3.353000000000000000e+05
3.590560000000000000e+05
3.847420000000000000e+05
4.119920000000000000e+05
4.414360000000000000e+05
4.730720000000000000e+05
5.069810000000000000e+05
5.436040000000000000e+05
5.822940000000000000e+05
6.240200000000000000e+05
6.681910000000000000e+05
7.155410000000000000e+05
7.659600000000000000e+05
8.191720000000000000e+05
8.754760000000000000e+05
9.354100000000000000e+05
9.993350000000000000e+05
1.066653000000000000e+06
1.137779000000000000e+06
1.212457000000000000e+06
1.291308000000000000e+06
1.373717000000000000e+06
1.460406000000000000e+06
1.551003000000000000e+06
1.645167000000000000e+06
1.742773000000000000e+06
1.844733000000000000e+06
1.950058000000000000e+06
2.058615000000000000e+06
2.170997000000000000e+06
2.285970000000000000e+06
2.403863000000000000e+06
2.524289000000000000e+06
2.646933000000000000e+06
2.771348000000000000e+06
2.897343000000000000e+06
3.024043000000000000e+06
3.152630000000000000e+06
3.280875000000000000e+06
3.408852000000000000e+06
3.536365000000000000e+06
3.663448000000000000e+06
3.789179000000000000e+06
3.913560000000000000e+06
4.035043000000000000e+06
4.154502000000000000e+06
4.271481000000000000e+06
4.385115000000000000e+06
4.494933000000000000e+06
4.601445000000000000e+06
4.703788000000000000e+06
4.803285000000000000e+06
4.898076000000000000e+06
4.988627000000000000e+06
5.075042000000000000e+06
5.157640000000000000e+06
5.236166000000000000e+06
5.311001000000000000e+06
5.381497000000000000e+06
5.447913000000000000e+06
