1.000000000000000000e+02
2.180000000000000000e+02
3.390000000000000000e+02
4.340000000000000000e+02
5.520000000000000000e+02
6.680000000000000000e+02
7.750000000000000000e+02
8.900000000000000000e+02
1.014000000000000000e+03
1.122000000000000000e+03
1.233000000000000000e+03
1.351000000000000000e+03
1.459000000000000000e+03
1.596000000000000000e+03
1.733000000000000000e+03
1.869000000000000000e+03
2.000000000000000000e+03
2.164000000000000000e+03
2.301000000000000000e+03
2.430000000000000000e+03
2.574000000000000000e+03
2.724000000000000000e+03
2.912000000000000000e+03
3.057000000000000000e+03
3.210000000000000000e+03
3.399000000000000000e+03
3.590000000000000000e+03
3.800000000000000000e+03
3.995000000000000000e+03
4.185000000000000000e+03
4.395000000000000000e+03
4.585000000000000000e+03
4.757000000000000000e+03
4.958000000000000000e+03
5.123000000000000000e+03
5.288000000000000000e+03
5.481000000000000000e+03
5.654000000000000000e+03
5.852000000000000000e+03
6.035000000000000000e+03
6.231000000000000000e+03
6.437000000000000000e+03
6.651000000000000000e+03
6.832000000000000000e+03
7.038000000000000000e+03
7.223000000000000000e+03
7.445000000000000000e+03
7.667000000000000000e+03
7.907000000000000000e+03
8.121000000000000000e+03
8.331000000000000000e+03
8.593000000000000000e+03
8.802000000000000000e+03
9.020000000000000000e+03
9.288000000000000000e+03
9.530000000000000000e+03
9.776000000000000000e+03
1.001400000000000000e+04
1.024300000000000000e+04
1.051300000000000000e+04
1.077500000000000000e+04
1.105800000000000000e+04
1.133200000000000000e+04
1.162900000000000000e+04
1.191700000000000000e+04
1.220300000000000000e+04
1.249200000000000000e+04
1.277800000000000000e+04
1.310200000000000000e+04
1.338700000000000000e+04
1.373200000000000000e+04
1.409300000000000000e+04
1.444300000000000000e+04
1.479700000000000000e+04
1.516400000000000000e+04
1.550800000000000000e+04
1.585200000000000000e+04
1.623000000000000000e+04
1.661200000000000000e+04
1.704600000000000000e+04
1.744000000000000000e+04
1.783000000000000000e+04
1.823200000000000000e+04
1.869400000000000000e+04
1.919200000000000000e+04
1.964600000000000000e+04
2.010600000000000000e+04
2.065700000000000000e+04
2.115000000000000000e+04
2.166500000000000000e+04
2.225200000000000000e+04
2.287000000000000000e+04
2.345600000000000000e+04
2.405200000000000000e+04
2.470100000000000000e+04
2.544400000000000000e+04
2.616100000000000000e+04
2.692600000000000000e+04
2.767500000000000000e+04
2.854400000000000000e+04
2.952900000000000000e+04
3.049800000000000000e+04
3.156500000000000000e+04
3.268900000000000000e+04
3.392200000000000000e+04
3.519800000000000000e+04
3.662200000000000000e+04
3.818400000000000000e+04
3.989300000000000000e+04
4.175200000000000000e+04
4.372600000000000000e+04
4.579500000000000000e+04
4.801100000000000000e+04
5.044800000000000000e+04
5.297300000000000000e+04
5.576300000000000000e+04
5.876900000000000000e+04
6.195300000000000000e+04
6.549800000000000000e+04
6.927700000000000000e+04
7.326300000000000000e+04
7.770600000000000000e+04
8.233400000000000000e+04
8.731900000000000000e+04
9.269900000000000000e+04
9.842200000000000000e+04
1.047520000000000000e+05
1.116060000000000000e+05
1.187990000000000000e+05
1.268250000000000000e+05
1.353550000000000000e+05
1.446650000000000000e+05
1.545700000000000000e+05
1.651600000000000000e+05
1.764280000000000000e+05
1.887480000000000000e+05
2.018730000000000000e+05
2.159240000000000000e+05
2.312730000000000000e+05
2.474090000000000000e+05
2.646910000000000000e+05
2.837610000000000000e+05
3.040810000000000000e+05
3.258600000000000000e+05
3.489470000000000000e+05
3.740990000000000000e+05
4.009850000000000000e+05
4.293880000000000000e+05
4.603020000000000000e+05
4.932680000000000000e+05
5.286000000000000000e+05
5.660580000000000000e+05
6.062960000000000000e+05
6.489380000000000000e+05
6.948750000000000000e+05
7.434860000000000000e+05
7.954600000000000000e+05
8.501320000000000000e+05
9.079420000000000000e+05
9.695980000000000000e+05
1.035002000000000000e+06
1.104425000000000000e+06
1.176886000000000000e+06
1.253213000000000000e+06
1.333823000000000000e+06
1.417897000000000000e+06
1.505506000000000000e+06
1.597289000000000000e+06
1.693485000000000000e+06
1.793287000000000000e+06
1.896357000000000000e+06
2.003085000000000000e+06
2.113145000000000000e+06
2.227182000000000000e+06
2.343511000000000000e+06
2.462584000000000000e+06
2.583744000000000000e+06
2.707590000000000000e+06
2.832606000000000000e+06
2.958808000000000000e+06
3.086293000000000000e+06
3.213669000000000000e+06
3.342165000000000000e+06
3.469715000000000000e+06
3.597121000000000000e+06
3.723519000000000000e+06
3.847950000000000000e+06
3.970636000000000000e+06
4.090580000000000000e+06
4.207513000000000000e+06
4.322423000000000000e+06
4.433195000000000000e+06
4.541464000000000000e+06
4.646396000000000000e+06
4.746935000000000000e+06
4.844050000000000000e+06
4.937029000000000000e+06
5.025760000000000000e+06
5.110535000000000000e+06
5.191220000000000000e+06
