1.000000000000000000e+02
2.050000000000000000e+02
3.210000000000000000e+02
4.230000000000000000e+02
5.190000000000000000e+02
6.180000000000000000e+02
7.290000000000000000e+02
8.350000000000000000e+02
9.430000000000000000e+02
1.047000000000000000e+03
1.153000000000000000e+03
1.247000000000000000e+03
1.371000000000000000e+03
1.473000000000000000e+03
1.586000000000000000e+03
1.685000000000000000e+03
1.828000000000000000e+03
1.939000000000000000e+03
2.056000000000000000e+03
2.170000000000000000e+03
2.293000000000000000e+03
2.429000000000000000e+03
2.570000000000000000e+03
2.686000000000000000e+03
2.813000000000000000e+03
2.962000000000000000e+03
3.095000000000000000e+03
3.253000000000000000e+03
3.386000000000000000e+03
3.535000000000000000e+03
3.692000000000000000e+03
3.824000000000000000e+03
3.968000000000000000e+03
4.084000000000000000e+03
4.219000000000000000e+03
4.351000000000000000e+03
4.467000000000000000e+03
4.582000000000000000e+03
4.702000000000000000e+03
4.864000000000000000e+03
5.022000000000000000e+03
5.158000000000000000e+03
5.297000000000000000e+03
5.450000000000000000e+03
5.609000000000000000e+03
5.740000000000000000e+03
5.896000000000000000e+03
6.057000000000000000e+03
6.199000000000000000e+03
6.372000000000000000e+03
6.547000000000000000e+03
6.722000000000000000e+03
6.896000000000000000e+03
7.068000000000000000e+03
7.241000000000000000e+03
7.416000000000000000e+03
7.611000000000000000e+03
7.799000000000000000e+03
7.962000000000000000e+03
8.148000000000000000e+03
8.343000000000000000e+03
8.527000000000000000e+03
8.698000000000000000e+03
8.868000000000000000e+03
9.045000000000000000e+03
9.233000000000000000e+03
9.435000000000000000e+03
9.653000000000000000e+03
9.842000000000000000e+03
1.001800000000000000e+04
1.019200000000000000e+04
1.038000000000000000e+04
1.060200000000000000e+04
1.077600000000000000e+04
1.095400000000000000e+04
1.117900000000000000e+04
1.135000000000000000e+04
1.157600000000000000e+04
1.179000000000000000e+04
1.201600000000000000e+04
1.221100000000000000e+04
1.243500000000000000e+04
1.264900000000000000e+04
1.286000000000000000e+04
1.309700000000000000e+04
1.335200000000000000e+04
1.356700000000000000e+04
1.378000000000000000e+04
1.405300000000000000e+04
1.427700000000000000e+04
1.454900000000000000e+04
1.479700000000000000e+04
1.505000000000000000e+04
1.531400000000000000e+04
1.558100000000000000e+04
1.584400000000000000e+04
1.610400000000000000e+04
1.638200000000000000e+04
1.663900000000000000e+04
1.690800000000000000e+04
1.716200000000000000e+04
1.737000000000000000e+04
1.766700000000000000e+04
1.792000000000000000e+04
1.816100000000000000e+04
1.840300000000000000e+04
1.865000000000000000e+04
1.889000000000000000e+04
1.915100000000000000e+04
1.940000000000000000e+04
1.964200000000000000e+04
1.988300000000000000e+04
2.014300000000000000e+04
2.042500000000000000e+04
2.068200000000000000e+04
2.095100000000000000e+04
2.125800000000000000e+04
2.158000000000000000e+04
2.192100000000000000e+04
2.221600000000000000e+04
2.253600000000000000e+04
2.286600000000000000e+04
2.318900000000000000e+04
2.353200000000000000e+04
2.389400000000000000e+04
2.429100000000000000e+04
2.472300000000000000e+04
2.510700000000000000e+04
2.554200000000000000e+04
2.599100000000000000e+04
2.639900000000000000e+04
2.687300000000000000e+04
2.737400000000000000e+04
2.784600000000000000e+04
2.833900000000000000e+04
2.882300000000000000e+04
2.934000000000000000e+04
2.990200000000000000e+04
3.047700000000000000e+04
3.104900000000000000e+04
3.167600000000000000e+04
3.231500000000000000e+04
3.294300000000000000e+04
3.369000000000000000e+04
3.452400000000000000e+04
3.539100000000000000e+04
3.628900000000000000e+04
3.719600000000000000e+04
3.824300000000000000e+04
3.936200000000000000e+04
4.052300000000000000e+04
4.172900000000000000e+04
4.306200000000000000e+04
4.455500000000000000e+04
4.610900000000000000e+04
4.781300000000000000e+04
4.958700000000000000e+04
5.150600000000000000e+04
5.364500000000000000e+04
5.580200000000000000e+04
5.809700000000000000e+04
6.062900000000000000e+04
6.325900000000000000e+04
6.626400000000000000e+04
6.941200000000000000e+04
7.282700000000000000e+04
7.653500000000000000e+04
8.052900000000000000e+04
8.471700000000000000e+04
8.932100000000000000e+04
9.418700000000000000e+04
9.947400000000000000e+04
1.052050000000000000e+05
1.112710000000000000e+05
1.178570000000000000e+05
1.249340000000000000e+05
1.324860000000000000e+05
1.406830000000000000e+05
1.495450000000000000e+05
1.591330000000000000e+05
1.695830000000000000e+05
1.805840000000000000e+05
1.924360000000000000e+05
2.052860000000000000e+05
2.190330000000000000e+05
2.340810000000000000e+05
2.502430000000000000e+05
2.675440000000000000e+05
2.860770000000000000e+05
3.059170000000000000e+05
3.274000000000000000e+05
3.501320000000000000e+05
3.746680000000000000e+05
4.013700000000000000e+05
4.296630000000000000e+05
4.598680000000000000e+05
4.925930000000000000e+05
5.274250000000000000e+05
5.644250000000000000e+05
6.034800000000000000e+05
