1.000000000000000000e+02
2.120000000000000000e+02
3.130000000000000000e+02
3.860000000000000000e+02
4.850000000000000000e+02
5.740000000000000000e+02
6.510000000000000000e+02
7.400000000000000000e+02
8.110000000000000000e+02
8.970000000000000000e+02
9.840000000000000000e+02
1.090000000000000000e+03
1.203000000000000000e+03
1.306000000000000000e+03
1.398000000000000000e+03
1.489000000000000000e+03
1.624000000000000000e+03
1.734000000000000000e+03
1.853000000000000000e+03
1.985000000000000000e+03
2.114000000000000000e+03
2.217000000000000000e+03
2.361000000000000000e+03
2.485000000000000000e+03
2.624000000000000000e+03
2.762000000000000000e+03
2.917000000000000000e+03
3.066000000000000000e+03
3.207000000000000000e+03
3.362000000000000000e+03
3.518000000000000000e+03
3.682000000000000000e+03
3.856000000000000000e+03
4.024000000000000000e+03
4.211000000000000000e+03
4.387000000000000000e+03
4.554000000000000000e+03
4.733000000000000000e+03
4.908000000000000000e+03
5.079000000000000000e+03
5.273000000000000000e+03
5.471000000000000000e+03
5.648000000000000000e+03
5.816000000000000000e+03
5.999000000000000000e+03
6.194000000000000000e+03
6.396000000000000000e+03
6.604000000000000000e+03
6.777000000000000000e+03
6.989000000000000000e+03
7.213000000000000000e+03
7.421000000000000000e+03
7.640000000000000000e+03
7.880000000000000000e+03
8.132000000000000000e+03
8.408000000000000000e+03
8.667000000000000000e+03
8.993000000000000000e+03
9.298000000000000000e+03
9.589000000000000000e+03
9.917000000000000000e+03
1.024200000000000000e+04
1.055300000000000000e+04
1.083800000000000000e+04
1.118400000000000000e+04
1.151700000000000000e+04
1.184400000000000000e+04
1.217000000000000000e+04
1.250900000000000000e+04
1.285300000000000000e+04
1.320000000000000000e+04
1.358100000000000000e+04
1.396100000000000000e+04
1.436900000000000000e+04
1.476400000000000000e+04
1.516900000000000000e+04
1.559000000000000000e+04
1.600700000000000000e+04
1.642900000000000000e+04
1.690900000000000000e+04
1.734000000000000000e+04
1.782800000000000000e+04
1.825100000000000000e+04
1.876400000000000000e+04
1.927300000000000000e+04
1.984100000000000000e+04
2.039000000000000000e+04
2.095400000000000000e+04
2.160700000000000000e+04
2.225900000000000000e+04
2.293200000000000000e+04
2.365900000000000000e+04
2.441000000000000000e+04
2.525200000000000000e+04
2.607900000000000000e+04
2.701200000000000000e+04
2.793900000000000000e+04
2.898100000000000000e+04
3.007600000000000000e+04
3.126800000000000000e+04
3.246900000000000000e+04
3.378600000000000000e+04
3.520100000000000000e+04
3.674500000000000000e+04
3.836800000000000000e+04
4.011700000000000000e+04
4.200500000000000000e+04
4.397600000000000000e+04
4.616800000000000000e+04
4.843200000000000000e+04
5.087500000000000000e+04
5.353400000000000000e+04
5.641600000000000000e+04
5.948500000000000000e+04
6.275200000000000000e+04
6.628100000000000000e+04
7.002700000000000000e+04
7.403100000000000000e+04
7.846800000000000000e+04
8.326400000000000000e+04
8.825600000000000000e+04
9.379600000000000000e+04
9.968600000000000000e+04
1.060280000000000000e+05
1.129530000000000000e+05
1.203780000000000000e+05
1.284550000000000000e+05
1.371170000000000000e+05
1.463540000000000000e+05
1.563900000000000000e+05
1.673390000000000000e+05
1.790380000000000000e+05
1.917240000000000000e+05
2.053930000000000000e+05
2.200220000000000000e+05
2.356190000000000000e+05
2.525860000000000000e+05
2.705920000000000000e+05
2.899130000000000000e+05
3.110030000000000000e+05
3.334110000000000000e+05
3.573400000000000000e+05
3.830680000000000000e+05
4.112830000000000000e+05
4.408380000000000000e+05
4.728560000000000000e+05
5.067280000000000000e+05
5.431270000000000000e+05
5.824040000000000000e+05
6.241420000000000000e+05
6.683850000000000000e+05
7.158960000000000000e+05
7.664670000000000000e+05
8.199150000000000000e+05
8.770740000000000000e+05
9.375470000000000000e+05
1.001527000000000000e+06
1.069329000000000000e+06
1.140813000000000000e+06
1.215935000000000000e+06
1.294664000000000000e+06
1.377463000000000000e+06
1.464073000000000000e+06
1.554990000000000000e+06
1.649908000000000000e+06
1.748448000000000000e+06
1.851114000000000000e+06
1.956809000000000000e+06
2.066171000000000000e+06
2.179501000000000000e+06
2.295313000000000000e+06
2.413749000000000000e+06
2.535080000000000000e+06
2.658746000000000000e+06
2.784004000000000000e+06
2.911301000000000000e+06
3.039015000000000000e+06
3.167607000000000000e+06
3.296270000000000000e+06
3.424559000000000000e+06
3.552605000000000000e+06
3.680272000000000000e+06
3.806173000000000000e+06
3.930560000000000000e+06
4.052582000000000000e+06
4.172561000000000000e+06
4.289545000000000000e+06
4.402912000000000000e+06
4.513898000000000000e+06
4.621009000000000000e+06
4.723925000000000000e+06
4.822703000000000000e+06
4.917891000000000000e+06
5.008926000000000000e+06
5.095732000000000000e+06
5.178561000000000000e+06
5.256633000000000000e+06
5.331374000000000000e+06
5.401728000000000000e+06
5.468093000000000000e+06
