1.000000000000000000e+02
2.180000000000000000e+02
3.200000000000000000e+02
4.110000000000000000e+02
4.980000000000000000e+02
6.010000000000000000e+02
6.950000000000000000e+02
8.180000000000000000e+02
9.190000000000000000e+02
1.030000000000000000e+03
1.137000000000000000e+03
1.265000000000000000e+03
1.381000000000000000e+03
1.525000000000000000e+03
1.650000000000000000e+03
1.766000000000000000e+03
1.906000000000000000e+03
2.040000000000000000e+03
2.176000000000000000e+03
2.316000000000000000e+03
2.467000000000000000e+03
2.610000000000000000e+03
2.749000000000000000e+03
2.881000000000000000e+03
3.016000000000000000e+03
3.167000000000000000e+03
3.314000000000000000e+03
3.471000000000000000e+03
3.630000000000000000e+03
3.831000000000000000e+03
4.007000000000000000e+03
4.176000000000000000e+03
4.368000000000000000e+03
4.551000000000000000e+03
4.738000000000000000e+03
4.912000000000000000e+03
5.084000000000000000e+03
5.291000000000000000e+03
5.477000000000000000e+03
5.679000000000000000e+03
5.898000000000000000e+03
6.094000000000000000e+03
6.289000000000000000e+03
6.508000000000000000e+03
6.726000000000000000e+03
6.974000000000000000e+03
7.165000000000000000e+03
7.345000000000000000e+03
7.541000000000000000e+03
7.767000000000000000e+03
7.975000000000000000e+03
8.158000000000000000e+03
8.387000000000000000e+03
8.609000000000000000e+03
8.842000000000000000e+03
9.093000000000000000e+03
9.375000000000000000e+03
9.619000000000000000e+03
9.881000000000000000e+03
1.013200000000000000e+04
1.038300000000000000e+04
1.067000000000000000e+04
1.094700000000000000e+04
1.122200000000000000e+04
1.149500000000000000e+04
1.178400000000000000e+04
1.207600000000000000e+04
1.239100000000000000e+04
1.271400000000000000e+04
1.300700000000000000e+04
1.332500000000000000e+04
1.365600000000000000e+04
1.398700000000000000e+04
1.432600000000000000e+04
1.469600000000000000e+04
1.500700000000000000e+04
1.535700000000000000e+04
1.569900000000000000e+04
1.605300000000000000e+04
1.641400000000000000e+04
1.674400000000000000e+04
1.708600000000000000e+04
1.746900000000000000e+04
1.784600000000000000e+04
1.825300000000000000e+04
1.860000000000000000e+04
1.898100000000000000e+04
1.940200000000000000e+04
1.983900000000000000e+04
2.028400000000000000e+04
2.075700000000000000e+04
2.123100000000000000e+04
2.170200000000000000e+04
2.221500000000000000e+04
2.276200000000000000e+04
2.333700000000000000e+04
2.390600000000000000e+04
2.451500000000000000e+04
2.512500000000000000e+04
2.574100000000000000e+04
2.638500000000000000e+04
2.713700000000000000e+04
2.785400000000000000e+04
2.863000000000000000e+04
2.950900000000000000e+04
3.039500000000000000e+04
3.136800000000000000e+04
3.238100000000000000e+04
3.347200000000000000e+04
3.466400000000000000e+04
3.597600000000000000e+04
3.736100000000000000e+04
3.878400000000000000e+04
4.034800000000000000e+04
4.203100000000000000e+04
4.382800000000000000e+04
4.582500000000000000e+04
4.797300000000000000e+04
5.027500000000000000e+04
5.272700000000000000e+04
5.549300000000000000e+04
5.841400000000000000e+04
6.149300000000000000e+04
6.474800000000000000e+04
6.833000000000000000e+04
7.212900000000000000e+04
7.624500000000000000e+04
8.070600000000000000e+04
8.550700000000000000e+04
9.063100000000000000e+04
9.613200000000000000e+04
1.020870000000000000e+05
1.084970000000000000e+05
1.154090000000000000e+05
1.228680000000000000e+05
1.308540000000000000e+05
1.393650000000000000e+05
1.486420000000000000e+05
1.586410000000000000e+05
1.692810000000000000e+05
1.808620000000000000e+05
1.931360000000000000e+05
2.063080000000000000e+05
2.206720000000000000e+05
2.362430000000000000e+05
2.526990000000000000e+05
2.703910000000000000e+05
2.896270000000000000e+05
3.101810000000000000e+05
3.321420000000000000e+05
3.556500000000000000e+05
3.811950000000000000e+05
4.085560000000000000e+05
4.374190000000000000e+05
4.683060000000000000e+05
5.014720000000000000e+05
5.369000000000000000e+05
5.752700000000000000e+05
6.157750000000000000e+05
6.593100000000000000e+05
7.057530000000000000e+05
7.546150000000000000e+05
8.070110000000000000e+05
8.626920000000000000e+05
9.215710000000000000e+05
9.836390000000000000e+05
1.049338000000000000e+06
1.118560000000000000e+06
1.191474000000000000e+06
1.268040000000000000e+06
1.348202000000000000e+06
1.432314000000000000e+06
1.520133000000000000e+06
1.611902000000000000e+06
1.707423000000000000e+06
1.806615000000000000e+06
1.909667000000000000e+06
2.016491000000000000e+06
2.126498000000000000e+06
2.240206000000000000e+06
2.357001000000000000e+06
2.476590000000000000e+06
2.598581000000000000e+06
2.722226000000000000e+06
2.847495000000000000e+06
2.974622000000000000e+06
3.102359000000000000e+06
3.230326000000000000e+06
3.358177000000000000e+06
3.486288000000000000e+06
3.614071000000000000e+06
3.739334000000000000e+06
3.863500000000000000e+06
3.985582000000000000e+06
4.104289000000000000e+06
4.221697000000000000e+06
4.336400000000000000e+06
4.447601000000000000e+06
4.556173000000000000e+06
4.660644000000000000e+06
