1.000000000000000000e+02
2.150000000000000000e+02
3.370000000000000000e+02
4.420000000000000000e+02
5.450000000000000000e+02
6.650000000000000000e+02
7.720000000000000000e+02
9.030000000000000000e+02
1.042000000000000000e+03
1.178000000000000000e+03
1.317000000000000000e+03
1.432000000000000000e+03
1.588000000000000000e+03
1.720000000000000000e+03
1.873000000000000000e+03
2.023000000000000000e+03
2.172000000000000000e+03
2.341000000000000000e+03
2.506000000000000000e+03
2.659000000000000000e+03
2.828000000000000000e+03
2.990000000000000000e+03
3.179000000000000000e+03
3.357000000000000000e+03
3.557000000000000000e+03
3.779000000000000000e+03
3.975000000000000000e+03
4.186000000000000000e+03
4.408000000000000000e+03
4.662000000000000000e+03
4.922000000000000000e+03
5.168000000000000000e+03
5.431000000000000000e+03
5.707000000000000000e+03
5.957000000000000000e+03
6.215000000000000000e+03
6.470000000000000000e+03
6.740000000000000000e+03
7.025000000000000000e+03
7.301000000000000000e+03
7.572000000000000000e+03
7.899000000000000000e+03
8.199000000000000000e+03
8.505000000000000000e+03
8.801000000000000000e+03
9.103000000000000000e+03
9.383000000000000000e+03
9.676000000000000000e+03
9.993000000000000000e+03
1.030200000000000000e+04
1.063500000000000000e+04
1.097900000000000000e+04
1.133200000000000000e+04
1.169300000000000000e+04
1.210100000000000000e+04
1.248900000000000000e+04
1.284500000000000000e+04
1.325200000000000000e+04
1.360900000000000000e+04
1.405800000000000000e+04
1.446700000000000000e+04
1.488600000000000000e+04
1.531500000000000000e+04
1.578800000000000000e+04
1.623200000000000000e+04
1.670000000000000000e+04
1.715200000000000000e+04
1.768200000000000000e+04
1.820100000000000000e+04
1.879400000000000000e+04
1.935800000000000000e+04
1.995500000000000000e+04
2.055800000000000000e+04
2.120100000000000000e+04
2.191400000000000000e+04
2.263700000000000000e+04
2.344000000000000000e+04
2.426600000000000000e+04
2.515300000000000000e+04
2.615600000000000000e+04
2.716500000000000000e+04
2.834000000000000000e+04
2.955000000000000000e+04
3.077200000000000000e+04
3.214300000000000000e+04
3.351800000000000000e+04
3.500800000000000000e+04
3.660600000000000000e+04
3.836900000000000000e+04
4.021500000000000000e+04
4.221200000000000000e+04
4.444700000000000000e+04
4.674200000000000000e+04
4.913500000000000000e+04
5.179000000000000000e+04
5.457200000000000000e+04
5.761200000000000000e+04
6.098200000000000000e+04
6.458700000000000000e+04
6.838100000000000000e+04
7.246200000000000000e+04
7.689600000000000000e+04
8.159000000000000000e+04
8.686400000000000000e+04
9.251000000000000000e+04
9.853400000000000000e+04
1.050660000000000000e+05
1.120580000000000000e+05
1.196450000000000000e+05
1.279820000000000000e+05
1.367190000000000000e+05
1.462710000000000000e+05
1.564160000000000000e+05
1.673420000000000000e+05
1.788290000000000000e+05
1.913370000000000000e+05
2.049150000000000000e+05
2.195920000000000000e+05
2.353780000000000000e+05
2.521420000000000000e+05
2.706590000000000000e+05
2.900770000000000000e+05
3.111220000000000000e+05
3.336020000000000000e+05
3.579250000000000000e+05
3.841880000000000000e+05
4.120500000000000000e+05
4.419200000000000000e+05
4.743400000000000000e+05
5.088070000000000000e+05
5.454160000000000000e+05
5.847640000000000000e+05
6.266000000000000000e+05
6.711690000000000000e+05
7.186650000000000000e+05
7.691110000000000000e+05
8.229040000000000000e+05
8.797760000000000000e+05
9.403390000000000000e+05
1.004078000000000000e+06
1.070767000000000000e+06
1.142363000000000000e+06
1.216914000000000000e+06
1.295245000000000000e+06
1.377630000000000000e+06
1.463719000000000000e+06
1.553601000000000000e+06
1.647135000000000000e+06
1.744921000000000000e+06
1.846848000000000000e+06
1.951845000000000000e+06
2.060678000000000000e+06
2.172589000000000000e+06
2.287803000000000000e+06
2.405600000000000000e+06
2.525867000000000000e+06
2.648780000000000000e+06
2.772969000000000000e+06
2.898753000000000000e+06
3.025784000000000000e+06
3.153333000000000000e+06
3.281613000000000000e+06
3.409235000000000000e+06
3.536709000000000000e+06
3.663072000000000000e+06
3.788163000000000000e+06
3.912158000000000000e+06
4.033654000000000000e+06
4.152494000000000000e+06
4.268790000000000000e+06
4.381611000000000000e+06
4.491068000000000000e+06
4.597384000000000000e+06
4.699682000000000000e+06
4.797709000000000000e+06
4.892250000000000000e+06
4.983223000000000000e+06
5.069797000000000000e+06
5.152348000000000000e+06
5.231117000000000000e+06
5.305544000000000000e+06
5.375664000000000000e+06
5.442251000000000000e+06
5.505560000000000000e+06
5.564115000000000000e+06
5.619814000000000000e+06
5.672054000000000000e+06
5.720698000000000000e+06
5.766561000000000000e+06
5.809126000000000000e+06
5.849045000000000000e+06
5.886394000000000000e+06
5.921636000000000000e+06
5.954257000000000000e+06
5.984352000000000000e+06
6.012537000000000000e+06
6.038451000000000000e+06
6.062491000000000000e+06
6.085284000000000000e+06
6.105952000000000000e+06
