1.000000000000000000e+02
2.060000000000000000e+02
3.160000000000000000e+02
4.220000000000000000e+02
5.240000000000000000e+02
6.240000000000000000e+02
7.280000000000000000e+02
8.250000000000000000e+02
9.440000000000000000e+02
1.083000000000000000e+03
1.177000000000000000e+03
1.284000000000000000e+03
1.393000000000000000e+03
1.495000000000000000e+03
1.579000000000000000e+03
1.688000000000000000e+03
1.775000000000000000e+03
1.882000000000000000e+03
2.009000000000000000e+03
2.117000000000000000e+03
2.216000000000000000e+03
2.298000000000000000e+03
2.424000000000000000e+03
2.509000000000000000e+03
2.603000000000000000e+03
2.695000000000000000e+03
2.783000000000000000e+03
2.872000000000000000e+03
2.972000000000000000e+03
3.060000000000000000e+03
3.155000000000000000e+03
3.239000000000000000e+03
3.317000000000000000e+03
3.408000000000000000e+03
3.487000000000000000e+03
3.578000000000000000e+03
3.670000000000000000e+03
3.756000000000000000e+03
3.832000000000000000e+03
3.933000000000000000e+03
4.005000000000000000e+03
4.084000000000000000e+03
4.165000000000000000e+03
4.260000000000000000e+03
4.352000000000000000e+03
4.453000000000000000e+03
4.555000000000000000e+03
4.654000000000000000e+03
4.765000000000000000e+03
4.879000000000000000e+03
4.986000000000000000e+03
5.087000000000000000e+03
5.193000000000000000e+03
5.294000000000000000e+03
5.391000000000000000e+03
5.509000000000000000e+03
5.617000000000000000e+03
5.719000000000000000e+03
5.825000000000000000e+03
5.952000000000000000e+03
6.087000000000000000e+03
6.213000000000000000e+03
6.327000000000000000e+03
6.439000000000000000e+03
6.555000000000000000e+03
6.677000000000000000e+03
6.815000000000000000e+03
6.956000000000000000e+03
7.093000000000000000e+03
7.241000000000000000e+03
7.411000000000000000e+03
7.561000000000000000e+03
7.714000000000000000e+03
7.866000000000000000e+03
8.016000000000000000e+03
8.180000000000000000e+03
8.356000000000000000e+03
8.525000000000000000e+03
8.692000000000000000e+03
8.846000000000000000e+03
9.011000000000000000e+03
9.171000000000000000e+03
9.324000000000000000e+03
9.494000000000000000e+03
9.655000000000000000e+03
9.804000000000000000e+03
9.959000000000000000e+03
1.012900000000000000e+04
1.028000000000000000e+04
1.043300000000000000e+04
1.060400000000000000e+04
1.078400000000000000e+04
1.096700000000000000e+04
1.111500000000000000e+04
1.130800000000000000e+04
1.151100000000000000e+04
1.169300000000000000e+04
1.188700000000000000e+04
1.209700000000000000e+04
1.230400000000000000e+04
1.250200000000000000e+04
1.273700000000000000e+04
1.296000000000000000e+04
1.315600000000000000e+04
1.337900000000000000e+04
1.362400000000000000e+04
1.388000000000000000e+04
1.411700000000000000e+04
1.436100000000000000e+04
1.464600000000000000e+04
1.492100000000000000e+04
1.520600000000000000e+04
1.552500000000000000e+04
1.581600000000000000e+04
1.609700000000000000e+04
1.642700000000000000e+04
1.674200000000000000e+04
1.705400000000000000e+04
1.737400000000000000e+04
1.769300000000000000e+04
1.805700000000000000e+04
1.839900000000000000e+04
1.876600000000000000e+04
1.913200000000000000e+04
1.951900000000000000e+04
1.990800000000000000e+04
2.032800000000000000e+04
2.076400000000000000e+04
2.118900000000000000e+04
2.162700000000000000e+04
2.206100000000000000e+04
2.254100000000000000e+04
2.304700000000000000e+04
2.350500000000000000e+04
2.406700000000000000e+04
2.466300000000000000e+04
2.529400000000000000e+04
2.590900000000000000e+04
2.656600000000000000e+04
2.727600000000000000e+04
2.802800000000000000e+04
2.879500000000000000e+04
2.967000000000000000e+04
3.053500000000000000e+04
3.146800000000000000e+04
3.249200000000000000e+04
3.349600000000000000e+04
3.462200000000000000e+04
3.586900000000000000e+04
3.708800000000000000e+04
3.844600000000000000e+04
3.998100000000000000e+04
4.160400000000000000e+04
4.332900000000000000e+04
4.511000000000000000e+04
4.705400000000000000e+04
4.928700000000000000e+04
5.152000000000000000e+04
5.400300000000000000e+04
5.665200000000000000e+04
5.947400000000000000e+04
6.253900000000000000e+04
6.583500000000000000e+04
6.933600000000000000e+04
7.303500000000000000e+04
7.726000000000000000e+04
8.169500000000000000e+04
8.646300000000000000e+04
9.166100000000000000e+04
9.710100000000000000e+04
1.031390000000000000e+05
1.097310000000000000e+05
1.166220000000000000e+05
1.243190000000000000e+05
1.323730000000000000e+05
1.410820000000000000e+05
1.504210000000000000e+05
1.607070000000000000e+05
1.716600000000000000e+05
1.835140000000000000e+05
1.962350000000000000e+05
2.099200000000000000e+05
2.244490000000000000e+05
2.403490000000000000e+05
2.574580000000000000e+05
2.758910000000000000e+05
2.957330000000000000e+05
3.165380000000000000e+05
3.392610000000000000e+05
3.632680000000000000e+05
3.890030000000000000e+05
4.168260000000000000e+05
4.467190000000000000e+05
4.783520000000000000e+05
5.127750000000000000e+05
5.490810000000000000e+05
5.880870000000000000e+05
6.295430000000000000e+05
6.735090000000000000e+05
7.207240000000000000e+05
