1.000000000000000000e+02
2.130000000000000000e+02
3.180000000000000000e+02
4.200000000000000000e+02
5.150000000000000000e+02
6.310000000000000000e+02
7.380000000000000000e+02
8.500000000000000000e+02
9.790000000000000000e+02
1.109000000000000000e+03
1.226000000000000000e+03
1.354000000000000000e+03
1.474000000000000000e+03
1.620000000000000000e+03
1.769000000000000000e+03
1.901000000000000000e+03
2.015000000000000000e+03
2.134000000000000000e+03
2.272000000000000000e+03
2.422000000000000000e+03
2.574000000000000000e+03
2.703000000000000000e+03
2.829000000000000000e+03
2.959000000000000000e+03
3.067000000000000000e+03
3.195000000000000000e+03
3.320000000000000000e+03
3.446000000000000000e+03
3.572000000000000000e+03
3.683000000000000000e+03
3.846000000000000000e+03
3.991000000000000000e+03
4.124000000000000000e+03
4.260000000000000000e+03
4.421000000000000000e+03
4.540000000000000000e+03
4.692000000000000000e+03
4.838000000000000000e+03
4.997000000000000000e+03
5.157000000000000000e+03
5.329000000000000000e+03
5.475000000000000000e+03
5.644000000000000000e+03
5.801000000000000000e+03
5.951000000000000000e+03
6.117000000000000000e+03
6.269000000000000000e+03
6.447000000000000000e+03
6.597000000000000000e+03
6.791000000000000000e+03
6.978000000000000000e+03
7.137000000000000000e+03
7.315000000000000000e+03
7.505000000000000000e+03
7.706000000000000000e+03
7.920000000000000000e+03
8.133000000000000000e+03
8.376000000000000000e+03
8.638000000000000000e+03
8.890000000000000000e+03
9.107000000000000000e+03
9.362000000000000000e+03
9.588000000000000000e+03
9.803000000000000000e+03
1.003100000000000000e+04
1.027400000000000000e+04
1.047200000000000000e+04
1.067500000000000000e+04
1.089200000000000000e+04
1.112700000000000000e+04
1.133500000000000000e+04
1.153800000000000000e+04
1.177800000000000000e+04
1.199900000000000000e+04
1.223500000000000000e+04
1.246600000000000000e+04
1.267700000000000000e+04
1.289300000000000000e+04
1.312500000000000000e+04
1.337500000000000000e+04
1.360300000000000000e+04
1.386500000000000000e+04
1.412100000000000000e+04
1.436400000000000000e+04
1.464500000000000000e+04
1.490800000000000000e+04
1.517100000000000000e+04
1.544200000000000000e+04
1.569400000000000000e+04
1.597000000000000000e+04
1.623700000000000000e+04
1.655000000000000000e+04
1.684100000000000000e+04
1.710200000000000000e+04
1.737600000000000000e+04
1.771600000000000000e+04
1.798700000000000000e+04
1.828600000000000000e+04
1.860800000000000000e+04
1.894100000000000000e+04
1.927100000000000000e+04
1.961600000000000000e+04
1.993600000000000000e+04
2.025000000000000000e+04
2.059100000000000000e+04
2.091800000000000000e+04
2.127800000000000000e+04
2.166800000000000000e+04
2.204800000000000000e+04
2.246700000000000000e+04
2.286000000000000000e+04
2.326300000000000000e+04
2.372300000000000000e+04
2.416200000000000000e+04
2.465800000000000000e+04
2.514500000000000000e+04
2.568800000000000000e+04
2.623100000000000000e+04
2.679400000000000000e+04
2.736300000000000000e+04
2.796600000000000000e+04
2.859800000000000000e+04
2.923500000000000000e+04
2.988100000000000000e+04
3.064800000000000000e+04
3.141200000000000000e+04
3.224100000000000000e+04
3.308900000000000000e+04
3.398900000000000000e+04
3.496600000000000000e+04
3.602600000000000000e+04
3.713700000000000000e+04
3.830800000000000000e+04
3.967300000000000000e+04
4.104900000000000000e+04
4.242700000000000000e+04
4.397000000000000000e+04
4.556200000000000000e+04
4.739300000000000000e+04
4.940000000000000000e+04
5.146300000000000000e+04
5.367100000000000000e+04
5.609600000000000000e+04
5.866900000000000000e+04
6.130100000000000000e+04
6.416100000000000000e+04
6.729400000000000000e+04
7.066200000000000000e+04
7.433800000000000000e+04
7.821100000000000000e+04
8.237700000000000000e+04
8.691600000000000000e+04
9.178700000000000000e+04
9.712400000000000000e+04
1.029730000000000000e+05
1.090940000000000000e+05
1.157080000000000000e+05
1.229390000000000000e+05
1.306570000000000000e+05
1.388770000000000000e+05
1.478320000000000000e+05
1.571980000000000000e+05
1.672180000000000000e+05
1.781840000000000000e+05
1.901310000000000000e+05
2.029440000000000000e+05
2.164810000000000000e+05
2.312300000000000000e+05
2.471330000000000000e+05
2.643950000000000000e+05
2.827410000000000000e+05
3.024480000000000000e+05
3.237170000000000000e+05
3.467700000000000000e+05
3.711540000000000000e+05
3.973440000000000000e+05
4.255530000000000000e+05
4.558110000000000000e+05
4.877950000000000000e+05
5.218120000000000000e+05
5.581590000000000000e+05
5.973070000000000000e+05
6.387500000000000000e+05
6.828350000000000000e+05
7.303200000000000000e+05
7.806570000000000000e+05
8.342940000000000000e+05
8.907830000000000000e+05
9.503020000000000000e+05
1.013599000000000000e+06
1.080486000000000000e+06
1.150692000000000000e+06
1.224780000000000000e+06
1.302720000000000000e+06
1.384345000000000000e+06
1.470191000000000000e+06
1.560055000000000000e+06
1.652699000000000000e+06
1.749798000000000000e+06
1.850352000000000000e+06
