1.000000000000000000e+02
2.220000000000000000e+02
3.090000000000000000e+02
3.950000000000000000e+02
5.040000000000000000e+02
5.890000000000000000e+02
6.790000000000000000e+02
7.730000000000000000e+02
8.840000000000000000e+02
9.950000000000000000e+02
1.098000000000000000e+03
1.198000000000000000e+03
1.324000000000000000e+03
1.440000000000000000e+03
1.559000000000000000e+03
1.722000000000000000e+03
1.861000000000000000e+03
1.995000000000000000e+03
2.134000000000000000e+03
2.272000000000000000e+03
2.403000000000000000e+03
2.546000000000000000e+03
2.687000000000000000e+03
2.824000000000000000e+03
2.981000000000000000e+03
3.134000000000000000e+03
3.292000000000000000e+03
3.434000000000000000e+03
3.596000000000000000e+03
3.737000000000000000e+03
3.914000000000000000e+03
4.080000000000000000e+03
4.224000000000000000e+03
4.365000000000000000e+03
4.540000000000000000e+03
4.708000000000000000e+03
4.875000000000000000e+03
5.056000000000000000e+03
5.230000000000000000e+03
5.403000000000000000e+03
5.572000000000000000e+03
5.791000000000000000e+03
5.975000000000000000e+03
6.169000000000000000e+03
6.386000000000000000e+03
6.586000000000000000e+03
6.804000000000000000e+03
7.029000000000000000e+03
7.220000000000000000e+03
7.433000000000000000e+03
7.659000000000000000e+03
7.891000000000000000e+03
8.108000000000000000e+03
8.351000000000000000e+03
8.578000000000000000e+03
8.829000000000000000e+03
9.081000000000000000e+03
9.322000000000000000e+03
9.577000000000000000e+03
9.832000000000000000e+03
1.010400000000000000e+04
1.039200000000000000e+04
1.067900000000000000e+04
1.096800000000000000e+04
1.129000000000000000e+04
1.158000000000000000e+04
1.188400000000000000e+04
1.222800000000000000e+04
1.256500000000000000e+04
1.284400000000000000e+04
1.320500000000000000e+04
1.352800000000000000e+04
1.383100000000000000e+04
1.417800000000000000e+04
1.447700000000000000e+04
1.479700000000000000e+04
1.511900000000000000e+04
1.541600000000000000e+04
1.574800000000000000e+04
1.608000000000000000e+04
1.639700000000000000e+04
1.674300000000000000e+04
1.714700000000000000e+04
1.751100000000000000e+04
1.787600000000000000e+04
1.824700000000000000e+04
1.862600000000000000e+04
1.899900000000000000e+04
1.937600000000000000e+04
1.980800000000000000e+04
2.024000000000000000e+04
2.070800000000000000e+04
2.119500000000000000e+04
2.167200000000000000e+04
2.215800000000000000e+04
2.269100000000000000e+04
2.325800000000000000e+04
2.382600000000000000e+04
2.440000000000000000e+04
2.505900000000000000e+04
2.575900000000000000e+04
2.646200000000000000e+04
2.721900000000000000e+04
2.807000000000000000e+04
2.890900000000000000e+04
2.979600000000000000e+04
3.074100000000000000e+04
3.179000000000000000e+04
3.285600000000000000e+04
3.399300000000000000e+04
3.525200000000000000e+04
3.651400000000000000e+04
3.787900000000000000e+04
3.939700000000000000e+04
4.095800000000000000e+04
4.263600000000000000e+04
4.448700000000000000e+04
4.643000000000000000e+04
4.859500000000000000e+04
5.093300000000000000e+04
5.344900000000000000e+04
5.607400000000000000e+04
5.890600000000000000e+04
6.183200000000000000e+04
6.502700000000000000e+04
6.846500000000000000e+04
7.225100000000000000e+04
7.621300000000000000e+04
8.066000000000000000e+04
8.539900000000000000e+04
9.052300000000000000e+04
9.600700000000000000e+04
1.019380000000000000e+05
1.083720000000000000e+05
1.153170000000000000e+05
1.227110000000000000e+05
1.307500000000000000e+05
1.393930000000000000e+05
1.487180000000000000e+05
1.588890000000000000e+05
1.696430000000000000e+05
1.811650000000000000e+05
1.936300000000000000e+05
2.069350000000000000e+05
2.211860000000000000e+05
2.368640000000000000e+05
2.537040000000000000e+05
2.715600000000000000e+05
2.909800000000000000e+05
3.121240000000000000e+05
3.347670000000000000e+05
3.588240000000000000e+05
3.850520000000000000e+05
4.132480000000000000e+05
4.436070000000000000e+05
4.756960000000000000e+05
5.097010000000000000e+05
5.460930000000000000e+05
5.850210000000000000e+05
6.271770000000000000e+05
6.716360000000000000e+05
7.194390000000000000e+05
7.699670000000000000e+05
8.237390000000000000e+05
8.810260000000000000e+05
9.419710000000000000e+05
1.006122000000000000e+06
1.074005000000000000e+06
1.145574000000000000e+06
1.220622000000000000e+06
1.299720000000000000e+06
1.382598000000000000e+06
1.469703000000000000e+06
1.559860000000000000e+06
1.654765000000000000e+06
1.753034000000000000e+06
1.855767000000000000e+06
1.962059000000000000e+06
2.070986000000000000e+06
2.183415000000000000e+06
2.298660000000000000e+06
2.416471000000000000e+06
2.536777000000000000e+06
2.659855000000000000e+06
2.785231000000000000e+06
2.910785000000000000e+06
3.038116000000000000e+06
3.165860000000000000e+06
3.293624000000000000e+06
3.421240000000000000e+06
3.548298000000000000e+06
3.675053000000000000e+06
3.800118000000000000e+06
3.923301000000000000e+06
4.044174000000000000e+06
4.163135000000000000e+06
4.279175000000000000e+06
4.391756000000000000e+06
4.501495000000000000e+06
4.607567000000000000e+06
