1.000000000000000000e+02
2.100000000000000000e+02
3.150000000000000000e+02
4.220000000000000000e+02
5.310000000000000000e+02
6.320000000000000000e+02
7.580000000000000000e+02
8.740000000000000000e+02
9.720000000000000000e+02
1.102000000000000000e+03
1.207000000000000000e+03
1.344000000000000000e+03
1.457000000000000000e+03
1.589000000000000000e+03
1.755000000000000000e+03
1.893000000000000000e+03
2.036000000000000000e+03
2.185000000000000000e+03
2.377000000000000000e+03
2.539000000000000000e+03
2.718000000000000000e+03
2.911000000000000000e+03
3.107000000000000000e+03
3.292000000000000000e+03
3.457000000000000000e+03
3.659000000000000000e+03
3.859000000000000000e+03
4.067000000000000000e+03
4.259000000000000000e+03
4.438000000000000000e+03
4.634000000000000000e+03
4.846000000000000000e+03
5.082000000000000000e+03
5.278000000000000000e+03
5.480000000000000000e+03
5.660000000000000000e+03
5.859000000000000000e+03
6.077000000000000000e+03
6.305000000000000000e+03
6.523000000000000000e+03
6.722000000000000000e+03
6.921000000000000000e+03
7.109000000000000000e+03
7.322000000000000000e+03
7.543000000000000000e+03
7.787000000000000000e+03
8.036000000000000000e+03
8.271000000000000000e+03
8.511000000000000000e+03
8.726000000000000000e+03
8.980000000000000000e+03
9.227000000000000000e+03
9.478000000000000000e+03
9.747000000000000000e+03
1.002900000000000000e+04
1.032900000000000000e+04
1.058300000000000000e+04
1.085900000000000000e+04
1.117800000000000000e+04
1.150900000000000000e+04
1.178500000000000000e+04
1.208500000000000000e+04
1.236300000000000000e+04
1.270400000000000000e+04
1.302100000000000000e+04
1.337400000000000000e+04
1.374000000000000000e+04
1.407800000000000000e+04
1.447200000000000000e+04
1.484100000000000000e+04
1.522900000000000000e+04
1.562100000000000000e+04
1.604900000000000000e+04
1.646700000000000000e+04
1.689900000000000000e+04
1.734300000000000000e+04
1.773300000000000000e+04
1.817000000000000000e+04
1.864300000000000000e+04
1.910500000000000000e+04
1.962700000000000000e+04
2.012900000000000000e+04
2.064900000000000000e+04
2.120800000000000000e+04
2.182100000000000000e+04
2.244400000000000000e+04
2.311800000000000000e+04
2.381700000000000000e+04
2.446700000000000000e+04
2.517000000000000000e+04
2.594900000000000000e+04
2.681600000000000000e+04
2.772300000000000000e+04
2.868100000000000000e+04
2.968000000000000000e+04
3.078800000000000000e+04
3.188600000000000000e+04
3.308900000000000000e+04
3.441700000000000000e+04
3.579600000000000000e+04
3.726500000000000000e+04
3.886300000000000000e+04
4.052100000000000000e+04
4.230100000000000000e+04
4.418700000000000000e+04
4.617400000000000000e+04
4.834200000000000000e+04
5.082500000000000000e+04
5.339400000000000000e+04
5.615300000000000000e+04
5.908200000000000000e+04
6.225400000000000000e+04
6.556000000000000000e+04
6.916000000000000000e+04
7.307900000000000000e+04
7.725200000000000000e+04
8.170400000000000000e+04
8.659300000000000000e+04
9.179400000000000000e+04
9.743000000000000000e+04
1.035340000000000000e+05
1.099130000000000000e+05
1.168590000000000000e+05
1.243760000000000000e+05
1.324640000000000000e+05
1.411250000000000000e+05
1.505090000000000000e+05
1.606260000000000000e+05
1.712530000000000000e+05
1.826390000000000000e+05
1.950980000000000000e+05
2.086270000000000000e+05
2.228530000000000000e+05
2.382600000000000000e+05
2.549980000000000000e+05
2.730590000000000000e+05
2.922820000000000000e+05
3.128460000000000000e+05
3.350010000000000000e+05
3.588550000000000000e+05
3.847330000000000000e+05
4.123050000000000000e+05
4.417320000000000000e+05
4.735520000000000000e+05
5.073910000000000000e+05
5.437100000000000000e+05
5.823140000000000000e+05
6.238490000000000000e+05
6.681430000000000000e+05
7.145360000000000000e+05
7.647340000000000000e+05
8.180980000000000000e+05
8.747400000000000000e+05
9.348370000000000000e+05
9.982880000000000000e+05
1.065982000000000000e+06
1.137086000000000000e+06
1.211659000000000000e+06
1.290132000000000000e+06
1.372619000000000000e+06
1.459404000000000000e+06
1.549483000000000000e+06
1.643055000000000000e+06
1.740439000000000000e+06
1.842432000000000000e+06
1.947472000000000000e+06
2.056078000000000000e+06
2.168017000000000000e+06
2.282665000000000000e+06
2.400975000000000000e+06
2.521581000000000000e+06
2.644352000000000000e+06
2.769648000000000000e+06
2.896180000000000000e+06
3.023675000000000000e+06
3.151839000000000000e+06
3.280520000000000000e+06
3.409126000000000000e+06
3.537744000000000000e+06
3.665419000000000000e+06
3.791580000000000000e+06
3.915994000000000000e+06
4.038373000000000000e+06
4.157146000000000000e+06
4.274185000000000000e+06
4.388184000000000000e+06
4.499027000000000000e+06
4.606450000000000000e+06
4.709899000000000000e+06
4.809478000000000000e+06
4.904982000000000000e+06
4.996722000000000000e+06
5.084311000000000000e+06
5.168216000000000000e+06
5.247389000000000000e+06
5.322802000000000000e+06
5.393733000000000000e+06
5.461235000000000000e+06
5.524738000000000000e+06
5.584274000000000000e+06
