1.000000000000000000e+02
2.070000000000000000e+02
2.910000000000000000e+02
3.740000000000000000e+02
4.530000000000000000e+02
5.380000000000000000e+02
6.180000000000000000e+02
7.190000000000000000e+02
8.310000000000000000e+02
8.980000000000000000e+02
9.960000000000000000e+02
1.080000000000000000e+03
1.175000000000000000e+03
1.250000000000000000e+03
1.332000000000000000e+03
1.438000000000000000e+03
1.521000000000000000e+03
1.593000000000000000e+03
1.684000000000000000e+03
1.787000000000000000e+03
1.882000000000000000e+03
1.977000000000000000e+03
2.059000000000000000e+03
2.175000000000000000e+03
2.288000000000000000e+03
2.405000000000000000e+03
2.515000000000000000e+03
2.625000000000000000e+03
2.736000000000000000e+03
2.856000000000000000e+03
2.971000000000000000e+03
3.091000000000000000e+03
3.208000000000000000e+03
3.328000000000000000e+03
3.461000000000000000e+03
3.557000000000000000e+03
3.654000000000000000e+03
3.767000000000000000e+03
3.877000000000000000e+03
4.005000000000000000e+03
4.137000000000000000e+03
4.272000000000000000e+03
4.402000000000000000e+03
4.514000000000000000e+03
4.646000000000000000e+03
4.791000000000000000e+03
4.931000000000000000e+03
5.086000000000000000e+03
5.248000000000000000e+03
5.387000000000000000e+03
5.533000000000000000e+03
5.687000000000000000e+03
5.857000000000000000e+03
6.028000000000000000e+03
6.190000000000000000e+03
6.359000000000000000e+03
6.544000000000000000e+03
6.710000000000000000e+03
6.876000000000000000e+03
7.057000000000000000e+03
7.237000000000000000e+03
7.407000000000000000e+03
7.599000000000000000e+03
7.768000000000000000e+03
7.968000000000000000e+03
8.156000000000000000e+03
8.374000000000000000e+03
8.595000000000000000e+03
8.790000000000000000e+03
8.998000000000000000e+03
9.190000000000000000e+03
9.425000000000000000e+03
9.659000000000000000e+03
9.898000000000000000e+03
1.012800000000000000e+04
1.036600000000000000e+04
1.059800000000000000e+04
1.082600000000000000e+04
1.108600000000000000e+04
1.134900000000000000e+04
1.159700000000000000e+04
1.181400000000000000e+04
1.207600000000000000e+04
1.230600000000000000e+04
1.257800000000000000e+04
1.283400000000000000e+04
1.311400000000000000e+04
1.334500000000000000e+04
1.360700000000000000e+04
1.388400000000000000e+04
1.414000000000000000e+04
1.440400000000000000e+04
1.469700000000000000e+04
1.495600000000000000e+04
1.523100000000000000e+04
1.553400000000000000e+04
1.577700000000000000e+04
1.611400000000000000e+04
1.641400000000000000e+04
1.670500000000000000e+04
1.701700000000000000e+04
1.733900000000000000e+04
1.768800000000000000e+04
1.802900000000000000e+04
1.838300000000000000e+04
1.869700000000000000e+04
1.904500000000000000e+04
1.939200000000000000e+04
1.972000000000000000e+04
2.003800000000000000e+04
2.041300000000000000e+04
2.079400000000000000e+04
2.116400000000000000e+04
2.154900000000000000e+04
2.191800000000000000e+04
2.233600000000000000e+04
2.272900000000000000e+04
2.315400000000000000e+04
2.361300000000000000e+04
2.406500000000000000e+04
2.451000000000000000e+04
2.498600000000000000e+04
2.544900000000000000e+04
2.597400000000000000e+04
2.646900000000000000e+04
2.696600000000000000e+04
2.749000000000000000e+04
2.806300000000000000e+04
2.867900000000000000e+04
2.931100000000000000e+04
2.994000000000000000e+04
3.064900000000000000e+04
3.141500000000000000e+04
3.215000000000000000e+04
3.294600000000000000e+04
3.378600000000000000e+04
3.468100000000000000e+04
3.568500000000000000e+04
3.676200000000000000e+04
3.785400000000000000e+04
3.908900000000000000e+04
4.038200000000000000e+04
4.184700000000000000e+04
4.339000000000000000e+04
4.498500000000000000e+04
4.674600000000000000e+04
4.868800000000000000e+04
5.068900000000000000e+04
5.285100000000000000e+04
5.525000000000000000e+04
5.784800000000000000e+04
6.051800000000000000e+04
6.347600000000000000e+04
6.656700000000000000e+04
6.988900000000000000e+04
7.356200000000000000e+04
7.742400000000000000e+04
8.160600000000000000e+04
8.621600000000000000e+04
9.115200000000000000e+04
9.645600000000000000e+04
1.022910000000000000e+05
1.084320000000000000e+05
1.150980000000000000e+05
1.222830000000000000e+05
1.301360000000000000e+05
1.385900000000000000e+05
1.476680000000000000e+05
1.574970000000000000e+05
1.678350000000000000e+05
1.789190000000000000e+05
1.909480000000000000e+05
2.039460000000000000e+05
2.179400000000000000e+05
2.330490000000000000e+05
2.492210000000000000e+05
2.666540000000000000e+05
2.852960000000000000e+05
3.054470000000000000e+05
3.271480000000000000e+05
3.503090000000000000e+05
3.751790000000000000e+05
4.017330000000000000e+05
4.308750000000000000e+05
4.617670000000000000e+05
4.947660000000000000e+05
5.300180000000000000e+05
5.679110000000000000e+05
6.086420000000000000e+05
6.518850000000000000e+05
6.978050000000000000e+05
7.467440000000000000e+05
7.989850000000000000e+05
8.544230000000000000e+05
9.135100000000000000e+05
9.758890000000000000e+05
1.041650000000000000e+06
1.111012000000000000e+06
1.184440000000000000e+06
1.261159000000000000e+06
