1.000000000000000000e+02
2.280000000000000000e+02
3.370000000000000000e+02
4.410000000000000000e+02
5.310000000000000000e+02
6.300000000000000000e+02
7.290000000000000000e+02
8.120000000000000000e+02
9.010000000000000000e+02
1.000000000000000000e+03
1.095000000000000000e+03
1.196000000000000000e+03
1.289000000000000000e+03
1.372000000000000000e+03
1.468000000000000000e+03
1.570000000000000000e+03
1.660000000000000000e+03
1.751000000000000000e+03
1.842000000000000000e+03
1.954000000000000000e+03
2.053000000000000000e+03
2.162000000000000000e+03
2.258000000000000000e+03
2.381000000000000000e+03
2.493000000000000000e+03
2.611000000000000000e+03
2.726000000000000000e+03
2.847000000000000000e+03
2.940000000000000000e+03
3.064000000000000000e+03
3.152000000000000000e+03
3.257000000000000000e+03
3.371000000000000000e+03
3.501000000000000000e+03
3.606000000000000000e+03
3.730000000000000000e+03
3.869000000000000000e+03
4.026000000000000000e+03
4.168000000000000000e+03
4.306000000000000000e+03
4.456000000000000000e+03
4.632000000000000000e+03
4.804000000000000000e+03
4.976000000000000000e+03
5.159000000000000000e+03
5.336000000000000000e+03
5.505000000000000000e+03
5.684000000000000000e+03
5.881000000000000000e+03
6.071000000000000000e+03
6.221000000000000000e+03
6.398000000000000000e+03
6.596000000000000000e+03
6.796000000000000000e+03
7.002000000000000000e+03
7.219000000000000000e+03
7.444000000000000000e+03
7.648000000000000000e+03
7.878000000000000000e+03
8.109000000000000000e+03
8.335000000000000000e+03
8.578000000000000000e+03
8.808000000000000000e+03
9.055000000000000000e+03
9.302000000000000000e+03
9.580000000000000000e+03
9.815000000000000000e+03
1.005900000000000000e+04
1.033000000000000000e+04
1.059300000000000000e+04
1.086000000000000000e+04
1.111500000000000000e+04
1.136500000000000000e+04
1.164000000000000000e+04
1.191500000000000000e+04
1.219400000000000000e+04
1.250600000000000000e+04
1.285300000000000000e+04
1.314500000000000000e+04
1.348200000000000000e+04
1.382400000000000000e+04
1.412200000000000000e+04
1.448800000000000000e+04
1.484800000000000000e+04
1.521800000000000000e+04
1.561700000000000000e+04
1.604400000000000000e+04
1.647800000000000000e+04
1.688600000000000000e+04
1.732600000000000000e+04
1.775100000000000000e+04
1.819400000000000000e+04
1.869700000000000000e+04
1.915000000000000000e+04
1.963500000000000000e+04
2.019000000000000000e+04
2.074100000000000000e+04
2.133700000000000000e+04
2.195200000000000000e+04
2.254500000000000000e+04
2.317200000000000000e+04
2.384400000000000000e+04
2.459800000000000000e+04
2.537300000000000000e+04
2.620000000000000000e+04
2.707200000000000000e+04
2.800700000000000000e+04
2.902800000000000000e+04
3.009000000000000000e+04
3.124900000000000000e+04
3.253600000000000000e+04
3.381500000000000000e+04
3.523100000000000000e+04
3.662100000000000000e+04
3.818000000000000000e+04
3.984700000000000000e+04
4.164300000000000000e+04
4.354800000000000000e+04
4.557700000000000000e+04
4.778800000000000000e+04
5.014700000000000000e+04
5.281600000000000000e+04
5.568600000000000000e+04
5.873000000000000000e+04
6.199500000000000000e+04
6.549300000000000000e+04
6.937000000000000000e+04
7.348200000000000000e+04
7.802700000000000000e+04
8.280700000000000000e+04
8.800200000000000000e+04
9.352500000000000000e+04
9.959000000000000000e+04
1.059220000000000000e+05
1.128810000000000000e+05
1.202830000000000000e+05
1.283150000000000000e+05
1.369720000000000000e+05
1.463030000000000000e+05
1.563390000000000000e+05
1.671240000000000000e+05
1.786040000000000000e+05
1.908850000000000000e+05
2.039060000000000000e+05
2.183630000000000000e+05
2.338480000000000000e+05
2.504080000000000000e+05
2.683180000000000000e+05
2.874740000000000000e+05
3.080670000000000000e+05
3.303980000000000000e+05
3.544340000000000000e+05
3.801730000000000000e+05
4.076680000000000000e+05
4.373310000000000000e+05
4.690830000000000000e+05
5.029310000000000000e+05
5.390100000000000000e+05
5.774640000000000000e+05
6.187090000000000000e+05
6.626200000000000000e+05
7.099620000000000000e+05
7.602140000000000000e+05
8.130750000000000000e+05
8.693960000000000000e+05
9.291570000000000000e+05
9.925520000000000000e+05
1.059699000000000000e+06
1.130143000000000000e+06
1.205186000000000000e+06
1.283458000000000000e+06
1.365464000000000000e+06
1.451771000000000000e+06
1.542353000000000000e+06
1.636415000000000000e+06
1.734281000000000000e+06
1.836606000000000000e+06
1.942834000000000000e+06
2.052203000000000000e+06
2.165423000000000000e+06
2.281302000000000000e+06
2.399622000000000000e+06
2.521475000000000000e+06
2.645565000000000000e+06
2.771150000000000000e+06
2.898254000000000000e+06
3.027328000000000000e+06
3.156757000000000000e+06
3.285751000000000000e+06
3.414437000000000000e+06
3.543434000000000000e+06
3.670726000000000000e+06
3.796801000000000000e+06
3.920625000000000000e+06
4.042666000000000000e+06
4.161851000000000000e+06
4.278424000000000000e+06
4.392036000000000000e+06
4.502854000000000000e+06
4.609803000000000000e+06
