1.000000000000000000e+02
2.160000000000000000e+02
3.210000000000000000e+02
4.170000000000000000e+02
4.990000000000000000e+02
5.890000000000000000e+02
6.750000000000000000e+02
7.640000000000000000e+02
8.400000000000000000e+02
9.090000000000000000e+02
1.000000000000000000e+03
1.081000000000000000e+03
1.170000000000000000e+03
1.248000000000000000e+03
1.320000000000000000e+03
1.415000000000000000e+03
1.523000000000000000e+03
1.595000000000000000e+03
1.692000000000000000e+03
1.782000000000000000e+03
1.882000000000000000e+03
1.970000000000000000e+03
2.086000000000000000e+03
2.202000000000000000e+03
2.312000000000000000e+03
2.418000000000000000e+03
2.534000000000000000e+03
2.649000000000000000e+03
2.728000000000000000e+03
2.837000000000000000e+03
2.959000000000000000e+03
3.053000000000000000e+03
3.173000000000000000e+03
3.335000000000000000e+03
3.485000000000000000e+03
3.628000000000000000e+03
3.784000000000000000e+03
3.932000000000000000e+03
4.052000000000000000e+03
4.206000000000000000e+03
4.338000000000000000e+03
4.492000000000000000e+03
4.629000000000000000e+03
4.790000000000000000e+03
4.954000000000000000e+03
5.115000000000000000e+03
5.285000000000000000e+03
5.452000000000000000e+03
5.596000000000000000e+03
5.745000000000000000e+03
5.894000000000000000e+03
6.034000000000000000e+03
6.162000000000000000e+03
6.309000000000000000e+03
6.447000000000000000e+03
6.619000000000000000e+03
6.789000000000000000e+03
6.948000000000000000e+03
7.127000000000000000e+03
7.304000000000000000e+03
7.502000000000000000e+03
7.685000000000000000e+03
7.883000000000000000e+03
8.055000000000000000e+03
8.251000000000000000e+03
8.457000000000000000e+03
8.660000000000000000e+03
8.863000000000000000e+03
9.074000000000000000e+03
9.279000000000000000e+03
9.500000000000000000e+03
9.729000000000000000e+03
9.932000000000000000e+03
1.014000000000000000e+04
1.032900000000000000e+04
1.052800000000000000e+04
1.073000000000000000e+04
1.095500000000000000e+04
1.116800000000000000e+04
1.138900000000000000e+04
1.158800000000000000e+04
1.178100000000000000e+04
1.200200000000000000e+04
1.222300000000000000e+04
1.243600000000000000e+04
1.266600000000000000e+04
1.287200000000000000e+04
1.307600000000000000e+04
1.328900000000000000e+04
1.350400000000000000e+04
1.370200000000000000e+04
1.391300000000000000e+04
1.414300000000000000e+04
1.432200000000000000e+04
1.452200000000000000e+04
1.470400000000000000e+04
1.492600000000000000e+04
1.514800000000000000e+04
1.537700000000000000e+04
1.560600000000000000e+04
1.581600000000000000e+04
1.602200000000000000e+04
1.622900000000000000e+04
1.646900000000000000e+04
1.672400000000000000e+04
1.694400000000000000e+04
1.720700000000000000e+04
1.743600000000000000e+04
1.768400000000000000e+04
1.791400000000000000e+04
1.817100000000000000e+04
1.839800000000000000e+04
1.864500000000000000e+04
1.891800000000000000e+04
1.917100000000000000e+04
1.943300000000000000e+04
1.969300000000000000e+04
1.993700000000000000e+04
2.022100000000000000e+04
2.049900000000000000e+04
2.078600000000000000e+04
2.107200000000000000e+04
2.137100000000000000e+04
2.168500000000000000e+04
2.202700000000000000e+04
2.233700000000000000e+04
2.264200000000000000e+04
2.291500000000000000e+04
2.322100000000000000e+04
2.351500000000000000e+04
2.379900000000000000e+04
2.407800000000000000e+04
2.439400000000000000e+04
2.469900000000000000e+04
2.503500000000000000e+04
2.539500000000000000e+04
2.576300000000000000e+04
2.610700000000000000e+04
2.647900000000000000e+04
2.689000000000000000e+04
2.728200000000000000e+04
2.768400000000000000e+04
2.810100000000000000e+04
2.850900000000000000e+04
2.897300000000000000e+04
2.944900000000000000e+04
2.992300000000000000e+04
3.039600000000000000e+04
3.091400000000000000e+04
3.139900000000000000e+04
3.192000000000000000e+04
3.249400000000000000e+04
3.309100000000000000e+04
3.369100000000000000e+04
3.430400000000000000e+04
3.495800000000000000e+04
3.566000000000000000e+04
3.637200000000000000e+04
3.714400000000000000e+04
3.795400000000000000e+04
3.881300000000000000e+04
3.974900000000000000e+04
4.072200000000000000e+04
4.174100000000000000e+04
4.288000000000000000e+04
4.407400000000000000e+04
4.536100000000000000e+04
4.671800000000000000e+04
4.817600000000000000e+04
4.974000000000000000e+04
5.142300000000000000e+04
5.315300000000000000e+04
5.509900000000000000e+04
5.710700000000000000e+04
5.929700000000000000e+04
6.159400000000000000e+04
6.404100000000000000e+04
6.678800000000000000e+04
6.974800000000000000e+04
7.289400000000000000e+04
7.629300000000000000e+04
7.987700000000000000e+04
8.377300000000000000e+04
8.809000000000000000e+04
9.268400000000000000e+04
9.754500000000000000e+04
1.027860000000000000e+05
1.083900000000000000e+05
1.145060000000000000e+05
1.209810000000000000e+05
1.280010000000000000e+05
1.356010000000000000e+05
1.437900000000000000e+05
1.526600000000000000e+05
1.621490000000000000e+05
1.722790000000000000e+05
1.832520000000000000e+05
1.951590000000000000e+05
2.076950000000000000e+05
2.212390000000000000e+05
