1.000000000000000000e+02
2.160000000000000000e+02
3.190000000000000000e+02
4.160000000000000000e+02
5.170000000000000000e+02
6.120000000000000000e+02
6.930000000000000000e+02
7.990000000000000000e+02
8.790000000000000000e+02
9.710000000000000000e+02
1.042000000000000000e+03
1.133000000000000000e+03
1.215000000000000000e+03
1.302000000000000000e+03
1.394000000000000000e+03
1.493000000000000000e+03
1.568000000000000000e+03
1.661000000000000000e+03
1.759000000000000000e+03
1.848000000000000000e+03
1.937000000000000000e+03
2.035000000000000000e+03
2.130000000000000000e+03
2.226000000000000000e+03
2.311000000000000000e+03
2.396000000000000000e+03
2.481000000000000000e+03
2.582000000000000000e+03
2.660000000000000000e+03
2.750000000000000000e+03
2.820000000000000000e+03
2.912000000000000000e+03
2.991000000000000000e+03
3.078000000000000000e+03
3.178000000000000000e+03
3.290000000000000000e+03
3.401000000000000000e+03
3.524000000000000000e+03
3.653000000000000000e+03
3.780000000000000000e+03
3.924000000000000000e+03
4.063000000000000000e+03
4.208000000000000000e+03
4.373000000000000000e+03
4.493000000000000000e+03
4.627000000000000000e+03
4.757000000000000000e+03
4.878000000000000000e+03
5.015000000000000000e+03
5.139000000000000000e+03
5.262000000000000000e+03
5.401000000000000000e+03
5.505000000000000000e+03
5.641000000000000000e+03
5.770000000000000000e+03
5.917000000000000000e+03
6.061000000000000000e+03
6.194000000000000000e+03
6.351000000000000000e+03
6.497000000000000000e+03
6.635000000000000000e+03
6.792000000000000000e+03
6.933000000000000000e+03
7.073000000000000000e+03
7.220000000000000000e+03
7.372000000000000000e+03
7.505000000000000000e+03
7.625000000000000000e+03
7.764000000000000000e+03
7.902000000000000000e+03
8.055000000000000000e+03
8.200000000000000000e+03
8.374000000000000000e+03
8.548000000000000000e+03
8.733000000000000000e+03
8.912000000000000000e+03
9.110000000000000000e+03
9.290000000000000000e+03
9.470000000000000000e+03
9.658000000000000000e+03
9.866000000000000000e+03
1.008400000000000000e+04
1.027000000000000000e+04
1.047100000000000000e+04
1.069000000000000000e+04
1.092500000000000000e+04
1.113100000000000000e+04
1.136200000000000000e+04
1.158700000000000000e+04
1.181400000000000000e+04
1.204700000000000000e+04
1.227600000000000000e+04
1.250000000000000000e+04
1.275800000000000000e+04
1.300700000000000000e+04
1.325500000000000000e+04
1.349700000000000000e+04
1.374400000000000000e+04
1.401700000000000000e+04
1.427100000000000000e+04
1.453500000000000000e+04
1.482700000000000000e+04
1.509500000000000000e+04
1.541700000000000000e+04
1.573100000000000000e+04
1.603600000000000000e+04
1.635100000000000000e+04
1.666400000000000000e+04
1.698200000000000000e+04
1.731500000000000000e+04
1.767200000000000000e+04
1.800700000000000000e+04
1.834800000000000000e+04
1.868900000000000000e+04
1.903500000000000000e+04
1.940800000000000000e+04
1.975600000000000000e+04
2.012000000000000000e+04
2.050400000000000000e+04
2.088100000000000000e+04
2.127800000000000000e+04
2.165000000000000000e+04
2.201800000000000000e+04
2.238900000000000000e+04
2.280400000000000000e+04
2.318300000000000000e+04
2.359500000000000000e+04
2.406500000000000000e+04
2.447800000000000000e+04
2.492000000000000000e+04
2.540700000000000000e+04
2.589900000000000000e+04
2.640100000000000000e+04
2.694300000000000000e+04
2.746900000000000000e+04
2.801100000000000000e+04
2.863700000000000000e+04
2.926500000000000000e+04
2.989800000000000000e+04
3.056900000000000000e+04
3.126200000000000000e+04
3.204000000000000000e+04
3.284400000000000000e+04
3.371000000000000000e+04
3.464100000000000000e+04
3.557800000000000000e+04
3.663700000000000000e+04
3.786500000000000000e+04
3.916800000000000000e+04
4.048800000000000000e+04
4.198000000000000000e+04
4.355200000000000000e+04
4.525900000000000000e+04
4.706700000000000000e+04
4.897200000000000000e+04
5.105700000000000000e+04
5.334500000000000000e+04
5.584700000000000000e+04
5.849700000000000000e+04
6.132000000000000000e+04
6.432300000000000000e+04
6.773200000000000000e+04
7.137000000000000000e+04
7.528100000000000000e+04
7.943300000000000000e+04
8.389500000000000000e+04
8.868000000000000000e+04
9.382500000000000000e+04
9.965900000000000000e+04
1.059340000000000000e+05
1.125010000000000000e+05
1.197630000000000000e+05
1.275700000000000000e+05
1.358870000000000000e+05
1.448310000000000000e+05
1.546200000000000000e+05
1.651370000000000000e+05
1.762720000000000000e+05
1.886540000000000000e+05
2.017140000000000000e+05
2.160150000000000000e+05
2.313490000000000000e+05
2.477410000000000000e+05
2.653310000000000000e+05
2.842750000000000000e+05
3.048190000000000000e+05
3.270230000000000000e+05
3.507640000000000000e+05
3.759570000000000000e+05
4.029950000000000000e+05
4.316860000000000000e+05
4.626490000000000000e+05
4.958260000000000000e+05
5.310920000000000000e+05
5.689480000000000000e+05
6.090420000000000000e+05
6.524450000000000000e+05
6.984440000000000000e+05
7.471800000000000000e+05
7.990810000000000000e+05
