1.000000000000000000e+02
2.100000000000000000e+02
2.980000000000000000e+02
3.830000000000000000e+02
4.470000000000000000e+02
5.170000000000000000e+02
6.120000000000000000e+02
6.930000000000000000e+02
7.800000000000000000e+02
8.660000000000000000e+02
9.570000000000000000e+02
1.035000000000000000e+03
1.119000000000000000e+03
1.215000000000000000e+03
1.334000000000000000e+03
1.445000000000000000e+03
1.535000000000000000e+03
1.644000000000000000e+03
1.736000000000000000e+03
1.837000000000000000e+03
1.932000000000000000e+03
2.042000000000000000e+03
2.144000000000000000e+03
2.242000000000000000e+03
2.355000000000000000e+03
2.486000000000000000e+03
2.601000000000000000e+03
2.727000000000000000e+03
2.832000000000000000e+03
2.933000000000000000e+03
3.055000000000000000e+03
3.190000000000000000e+03
3.298000000000000000e+03
3.433000000000000000e+03
3.560000000000000000e+03
3.700000000000000000e+03
3.842000000000000000e+03
3.986000000000000000e+03
4.137000000000000000e+03
4.291000000000000000e+03
4.461000000000000000e+03
4.624000000000000000e+03
4.793000000000000000e+03
4.952000000000000000e+03
5.120000000000000000e+03
5.299000000000000000e+03
5.478000000000000000e+03
5.658000000000000000e+03
5.847000000000000000e+03
6.022000000000000000e+03
6.230000000000000000e+03
6.423000000000000000e+03
6.649000000000000000e+03
6.857000000000000000e+03
7.083000000000000000e+03
7.281000000000000000e+03
7.499000000000000000e+03
7.695000000000000000e+03
7.913000000000000000e+03
8.115000000000000000e+03
8.329000000000000000e+03
8.542000000000000000e+03
8.755000000000000000e+03
9.015000000000000000e+03
9.256000000000000000e+03
9.520000000000000000e+03
9.804000000000000000e+03
1.010000000000000000e+04
1.035300000000000000e+04
1.064600000000000000e+04
1.095400000000000000e+04
1.121600000000000000e+04
1.149700000000000000e+04
1.177500000000000000e+04
1.204200000000000000e+04
1.232600000000000000e+04
1.261800000000000000e+04
1.293800000000000000e+04
1.327700000000000000e+04
1.364200000000000000e+04
1.400000000000000000e+04
1.438800000000000000e+04
1.478300000000000000e+04
1.517300000000000000e+04
1.552700000000000000e+04
1.591000000000000000e+04
1.630900000000000000e+04
1.673000000000000000e+04
1.717400000000000000e+04
1.760800000000000000e+04
1.806900000000000000e+04
1.853500000000000000e+04
1.902800000000000000e+04
1.950500000000000000e+04
2.003300000000000000e+04
2.055300000000000000e+04
2.113100000000000000e+04
2.173800000000000000e+04
2.232400000000000000e+04
2.295200000000000000e+04
2.367700000000000000e+04
2.444900000000000000e+04
2.520200000000000000e+04
2.600600000000000000e+04
2.685200000000000000e+04
2.776900000000000000e+04
2.873400000000000000e+04
2.975100000000000000e+04
3.082600000000000000e+04
3.203800000000000000e+04
3.329500000000000000e+04
3.461000000000000000e+04
3.599000000000000000e+04
3.744700000000000000e+04
3.899700000000000000e+04
4.073500000000000000e+04
4.253900000000000000e+04
4.439900000000000000e+04
4.649900000000000000e+04
4.871900000000000000e+04
5.115300000000000000e+04
5.372500000000000000e+04
5.648300000000000000e+04
5.949600000000000000e+04
6.279100000000000000e+04
6.640500000000000000e+04
7.016500000000000000e+04
7.425300000000000000e+04
7.866600000000000000e+04
8.350000000000000000e+04
8.864700000000000000e+04
9.412600000000000000e+04
1.001620000000000000e+05
1.066180000000000000e+05
1.136670000000000000e+05
1.211280000000000000e+05
1.291570000000000000e+05
1.378450000000000000e+05
1.473070000000000000e+05
1.574220000000000000e+05
1.682380000000000000e+05
1.800530000000000000e+05
1.925860000000000000e+05
2.059100000000000000e+05
2.207730000000000000e+05
2.365180000000000000e+05
2.535450000000000000e+05
2.716920000000000000e+05
2.912410000000000000e+05
3.126290000000000000e+05
3.351490000000000000e+05
3.592620000000000000e+05
3.852000000000000000e+05
4.128120000000000000e+05
4.426950000000000000e+05
4.744540000000000000e+05
5.091510000000000000e+05
5.458800000000000000e+05
5.848940000000000000e+05
6.268440000000000000e+05
6.714430000000000000e+05
7.190720000000000000e+05
7.695850000000000000e+05
8.238990000000000000e+05
8.816110000000000000e+05
9.424460000000000000e+05
1.006951000000000000e+06
1.075209000000000000e+06
1.147035000000000000e+06
1.222803000000000000e+06
1.302507000000000000e+06
1.385882000000000000e+06
1.473225000000000000e+06
1.564130000000000000e+06
1.659128000000000000e+06
1.758646000000000000e+06
1.861444000000000000e+06
1.967607000000000000e+06
2.077335000000000000e+06
2.190811000000000000e+06
2.307155000000000000e+06
2.425896000000000000e+06
2.547190000000000000e+06
2.671119000000000000e+06
2.796760000000000000e+06
2.923712000000000000e+06
3.051538000000000000e+06
3.180512000000000000e+06
3.309012000000000000e+06
3.437606000000000000e+06
3.565323000000000000e+06
3.691907000000000000e+06
3.817507000000000000e+06
3.940901000000000000e+06
4.062404000000000000e+06
4.180629000000000000e+06
4.296071000000000000e+06
4.408525000000000000e+06
4.517712000000000000e+06
4.623057000000000000e+06
