1.000000000000000000e+02
2.300000000000000000e+02
3.300000000000000000e+02
4.330000000000000000e+02
5.410000000000000000e+02
6.310000000000000000e+02
7.190000000000000000e+02
8.090000000000000000e+02
9.010000000000000000e+02
9.960000000000000000e+02
1.103000000000000000e+03
1.185000000000000000e+03
1.276000000000000000e+03
1.377000000000000000e+03
1.457000000000000000e+03
1.539000000000000000e+03
1.634000000000000000e+03
1.723000000000000000e+03
1.815000000000000000e+03
1.915000000000000000e+03
2.013000000000000000e+03
2.109000000000000000e+03
2.212000000000000000e+03
2.296000000000000000e+03
2.406000000000000000e+03
2.496000000000000000e+03
2.591000000000000000e+03
2.671000000000000000e+03
2.762000000000000000e+03
2.846000000000000000e+03
2.938000000000000000e+03
3.035000000000000000e+03
3.107000000000000000e+03
3.188000000000000000e+03
3.281000000000000000e+03
3.362000000000000000e+03
3.458000000000000000e+03
3.535000000000000000e+03
3.633000000000000000e+03
3.714000000000000000e+03
3.820000000000000000e+03
3.905000000000000000e+03
4.011000000000000000e+03
4.132000000000000000e+03
4.260000000000000000e+03
4.373000000000000000e+03
4.500000000000000000e+03
4.615000000000000000e+03
4.726000000000000000e+03
4.869000000000000000e+03
4.990000000000000000e+03
5.125000000000000000e+03
5.276000000000000000e+03
5.421000000000000000e+03
5.593000000000000000e+03
5.733000000000000000e+03
5.917000000000000000e+03
6.088000000000000000e+03
6.224000000000000000e+03
6.423000000000000000e+03
6.585000000000000000e+03
6.777000000000000000e+03
6.912000000000000000e+03
7.056000000000000000e+03
7.233000000000000000e+03
7.397000000000000000e+03
7.570000000000000000e+03
7.761000000000000000e+03
7.922000000000000000e+03
8.127000000000000000e+03
8.311000000000000000e+03
8.509000000000000000e+03
8.684000000000000000e+03
8.883000000000000000e+03
9.057000000000000000e+03
9.258000000000000000e+03
9.447000000000000000e+03
9.611000000000000000e+03
9.791000000000000000e+03
1.003200000000000000e+04
1.025000000000000000e+04
1.044600000000000000e+04
1.065800000000000000e+04
1.089300000000000000e+04
1.109000000000000000e+04
1.131500000000000000e+04
1.155200000000000000e+04
1.179800000000000000e+04
1.202900000000000000e+04
1.228400000000000000e+04
1.253100000000000000e+04
1.277200000000000000e+04
1.302800000000000000e+04
1.328500000000000000e+04
1.355700000000000000e+04
1.384700000000000000e+04
1.412700000000000000e+04
1.437900000000000000e+04
1.465600000000000000e+04
1.492100000000000000e+04
1.519200000000000000e+04
1.549700000000000000e+04
1.576400000000000000e+04
1.601800000000000000e+04
1.630900000000000000e+04
1.657500000000000000e+04
1.686300000000000000e+04
1.717600000000000000e+04
1.751400000000000000e+04
1.782500000000000000e+04
1.813600000000000000e+04
1.845900000000000000e+04
1.878000000000000000e+04
1.909000000000000000e+04
1.940300000000000000e+04
1.972200000000000000e+04
2.007300000000000000e+04
2.043200000000000000e+04
2.080900000000000000e+04
2.118400000000000000e+04
2.152800000000000000e+04
2.189700000000000000e+04
2.229000000000000000e+04
2.267100000000000000e+04
2.308100000000000000e+04
2.346000000000000000e+04
2.386900000000000000e+04
2.424900000000000000e+04
2.465400000000000000e+04
2.507000000000000000e+04
2.549600000000000000e+04
2.596400000000000000e+04
2.647900000000000000e+04
2.696600000000000000e+04
2.747000000000000000e+04
2.801200000000000000e+04
2.860400000000000000e+04
2.924300000000000000e+04
2.983100000000000000e+04
3.046200000000000000e+04
3.110400000000000000e+04
3.180200000000000000e+04
3.250600000000000000e+04
3.328200000000000000e+04
3.412100000000000000e+04
3.502700000000000000e+04
3.599500000000000000e+04
3.695200000000000000e+04
3.798700000000000000e+04
3.913400000000000000e+04
4.024900000000000000e+04
4.154100000000000000e+04
4.288500000000000000e+04
4.439800000000000000e+04
4.598200000000000000e+04
4.758000000000000000e+04
4.934500000000000000e+04
5.119300000000000000e+04
5.322700000000000000e+04
5.534000000000000000e+04
5.772300000000000000e+04
6.031900000000000000e+04
6.307200000000000000e+04
6.604500000000000000e+04
6.930800000000000000e+04
7.276400000000000000e+04
7.662200000000000000e+04
8.057600000000000000e+04
8.496400000000000000e+04
8.959000000000000000e+04
9.464300000000000000e+04
1.000040000000000000e+05
1.057460000000000000e+05
1.119870000000000000e+05
1.185880000000000000e+05
1.257950000000000000e+05
1.335240000000000000e+05
1.419360000000000000e+05
1.509060000000000000e+05
1.607770000000000000e+05
1.716430000000000000e+05
1.832730000000000000e+05
1.955330000000000000e+05
2.087760000000000000e+05
2.228510000000000000e+05
2.383680000000000000e+05
2.548080000000000000e+05
2.724270000000000000e+05
2.912970000000000000e+05
3.116460000000000000e+05
3.336310000000000000e+05
3.572020000000000000e+05
3.823810000000000000e+05
4.090860000000000000e+05
4.379430000000000000e+05
4.684120000000000000e+05
5.014560000000000000e+05
5.366690000000000000e+05
5.739920000000000000e+05
6.139930000000000000e+05
