1.000000000000000000e+02
2.270000000000000000e+02
3.200000000000000000e+02
4.110000000000000000e+02
5.030000000000000000e+02
5.920000000000000000e+02
6.850000000000000000e+02
7.780000000000000000e+02
8.700000000000000000e+02
9.480000000000000000e+02
1.025000000000000000e+03
1.110000000000000000e+03
1.211000000000000000e+03
1.288000000000000000e+03
1.381000000000000000e+03
1.462000000000000000e+03
1.556000000000000000e+03
1.638000000000000000e+03
1.736000000000000000e+03
1.841000000000000000e+03
1.955000000000000000e+03
2.057000000000000000e+03
2.158000000000000000e+03
2.274000000000000000e+03
2.394000000000000000e+03
2.543000000000000000e+03
2.663000000000000000e+03
2.804000000000000000e+03
2.926000000000000000e+03
3.032000000000000000e+03
3.159000000000000000e+03
3.296000000000000000e+03
3.428000000000000000e+03
3.553000000000000000e+03
3.701000000000000000e+03
3.865000000000000000e+03
4.020000000000000000e+03
4.179000000000000000e+03
4.339000000000000000e+03
4.500000000000000000e+03
4.677000000000000000e+03
4.886000000000000000e+03
5.067000000000000000e+03
5.260000000000000000e+03
5.451000000000000000e+03
5.659000000000000000e+03
5.856000000000000000e+03
6.069000000000000000e+03
6.263000000000000000e+03
6.449000000000000000e+03
6.676000000000000000e+03
6.878000000000000000e+03
7.094000000000000000e+03
7.285000000000000000e+03
7.485000000000000000e+03
7.696000000000000000e+03
7.895000000000000000e+03
8.109000000000000000e+03
8.326000000000000000e+03
8.551000000000000000e+03
8.748000000000000000e+03
8.973000000000000000e+03
9.190000000000000000e+03
9.400000000000000000e+03
9.640000000000000000e+03
9.897000000000000000e+03
1.012500000000000000e+04
1.035100000000000000e+04
1.059200000000000000e+04
1.084500000000000000e+04
1.110100000000000000e+04
1.137100000000000000e+04
1.161200000000000000e+04
1.188400000000000000e+04
1.215100000000000000e+04
1.245400000000000000e+04
1.277800000000000000e+04
1.305500000000000000e+04
1.335500000000000000e+04
1.364000000000000000e+04
1.395500000000000000e+04
1.427800000000000000e+04
1.455000000000000000e+04
1.485100000000000000e+04
1.516100000000000000e+04
1.547200000000000000e+04
1.578200000000000000e+04
1.607900000000000000e+04
1.641800000000000000e+04
1.675800000000000000e+04
1.712300000000000000e+04
1.745200000000000000e+04
1.780300000000000000e+04
1.811000000000000000e+04
1.850100000000000000e+04
1.884800000000000000e+04
1.924900000000000000e+04
1.960000000000000000e+04
1.996500000000000000e+04
2.036000000000000000e+04
2.074500000000000000e+04
2.116700000000000000e+04
2.157600000000000000e+04
2.197300000000000000e+04
2.241700000000000000e+04
2.285400000000000000e+04
2.334800000000000000e+04
2.389300000000000000e+04
2.443100000000000000e+04
2.501600000000000000e+04
2.564200000000000000e+04
2.629200000000000000e+04
2.697900000000000000e+04
2.769500000000000000e+04
2.841100000000000000e+04
2.920100000000000000e+04
3.000100000000000000e+04
3.084000000000000000e+04
3.173300000000000000e+04
3.270800000000000000e+04
3.374100000000000000e+04
3.480400000000000000e+04
3.599900000000000000e+04
3.722700000000000000e+04
3.859000000000000000e+04
4.006700000000000000e+04
4.164700000000000000e+04
4.330900000000000000e+04
4.506900000000000000e+04
4.696900000000000000e+04
4.893800000000000000e+04
5.113500000000000000e+04
5.342000000000000000e+04
5.590500000000000000e+04
5.861800000000000000e+04
6.149900000000000000e+04
6.455900000000000000e+04
6.786600000000000000e+04
7.152700000000000000e+04
7.542700000000000000e+04
7.952000000000000000e+04
8.406000000000000000e+04
8.894800000000000000e+04
9.419900000000000000e+04
9.965700000000000000e+04
1.055990000000000000e+05
1.122080000000000000e+05
1.192430000000000000e+05
1.269830000000000000e+05
1.351710000000000000e+05
1.439770000000000000e+05
1.534110000000000000e+05
1.636030000000000000e+05
1.745270000000000000e+05
1.863440000000000000e+05
1.988510000000000000e+05
2.124750000000000000e+05
2.271010000000000000e+05
2.427710000000000000e+05
2.595700000000000000e+05
2.777290000000000000e+05
2.968970000000000000e+05
3.176640000000000000e+05
3.401220000000000000e+05
3.642470000000000000e+05
3.901070000000000000e+05
4.178930000000000000e+05
4.480850000000000000e+05
4.801130000000000000e+05
5.142550000000000000e+05
5.507400000000000000e+05
5.897730000000000000e+05
6.318500000000000000e+05
6.763990000000000000e+05
7.239080000000000000e+05
7.742610000000000000e+05
8.275400000000000000e+05
8.849670000000000000e+05
9.450170000000000000e+05
1.009206000000000000e+06
1.076991000000000000e+06
1.148826000000000000e+06
1.224056000000000000e+06
1.303172000000000000e+06
1.386414000000000000e+06
1.473647000000000000e+06
1.564875000000000000e+06
1.659547000000000000e+06
1.758325000000000000e+06
1.860922000000000000e+06
1.967483000000000000e+06
2.076701000000000000e+06
2.189616000000000000e+06
2.304795000000000000e+06
2.423348000000000000e+06
2.545285000000000000e+06
2.667887000000000000e+06
2.792992000000000000e+06
2.919314000000000000e+06
3.046187000000000000e+06
