1.000000000000000000e+02
2.090000000000000000e+02
3.190000000000000000e+02
4.110000000000000000e+02
5.000000000000000000e+02
5.800000000000000000e+02
6.740000000000000000e+02
7.770000000000000000e+02
8.640000000000000000e+02
9.480000000000000000e+02
1.035000000000000000e+03
1.114000000000000000e+03
1.226000000000000000e+03
1.318000000000000000e+03
1.413000000000000000e+03
1.496000000000000000e+03
1.602000000000000000e+03
1.687000000000000000e+03
1.809000000000000000e+03
1.931000000000000000e+03
2.036000000000000000e+03
2.152000000000000000e+03
2.284000000000000000e+03
2.405000000000000000e+03
2.518000000000000000e+03
2.650000000000000000e+03
2.757000000000000000e+03
2.890000000000000000e+03
3.003000000000000000e+03
3.111000000000000000e+03
3.246000000000000000e+03
3.371000000000000000e+03
3.488000000000000000e+03
3.619000000000000000e+03
3.783000000000000000e+03
3.899000000000000000e+03
4.024000000000000000e+03
4.171000000000000000e+03
4.325000000000000000e+03
4.468000000000000000e+03
4.632000000000000000e+03
4.761000000000000000e+03
4.911000000000000000e+03
5.049000000000000000e+03
5.182000000000000000e+03
5.335000000000000000e+03
5.476000000000000000e+03
5.633000000000000000e+03
5.794000000000000000e+03
5.955000000000000000e+03
6.114000000000000000e+03
6.281000000000000000e+03
6.436000000000000000e+03
6.608000000000000000e+03
6.796000000000000000e+03
6.986000000000000000e+03
7.172000000000000000e+03
7.366000000000000000e+03
7.563000000000000000e+03
7.777000000000000000e+03
7.983000000000000000e+03
8.184000000000000000e+03
8.379000000000000000e+03
8.612000000000000000e+03
8.846000000000000000e+03
9.071000000000000000e+03
9.289000000000000000e+03
9.505000000000000000e+03
9.709000000000000000e+03
9.952000000000000000e+03
1.018100000000000000e+04
1.043100000000000000e+04
1.064200000000000000e+04
1.089200000000000000e+04
1.113500000000000000e+04
1.138400000000000000e+04
1.162000000000000000e+04
1.189200000000000000e+04
1.214600000000000000e+04
1.241500000000000000e+04
1.268200000000000000e+04
1.296400000000000000e+04
1.326000000000000000e+04
1.353400000000000000e+04
1.380500000000000000e+04
1.409100000000000000e+04
1.436400000000000000e+04
1.464200000000000000e+04
1.493500000000000000e+04
1.523600000000000000e+04
1.553700000000000000e+04
1.582700000000000000e+04
1.608800000000000000e+04
1.635200000000000000e+04
1.664900000000000000e+04
1.692700000000000000e+04
1.723300000000000000e+04
1.750600000000000000e+04
1.785000000000000000e+04
1.815600000000000000e+04
1.845300000000000000e+04
1.877600000000000000e+04
1.912300000000000000e+04
1.948600000000000000e+04
1.983100000000000000e+04
2.016000000000000000e+04
2.048300000000000000e+04
2.084300000000000000e+04
2.122900000000000000e+04
2.162100000000000000e+04
2.202000000000000000e+04
2.242100000000000000e+04
2.284200000000000000e+04
2.322300000000000000e+04
2.363000000000000000e+04
2.404800000000000000e+04
2.451400000000000000e+04
2.495400000000000000e+04
2.544100000000000000e+04
2.595500000000000000e+04
2.646800000000000000e+04
2.698500000000000000e+04
2.757600000000000000e+04
2.816400000000000000e+04
2.880500000000000000e+04
2.943600000000000000e+04
3.009400000000000000e+04
3.075500000000000000e+04
3.153600000000000000e+04
3.229000000000000000e+04
3.306200000000000000e+04
3.391400000000000000e+04
3.478900000000000000e+04
3.571700000000000000e+04
3.673800000000000000e+04
3.789500000000000000e+04
3.907300000000000000e+04
4.028900000000000000e+04
4.157400000000000000e+04
4.298600000000000000e+04
4.448900000000000000e+04
4.607800000000000000e+04
4.772900000000000000e+04
4.948500000000000000e+04
5.143700000000000000e+04
5.350300000000000000e+04
5.568200000000000000e+04
5.816900000000000000e+04
6.073400000000000000e+04
6.349500000000000000e+04
6.647200000000000000e+04
6.980800000000000000e+04
7.331100000000000000e+04
7.708800000000000000e+04
8.118400000000000000e+04
8.559600000000000000e+04
9.036300000000000000e+04
9.551800000000000000e+04
1.009950000000000000e+05
1.070240000000000000e+05
1.136960000000000000e+05
1.207400000000000000e+05
1.284430000000000000e+05
1.366490000000000000e+05
1.452910000000000000e+05
1.545960000000000000e+05
1.647590000000000000e+05
1.756420000000000000e+05
1.876330000000000000e+05
2.001990000000000000e+05
2.138150000000000000e+05
2.286580000000000000e+05
2.445810000000000000e+05
2.613720000000000000e+05
2.795910000000000000e+05
2.992530000000000000e+05
3.203300000000000000e+05
3.428550000000000000e+05
3.670380000000000000e+05
3.929100000000000000e+05
4.208000000000000000e+05
4.505570000000000000e+05
4.823850000000000000e+05
5.167450000000000000e+05
5.532490000000000000e+05
5.922700000000000000e+05
6.339550000000000000e+05
6.784100000000000000e+05
7.259260000000000000e+05
7.762450000000000000e+05
8.298920000000000000e+05
8.865000000000000000e+05
9.469130000000000000e+05
1.010931000000000000e+06
1.078413000000000000e+06
1.149120000000000000e+06
1.223862000000000000e+06
1.302510000000000000e+06
1.385261000000000000e+06
1.471805000000000000e+06
