1.000000000000000000e+02
2.090000000000000000e+02
3.100000000000000000e+02
3.960000000000000000e+02
4.690000000000000000e+02
5.580000000000000000e+02
6.780000000000000000e+02
7.800000000000000000e+02
8.690000000000000000e+02
9.590000000000000000e+02
1.044000000000000000e+03
1.117000000000000000e+03
1.206000000000000000e+03
1.280000000000000000e+03
1.357000000000000000e+03
1.447000000000000000e+03
1.523000000000000000e+03
1.607000000000000000e+03
1.699000000000000000e+03
1.815000000000000000e+03
1.894000000000000000e+03
1.989000000000000000e+03
2.063000000000000000e+03
2.168000000000000000e+03
2.264000000000000000e+03
2.366000000000000000e+03
2.463000000000000000e+03
2.548000000000000000e+03
2.657000000000000000e+03
2.751000000000000000e+03
2.836000000000000000e+03
2.921000000000000000e+03
3.014000000000000000e+03
3.103000000000000000e+03
3.201000000000000000e+03
3.301000000000000000e+03
3.409000000000000000e+03
3.500000000000000000e+03
3.622000000000000000e+03
3.734000000000000000e+03
3.859000000000000000e+03
3.958000000000000000e+03
4.068000000000000000e+03
4.169000000000000000e+03
4.286000000000000000e+03
4.407000000000000000e+03
4.524000000000000000e+03
4.641000000000000000e+03
4.751000000000000000e+03
4.872000000000000000e+03
4.985000000000000000e+03
5.098000000000000000e+03
5.210000000000000000e+03
5.344000000000000000e+03
5.488000000000000000e+03
5.617000000000000000e+03
5.775000000000000000e+03
5.916000000000000000e+03
6.054000000000000000e+03
6.234000000000000000e+03
6.416000000000000000e+03
6.600000000000000000e+03
6.777000000000000000e+03
6.969000000000000000e+03
7.176000000000000000e+03
7.381000000000000000e+03
7.558000000000000000e+03
7.759000000000000000e+03
7.978000000000000000e+03
8.185000000000000000e+03
8.389000000000000000e+03
8.606000000000000000e+03
8.862000000000000000e+03
9.063000000000000000e+03
9.288000000000000000e+03
9.528000000000000000e+03
9.804000000000000000e+03
1.005400000000000000e+04
1.033500000000000000e+04
1.060600000000000000e+04
1.091500000000000000e+04
1.121800000000000000e+04
1.154100000000000000e+04
1.184100000000000000e+04
1.211900000000000000e+04
1.240100000000000000e+04
1.270700000000000000e+04
1.299900000000000000e+04
1.334800000000000000e+04
1.368100000000000000e+04
1.400100000000000000e+04
1.434800000000000000e+04
1.467000000000000000e+04
1.501200000000000000e+04
1.531600000000000000e+04
1.564200000000000000e+04
1.596500000000000000e+04
1.633000000000000000e+04
1.669400000000000000e+04
1.705100000000000000e+04
1.741200000000000000e+04
1.780700000000000000e+04
1.820200000000000000e+04
1.859400000000000000e+04
1.904200000000000000e+04
1.948800000000000000e+04
1.998700000000000000e+04
2.047600000000000000e+04
2.096100000000000000e+04
2.145000000000000000e+04
2.194900000000000000e+04
2.249200000000000000e+04
2.307500000000000000e+04
2.364000000000000000e+04
2.428400000000000000e+04
2.496200000000000000e+04
2.560600000000000000e+04
2.634100000000000000e+04
2.716600000000000000e+04
2.798300000000000000e+04
2.889900000000000000e+04
2.986300000000000000e+04
3.090000000000000000e+04
3.204400000000000000e+04
3.314300000000000000e+04
3.437600000000000000e+04
3.580600000000000000e+04
3.726900000000000000e+04
3.872600000000000000e+04
4.031100000000000000e+04
4.204900000000000000e+04
4.387900000000000000e+04
4.578700000000000000e+04
4.799500000000000000e+04
5.028000000000000000e+04
5.270700000000000000e+04
5.526500000000000000e+04
5.791900000000000000e+04
6.091600000000000000e+04
6.422700000000000000e+04
6.767500000000000000e+04
7.129800000000000000e+04
7.536300000000000000e+04
7.968900000000000000e+04
8.432800000000000000e+04
8.929200000000000000e+04
9.462300000000000000e+04
1.004540000000000000e+05
1.065740000000000000e+05
1.132310000000000000e+05
1.204470000000000000e+05
1.284510000000000000e+05
1.369970000000000000e+05
1.460330000000000000e+05
1.558230000000000000e+05
1.664950000000000000e+05
1.778070000000000000e+05
1.901950000000000000e+05
2.034110000000000000e+05
2.175340000000000000e+05
2.328170000000000000e+05
2.492020000000000000e+05
2.669100000000000000e+05
2.861730000000000000e+05
3.066260000000000000e+05
3.286070000000000000e+05
3.525430000000000000e+05
3.779570000000000000e+05
4.052130000000000000e+05
4.343660000000000000e+05
4.658020000000000000e+05
4.992730000000000000e+05
5.349880000000000000e+05
5.733080000000000000e+05
6.142300000000000000e+05
6.577940000000000000e+05
7.040530000000000000e+05
7.533440000000000000e+05
8.060440000000000000e+05
8.618850000000000000e+05
9.209760000000000000e+05
9.838230000000000000e+05
1.050046000000000000e+06
1.119813000000000000e+06
1.193159000000000000e+06
1.271081000000000000e+06
1.352271000000000000e+06
1.437838000000000000e+06
1.527677000000000000e+06
1.620646000000000000e+06
1.717455000000000000e+06
1.818561000000000000e+06
1.923180000000000000e+06
2.031225000000000000e+06
2.142052000000000000e+06
2.255911000000000000e+06
2.372587000000000000e+06
2.492325000000000000e+06
2.613814000000000000e+06
2.737345000000000000e+06
