1.000000000000000000e+02
2.200000000000000000e+02
3.190000000000000000e+02
4.040000000000000000e+02
4.780000000000000000e+02
5.530000000000000000e+02
6.230000000000000000e+02
7.010000000000000000e+02
7.760000000000000000e+02
8.580000000000000000e+02
9.350000000000000000e+02
1.003000000000000000e+03
1.079000000000000000e+03
1.148000000000000000e+03
1.221000000000000000e+03
1.286000000000000000e+03
1.378000000000000000e+03
1.459000000000000000e+03
1.520000000000000000e+03
1.604000000000000000e+03
1.682000000000000000e+03
1.743000000000000000e+03
1.825000000000000000e+03
1.895000000000000000e+03
1.981000000000000000e+03
2.060000000000000000e+03
2.143000000000000000e+03
2.244000000000000000e+03
2.341000000000000000e+03
2.445000000000000000e+03
2.575000000000000000e+03
2.689000000000000000e+03
2.800000000000000000e+03
2.894000000000000000e+03
3.004000000000000000e+03
3.107000000000000000e+03
3.210000000000000000e+03
3.306000000000000000e+03
3.418000000000000000e+03
3.546000000000000000e+03
3.649000000000000000e+03
3.777000000000000000e+03
3.898000000000000000e+03
4.027000000000000000e+03
4.135000000000000000e+03
4.276000000000000000e+03
4.419000000000000000e+03
4.533000000000000000e+03
4.675000000000000000e+03
4.806000000000000000e+03
4.935000000000000000e+03
5.074000000000000000e+03
5.261000000000000000e+03
5.431000000000000000e+03
5.587000000000000000e+03
5.750000000000000000e+03
5.904000000000000000e+03
6.073000000000000000e+03
6.215000000000000000e+03
6.368000000000000000e+03
6.532000000000000000e+03
6.676000000000000000e+03
6.833000000000000000e+03
7.011000000000000000e+03
7.179000000000000000e+03
7.363000000000000000e+03
7.522000000000000000e+03
7.701000000000000000e+03
7.880000000000000000e+03
8.071000000000000000e+03
8.273000000000000000e+03
8.449000000000000000e+03
8.651000000000000000e+03
8.894000000000000000e+03
9.130000000000000000e+03
9.342000000000000000e+03
9.586000000000000000e+03
9.825000000000000000e+03
1.007900000000000000e+04
1.030500000000000000e+04
1.056400000000000000e+04
1.082600000000000000e+04
1.108500000000000000e+04
1.132700000000000000e+04
1.158300000000000000e+04
1.183900000000000000e+04
1.206900000000000000e+04
1.232200000000000000e+04
1.257200000000000000e+04
1.284800000000000000e+04
1.314400000000000000e+04
1.344600000000000000e+04
1.376400000000000000e+04
1.408900000000000000e+04
1.442500000000000000e+04
1.475100000000000000e+04
1.508700000000000000e+04
1.541900000000000000e+04
1.578900000000000000e+04
1.614200000000000000e+04
1.653300000000000000e+04
1.688600000000000000e+04
1.725900000000000000e+04
1.765000000000000000e+04
1.803400000000000000e+04
1.845500000000000000e+04
1.887300000000000000e+04
1.927800000000000000e+04
1.970900000000000000e+04
2.014600000000000000e+04
2.064400000000000000e+04
2.114400000000000000e+04
2.159500000000000000e+04
2.208100000000000000e+04
2.260500000000000000e+04
2.317200000000000000e+04
2.376000000000000000e+04
2.432700000000000000e+04
2.499500000000000000e+04
2.563100000000000000e+04
2.627900000000000000e+04
2.695700000000000000e+04
2.775900000000000000e+04
2.854400000000000000e+04
2.940000000000000000e+04
3.034700000000000000e+04
3.139800000000000000e+04
3.243800000000000000e+04
3.358800000000000000e+04
3.482300000000000000e+04
3.605800000000000000e+04
3.742200000000000000e+04
3.893600000000000000e+04
4.049000000000000000e+04
4.214900000000000000e+04
4.392200000000000000e+04
4.583900000000000000e+04
4.790100000000000000e+04
5.022600000000000000e+04
5.265000000000000000e+04
5.521700000000000000e+04
5.795600000000000000e+04
6.090500000000000000e+04
6.404300000000000000e+04
6.760700000000000000e+04
7.118000000000000000e+04
7.505900000000000000e+04
7.935300000000000000e+04
8.391700000000000000e+04
8.890200000000000000e+04
9.428800000000000000e+04
1.001610000000000000e+05
1.062470000000000000e+05
1.131480000000000000e+05
1.204430000000000000e+05
1.282660000000000000e+05
1.366120000000000000e+05
1.457240000000000000e+05
1.556190000000000000e+05
1.663120000000000000e+05
1.778170000000000000e+05
1.901880000000000000e+05
2.035300000000000000e+05
2.181010000000000000e+05
2.335790000000000000e+05
2.502170000000000000e+05
2.683860000000000000e+05
2.878850000000000000e+05
3.088840000000000000e+05
3.316600000000000000e+05
3.557160000000000000e+05
3.815420000000000000e+05
4.091980000000000000e+05
4.389320000000000000e+05
4.708810000000000000e+05
5.048830000000000000e+05
5.418930000000000000e+05
5.809460000000000000e+05
6.227320000000000000e+05
6.673380000000000000e+05
7.146470000000000000e+05
7.648860000000000000e+05
8.181390000000000000e+05
8.750340000000000000e+05
9.354750000000000000e+05
9.996710000000000000e+05
1.067117000000000000e+06
1.138350000000000000e+06
1.213761000000000000e+06
1.293152000000000000e+06
1.375573000000000000e+06
1.462827000000000000e+06
1.554030000000000000e+06
1.648771000000000000e+06
1.747825000000000000e+06
1.850871000000000000e+06
1.956886000000000000e+06
2.066488000000000000e+06
2.178866000000000000e+06
2.294769000000000000e+06
