1.000000000000000000e+02
2.050000000000000000e+02
3.060000000000000000e+02
4.030000000000000000e+02
5.030000000000000000e+02
6.050000000000000000e+02
7.270000000000000000e+02
8.200000000000000000e+02
9.290000000000000000e+02
1.056000000000000000e+03
1.174000000000000000e+03
1.291000000000000000e+03
1.422000000000000000e+03
1.563000000000000000e+03
1.703000000000000000e+03
1.825000000000000000e+03
1.974000000000000000e+03
2.109000000000000000e+03
2.258000000000000000e+03
2.404000000000000000e+03
2.539000000000000000e+03
2.678000000000000000e+03
2.809000000000000000e+03
2.949000000000000000e+03
3.097000000000000000e+03
3.230000000000000000e+03
3.368000000000000000e+03
3.513000000000000000e+03
3.655000000000000000e+03
3.798000000000000000e+03
3.965000000000000000e+03
4.124000000000000000e+03
4.278000000000000000e+03
4.425000000000000000e+03
4.564000000000000000e+03
4.697000000000000000e+03
4.843000000000000000e+03
4.971000000000000000e+03
5.114000000000000000e+03
5.248000000000000000e+03
5.385000000000000000e+03
5.536000000000000000e+03
5.687000000000000000e+03
5.827000000000000000e+03
5.972000000000000000e+03
6.127000000000000000e+03
6.298000000000000000e+03
6.435000000000000000e+03
6.586000000000000000e+03
6.740000000000000000e+03
6.892000000000000000e+03
7.038000000000000000e+03
7.195000000000000000e+03
7.362000000000000000e+03
7.520000000000000000e+03
7.665000000000000000e+03
7.838000000000000000e+03
8.001000000000000000e+03
8.179000000000000000e+03
8.335000000000000000e+03
8.499000000000000000e+03
8.661000000000000000e+03
8.852000000000000000e+03
9.033000000000000000e+03
9.197000000000000000e+03
9.362000000000000000e+03
9.554000000000000000e+03
9.753000000000000000e+03
9.968000000000000000e+03
1.014900000000000000e+04
1.035100000000000000e+04
1.056500000000000000e+04
1.077500000000000000e+04
1.101800000000000000e+04
1.126300000000000000e+04
1.149400000000000000e+04
1.173300000000000000e+04
1.198700000000000000e+04
1.224900000000000000e+04
1.250800000000000000e+04
1.273800000000000000e+04
1.300500000000000000e+04
1.330100000000000000e+04
1.356500000000000000e+04
1.386300000000000000e+04
1.415200000000000000e+04
1.440100000000000000e+04
1.468000000000000000e+04
1.496400000000000000e+04
1.526900000000000000e+04
1.559200000000000000e+04
1.591700000000000000e+04
1.619300000000000000e+04
1.648200000000000000e+04
1.678600000000000000e+04
1.709600000000000000e+04
1.743200000000000000e+04
1.776400000000000000e+04
1.811600000000000000e+04
1.844900000000000000e+04
1.877300000000000000e+04
1.913700000000000000e+04
1.948300000000000000e+04
1.982700000000000000e+04
2.020600000000000000e+04
2.057300000000000000e+04
2.097700000000000000e+04
2.133500000000000000e+04
2.175000000000000000e+04
2.216200000000000000e+04
2.258100000000000000e+04
2.300700000000000000e+04
2.346100000000000000e+04
2.393200000000000000e+04
2.441900000000000000e+04
2.491500000000000000e+04
2.541300000000000000e+04
2.596200000000000000e+04
2.651500000000000000e+04
2.703700000000000000e+04
2.762200000000000000e+04
2.822700000000000000e+04
2.887000000000000000e+04
2.954700000000000000e+04
3.029700000000000000e+04
3.105000000000000000e+04
3.185300000000000000e+04
3.269200000000000000e+04
3.363600000000000000e+04
3.462800000000000000e+04
3.558300000000000000e+04
3.661200000000000000e+04
3.775700000000000000e+04
3.894000000000000000e+04
4.019100000000000000e+04
4.161700000000000000e+04
4.308000000000000000e+04
4.468400000000000000e+04
4.639400000000000000e+04
4.819700000000000000e+04
5.017000000000000000e+04
5.233600000000000000e+04
5.465200000000000000e+04
5.705400000000000000e+04
5.969700000000000000e+04
6.258000000000000000e+04
6.555900000000000000e+04
6.880600000000000000e+04
7.228400000000000000e+04
7.595100000000000000e+04
7.990800000000000000e+04
8.423400000000000000e+04
8.886000000000000000e+04
9.378000000000000000e+04
9.904700000000000000e+04
1.049660000000000000e+05
1.110350000000000000e+05
1.175980000000000000e+05
1.247190000000000000e+05
1.322430000000000000e+05
1.407670000000000000e+05
1.496650000000000000e+05
1.590440000000000000e+05
1.690680000000000000e+05
1.800720000000000000e+05
1.919400000000000000e+05
2.047540000000000000e+05
2.183550000000000000e+05
2.329930000000000000e+05
2.489890000000000000e+05
2.658690000000000000e+05
2.843100000000000000e+05
3.040530000000000000e+05
3.253470000000000000e+05
3.479700000000000000e+05
3.724830000000000000e+05
3.985850000000000000e+05
4.270020000000000000e+05
4.571210000000000000e+05
4.895840000000000000e+05
5.243610000000000000e+05
5.616630000000000000e+05
6.010970000000000000e+05
6.432610000000000000e+05
6.886700000000000000e+05
7.362460000000000000e+05
7.875480000000000000e+05
8.417260000000000000e+05
8.993690000000000000e+05
9.604620000000000000e+05
1.024807000000000000e+06
1.092909000000000000e+06
1.164433000000000000e+06
1.240224000000000000e+06
1.319672000000000000e+06
1.402829000000000000e+06
1.490213000000000000e+06
1.581343000000000000e+06
1.676459000000000000e+06
1.775487000000000000e+06
