1.000000000000000000e+02
2.350000000000000000e+02
3.310000000000000000e+02
4.260000000000000000e+02
5.190000000000000000e+02
6.110000000000000000e+02
6.970000000000000000e+02
8.030000000000000000e+02
8.880000000000000000e+02
9.840000000000000000e+02
1.060000000000000000e+03
1.151000000000000000e+03
1.263000000000000000e+03
1.354000000000000000e+03
1.449000000000000000e+03
1.534000000000000000e+03
1.632000000000000000e+03
1.735000000000000000e+03
1.827000000000000000e+03
1.928000000000000000e+03
2.033000000000000000e+03
2.142000000000000000e+03
2.246000000000000000e+03
2.356000000000000000e+03
2.465000000000000000e+03
2.576000000000000000e+03
2.670000000000000000e+03
2.757000000000000000e+03
2.870000000000000000e+03
2.966000000000000000e+03
3.078000000000000000e+03
3.166000000000000000e+03
3.258000000000000000e+03
3.369000000000000000e+03
3.487000000000000000e+03
3.604000000000000000e+03
3.720000000000000000e+03
3.832000000000000000e+03
3.948000000000000000e+03
4.092000000000000000e+03
4.228000000000000000e+03
4.379000000000000000e+03
4.520000000000000000e+03
4.679000000000000000e+03
4.817000000000000000e+03
4.972000000000000000e+03
5.107000000000000000e+03
5.273000000000000000e+03
5.425000000000000000e+03
5.634000000000000000e+03
5.811000000000000000e+03
6.000000000000000000e+03
6.202000000000000000e+03
6.386000000000000000e+03
6.589000000000000000e+03
6.786000000000000000e+03
6.963000000000000000e+03
7.159000000000000000e+03
7.369000000000000000e+03
7.563000000000000000e+03
7.753000000000000000e+03
7.952000000000000000e+03
8.157000000000000000e+03
8.349000000000000000e+03
8.551000000000000000e+03
8.793000000000000000e+03
9.024000000000000000e+03
9.260000000000000000e+03
9.520000000000000000e+03
9.728000000000000000e+03
9.967000000000000000e+03
1.017700000000000000e+04
1.039800000000000000e+04
1.064800000000000000e+04
1.089600000000000000e+04
1.113100000000000000e+04
1.139100000000000000e+04
1.163300000000000000e+04
1.188100000000000000e+04
1.211200000000000000e+04
1.238600000000000000e+04
1.263600000000000000e+04
1.289200000000000000e+04
1.317200000000000000e+04
1.345100000000000000e+04
1.369300000000000000e+04
1.394800000000000000e+04
1.421700000000000000e+04
1.446600000000000000e+04
1.473900000000000000e+04
1.502200000000000000e+04
1.534400000000000000e+04
1.565400000000000000e+04
1.595800000000000000e+04
1.628100000000000000e+04
1.656300000000000000e+04
1.686900000000000000e+04
1.718400000000000000e+04
1.748900000000000000e+04
1.780000000000000000e+04
1.809300000000000000e+04
1.842700000000000000e+04
1.874400000000000000e+04
1.906600000000000000e+04
1.942000000000000000e+04
1.975900000000000000e+04
2.010500000000000000e+04
2.045200000000000000e+04
2.080300000000000000e+04
2.117700000000000000e+04
2.155200000000000000e+04
2.190100000000000000e+04
2.228500000000000000e+04
2.268700000000000000e+04
2.314000000000000000e+04
2.358900000000000000e+04
2.403600000000000000e+04
2.450300000000000000e+04
2.500000000000000000e+04
2.550100000000000000e+04
2.601500000000000000e+04
2.654600000000000000e+04
2.711900000000000000e+04
2.772700000000000000e+04
2.839400000000000000e+04
2.903100000000000000e+04
2.970100000000000000e+04
3.045600000000000000e+04
3.119600000000000000e+04
3.195900000000000000e+04
3.278600000000000000e+04
3.369700000000000000e+04
3.464200000000000000e+04
3.565800000000000000e+04
3.674700000000000000e+04
3.791800000000000000e+04
3.914800000000000000e+04
4.046300000000000000e+04
4.188200000000000000e+04
4.345700000000000000e+04
4.510300000000000000e+04
4.687800000000000000e+04
4.876900000000000000e+04
5.080900000000000000e+04
5.308100000000000000e+04
5.536800000000000000e+04
5.793500000000000000e+04
6.071400000000000000e+04
6.367800000000000000e+04
6.691500000000000000e+04
7.033100000000000000e+04
7.394600000000000000e+04
7.784400000000000000e+04
8.214500000000000000e+04
8.661700000000000000e+04
9.149300000000000000e+04
9.682400000000000000e+04
1.025880000000000000e+05
1.088900000000000000e+05
1.156380000000000000e+05
1.227850000000000000e+05
1.306810000000000000e+05
1.391730000000000000e+05
1.483250000000000000e+05
1.581700000000000000e+05
1.689130000000000000e+05
1.805040000000000000e+05
1.928430000000000000e+05
2.060370000000000000e+05
2.200400000000000000e+05
2.351740000000000000e+05
2.516380000000000000e+05
2.694170000000000000e+05
2.885600000000000000e+05
3.090200000000000000e+05
3.309800000000000000e+05
3.543970000000000000e+05
3.795670000000000000e+05
4.067730000000000000e+05
4.357350000000000000e+05
4.669510000000000000e+05
5.003090000000000000e+05
5.354950000000000000e+05
5.736710000000000000e+05
6.144800000000000000e+05
6.576440000000000000e+05
7.034470000000000000e+05
7.527580000000000000e+05
8.052430000000000000e+05
8.603250000000000000e+05
9.186050000000000000e+05
9.813500000000000000e+05
1.046878000000000000e+06
1.116563000000000000e+06
1.189912000000000000e+06
1.266742000000000000e+06
1.347950000000000000e+06
1.432951000000000000e+06
1.521500000000000000e+06
1.614123000000000000e+06
