1.000000000000000000e+02
2.210000000000000000e+02
3.240000000000000000e+02
4.040000000000000000e+02
5.060000000000000000e+02
6.170000000000000000e+02
7.110000000000000000e+02
7.980000000000000000e+02
9.000000000000000000e+02
9.960000000000000000e+02
1.091000000000000000e+03
1.188000000000000000e+03
1.286000000000000000e+03
1.386000000000000000e+03
1.487000000000000000e+03
1.594000000000000000e+03
1.698000000000000000e+03
1.786000000000000000e+03
1.913000000000000000e+03
2.036000000000000000e+03
2.148000000000000000e+03
2.276000000000000000e+03
2.405000000000000000e+03
2.557000000000000000e+03
2.695000000000000000e+03
2.818000000000000000e+03
2.960000000000000000e+03
3.115000000000000000e+03
3.284000000000000000e+03
3.405000000000000000e+03
3.556000000000000000e+03
3.699000000000000000e+03
3.850000000000000000e+03
3.998000000000000000e+03
4.150000000000000000e+03
4.306000000000000000e+03
4.469000000000000000e+03
4.614000000000000000e+03
4.787000000000000000e+03
4.945000000000000000e+03
5.094000000000000000e+03
5.261000000000000000e+03
5.440000000000000000e+03
5.620000000000000000e+03
5.815000000000000000e+03
5.994000000000000000e+03
6.182000000000000000e+03
6.379000000000000000e+03
6.583000000000000000e+03
6.773000000000000000e+03
6.972000000000000000e+03
7.171000000000000000e+03
7.356000000000000000e+03
7.567000000000000000e+03
7.760000000000000000e+03
7.975000000000000000e+03
8.168000000000000000e+03
8.399000000000000000e+03
8.634000000000000000e+03
8.886000000000000000e+03
9.113000000000000000e+03
9.330000000000000000e+03
9.569000000000000000e+03
9.816000000000000000e+03
1.009400000000000000e+04
1.035100000000000000e+04
1.060900000000000000e+04
1.085500000000000000e+04
1.116000000000000000e+04
1.142500000000000000e+04
1.167700000000000000e+04
1.195600000000000000e+04
1.225200000000000000e+04
1.253100000000000000e+04
1.280200000000000000e+04
1.312000000000000000e+04
1.340400000000000000e+04
1.370900000000000000e+04
1.404100000000000000e+04
1.431100000000000000e+04
1.460900000000000000e+04
1.492500000000000000e+04
1.522400000000000000e+04
1.554300000000000000e+04
1.587400000000000000e+04
1.618900000000000000e+04
1.652200000000000000e+04
1.686300000000000000e+04
1.723300000000000000e+04
1.758900000000000000e+04
1.796700000000000000e+04
1.835400000000000000e+04
1.872100000000000000e+04
1.911000000000000000e+04
1.952400000000000000e+04
1.989900000000000000e+04
2.033000000000000000e+04
2.076300000000000000e+04
2.121600000000000000e+04
2.166900000000000000e+04
2.209200000000000000e+04
2.253800000000000000e+04
2.299200000000000000e+04
2.352500000000000000e+04
2.405800000000000000e+04
2.463400000000000000e+04
2.523600000000000000e+04
2.580400000000000000e+04
2.644600000000000000e+04
2.708800000000000000e+04
2.775600000000000000e+04
2.846800000000000000e+04
2.925000000000000000e+04
3.010400000000000000e+04
3.095700000000000000e+04
3.184600000000000000e+04
3.284000000000000000e+04
3.394800000000000000e+04
3.511100000000000000e+04
3.636800000000000000e+04
3.767300000000000000e+04
3.906200000000000000e+04
4.057600000000000000e+04
4.219700000000000000e+04
4.392700000000000000e+04
4.579600000000000000e+04
4.773900000000000000e+04
4.987700000000000000e+04
5.219100000000000000e+04
5.464800000000000000e+04
5.731000000000000000e+04
6.016300000000000000e+04
6.326600000000000000e+04
6.664800000000000000e+04
7.023100000000000000e+04
7.417400000000000000e+04
7.838800000000000000e+04
8.296300000000000000e+04
8.798800000000000000e+04
9.330600000000000000e+04
9.909200000000000000e+04
1.054190000000000000e+05
1.119780000000000000e+05
1.190710000000000000e+05
1.268970000000000000e+05
1.353740000000000000e+05
1.441920000000000000e+05
1.539580000000000000e+05
1.643860000000000000e+05
1.756010000000000000e+05
1.877560000000000000e+05
2.006830000000000000e+05
2.147150000000000000e+05
2.297980000000000000e+05
2.458850000000000000e+05
2.633260000000000000e+05
2.820510000000000000e+05
3.023300000000000000e+05
3.241300000000000000e+05
3.474050000000000000e+05
3.721810000000000000e+05
3.987060000000000000e+05
4.271530000000000000e+05
4.578960000000000000e+05
4.904330000000000000e+05
5.253570000000000000e+05
5.628560000000000000e+05
6.030280000000000000e+05
6.460150000000000000e+05
6.914880000000000000e+05
7.398780000000000000e+05
7.912630000000000000e+05
8.463530000000000000e+05
9.047100000000000000e+05
9.662890000000000000e+05
1.031241000000000000e+06
1.100086000000000000e+06
1.172630000000000000e+06
1.249567000000000000e+06
1.330260000000000000e+06
1.414423000000000000e+06
1.502983000000000000e+06
1.595615000000000000e+06
1.691337000000000000e+06
1.791562000000000000e+06
1.895314000000000000e+06
2.002597000000000000e+06
2.113290000000000000e+06
2.227062000000000000e+06
2.343861000000000000e+06
2.462868000000000000e+06
2.584709000000000000e+06
2.709101000000000000e+06
2.835319000000000000e+06
2.961824000000000000e+06
3.090039000000000000e+06
3.218031000000000000e+06
3.346956000000000000e+06
3.475449000000000000e+06
3.602652000000000000e+06
