1.000000000000000000e+02
2.270000000000000000e+02
3.250000000000000000e+02
4.270000000000000000e+02
5.170000000000000000e+02
6.070000000000000000e+02
7.180000000000000000e+02
8.140000000000000000e+02
9.020000000000000000e+02
1.004000000000000000e+03
1.114000000000000000e+03
1.200000000000000000e+03
1.324000000000000000e+03
1.428000000000000000e+03
1.558000000000000000e+03
1.653000000000000000e+03
1.770000000000000000e+03
1.897000000000000000e+03
1.993000000000000000e+03
2.128000000000000000e+03
2.267000000000000000e+03
2.404000000000000000e+03
2.550000000000000000e+03
2.695000000000000000e+03
2.818000000000000000e+03
2.977000000000000000e+03
3.140000000000000000e+03
3.293000000000000000e+03
3.444000000000000000e+03
3.604000000000000000e+03
3.747000000000000000e+03
3.909000000000000000e+03
4.080000000000000000e+03
4.220000000000000000e+03
4.400000000000000000e+03
4.565000000000000000e+03
4.758000000000000000e+03
4.937000000000000000e+03
5.102000000000000000e+03
5.291000000000000000e+03
5.479000000000000000e+03
5.677000000000000000e+03
5.847000000000000000e+03
6.052000000000000000e+03
6.266000000000000000e+03
6.509000000000000000e+03
6.738000000000000000e+03
6.932000000000000000e+03
7.162000000000000000e+03
7.386000000000000000e+03
7.640000000000000000e+03
7.866000000000000000e+03
8.103000000000000000e+03
8.366000000000000000e+03
8.616000000000000000e+03
8.847000000000000000e+03
9.074000000000000000e+03
9.312000000000000000e+03
9.536000000000000000e+03
9.784000000000000000e+03
1.002200000000000000e+04
1.026500000000000000e+04
1.055500000000000000e+04
1.084800000000000000e+04
1.113900000000000000e+04
1.149600000000000000e+04
1.180100000000000000e+04
1.210100000000000000e+04
1.243700000000000000e+04
1.274800000000000000e+04
1.304400000000000000e+04
1.335800000000000000e+04
1.366000000000000000e+04
1.398900000000000000e+04
1.432400000000000000e+04
1.466100000000000000e+04
1.498800000000000000e+04
1.531900000000000000e+04
1.565900000000000000e+04
1.599600000000000000e+04
1.637500000000000000e+04
1.675300000000000000e+04
1.713000000000000000e+04
1.747500000000000000e+04
1.783500000000000000e+04
1.823300000000000000e+04
1.863200000000000000e+04
1.903500000000000000e+04
1.944100000000000000e+04
1.988700000000000000e+04
2.032600000000000000e+04
2.081600000000000000e+04
2.128200000000000000e+04
2.174300000000000000e+04
2.222600000000000000e+04
2.275000000000000000e+04
2.333400000000000000e+04
2.391100000000000000e+04
2.446600000000000000e+04
2.508000000000000000e+04
2.569900000000000000e+04
2.639100000000000000e+04
2.709100000000000000e+04
2.780800000000000000e+04
2.860400000000000000e+04
2.946700000000000000e+04
3.041800000000000000e+04
3.139200000000000000e+04
3.242100000000000000e+04
3.350200000000000000e+04
3.467300000000000000e+04
3.591700000000000000e+04
3.718700000000000000e+04
3.850700000000000000e+04
3.998300000000000000e+04
4.156200000000000000e+04
4.330500000000000000e+04
4.502500000000000000e+04
4.702100000000000000e+04
4.916200000000000000e+04
5.155300000000000000e+04
5.395500000000000000e+04
5.664900000000000000e+04
5.957800000000000000e+04
6.274500000000000000e+04
6.601200000000000000e+04
6.977800000000000000e+04
7.367900000000000000e+04
7.778900000000000000e+04
8.236000000000000000e+04
8.727600000000000000e+04
9.252900000000000000e+04
9.812700000000000000e+04
1.041440000000000000e+05
1.106390000000000000e+05
1.176580000000000000e+05
1.251120000000000000e+05
1.331980000000000000e+05
1.419580000000000000e+05
1.514930000000000000e+05
1.617430000000000000e+05
1.727670000000000000e+05
1.845280000000000000e+05
1.971830000000000000e+05
2.109150000000000000e+05
2.256140000000000000e+05
2.413390000000000000e+05
2.586100000000000000e+05
2.769290000000000000e+05
2.968000000000000000e+05
3.181170000000000000e+05
3.410410000000000000e+05
3.654340000000000000e+05
3.916700000000000000e+05
4.197130000000000000e+05
4.498420000000000000e+05
4.822050000000000000e+05
5.166630000000000000e+05
5.534070000000000000e+05
5.924320000000000000e+05
6.345640000000000000e+05
6.791330000000000000e+05
7.267500000000000000e+05
7.774790000000000000e+05
8.317320000000000000e+05
8.890990000000000000e+05
9.494900000000000000e+05
1.013525000000000000e+06
1.081386000000000000e+06
1.152522000000000000e+06
1.227872000000000000e+06
1.307046000000000000e+06
1.390310000000000000e+06
1.476798000000000000e+06
1.568242000000000000e+06
1.663436000000000000e+06
1.762065000000000000e+06
1.863988000000000000e+06
1.969897000000000000e+06
2.079275000000000000e+06
2.191998000000000000e+06
2.307966000000000000e+06
2.426533000000000000e+06
2.547503000000000000e+06
2.671395000000000000e+06
2.796523000000000000e+06
2.923204000000000000e+06
3.051220000000000000e+06
3.179052000000000000e+06
3.307920000000000000e+06
3.436461000000000000e+06
3.564280000000000000e+06
3.690774000000000000e+06
3.815881000000000000e+06
3.939196000000000000e+06
4.060368000000000000e+06
4.179419000000000000e+06
4.295300000000000000e+06
4.408504000000000000e+06
4.517898000000000000e+06
