1.000000000000000000e+02
2.270000000000000000e+02
3.140000000000000000e+02
4.090000000000000000e+02
4.940000000000000000e+02
6.150000000000000000e+02
7.030000000000000000e+02
7.840000000000000000e+02
8.770000000000000000e+02
9.710000000000000000e+02
1.055000000000000000e+03
1.148000000000000000e+03
1.244000000000000000e+03
1.355000000000000000e+03
1.461000000000000000e+03
1.567000000000000000e+03
1.692000000000000000e+03
1.796000000000000000e+03
1.910000000000000000e+03
2.031000000000000000e+03
2.154000000000000000e+03
2.285000000000000000e+03
2.402000000000000000e+03
2.514000000000000000e+03
2.645000000000000000e+03
2.778000000000000000e+03
2.890000000000000000e+03
3.035000000000000000e+03
3.134000000000000000e+03
3.269000000000000000e+03
3.430000000000000000e+03
3.574000000000000000e+03
3.744000000000000000e+03
3.895000000000000000e+03
4.036000000000000000e+03
4.200000000000000000e+03
4.346000000000000000e+03
4.493000000000000000e+03
4.626000000000000000e+03
4.761000000000000000e+03
4.890000000000000000e+03
5.026000000000000000e+03
5.171000000000000000e+03
5.298000000000000000e+03
5.409000000000000000e+03
5.545000000000000000e+03
5.667000000000000000e+03
5.804000000000000000e+03
5.937000000000000000e+03
6.061000000000000000e+03
6.190000000000000000e+03
6.306000000000000000e+03
6.427000000000000000e+03
6.565000000000000000e+03
6.688000000000000000e+03
6.798000000000000000e+03
6.919000000000000000e+03
7.047000000000000000e+03
7.177000000000000000e+03
7.308000000000000000e+03
7.443000000000000000e+03
7.595000000000000000e+03
7.766000000000000000e+03
7.919000000000000000e+03
8.093000000000000000e+03
8.268000000000000000e+03
8.445000000000000000e+03
8.616000000000000000e+03
8.819000000000000000e+03
8.993000000000000000e+03
9.181000000000000000e+03
9.356000000000000000e+03
9.570000000000000000e+03
9.761000000000000000e+03
9.943000000000000000e+03
1.011500000000000000e+04
1.034300000000000000e+04
1.056000000000000000e+04
1.078800000000000000e+04
1.099500000000000000e+04
1.120700000000000000e+04
1.145800000000000000e+04
1.167300000000000000e+04
1.189400000000000000e+04
1.212500000000000000e+04
1.235800000000000000e+04
1.258000000000000000e+04
1.283900000000000000e+04
1.310400000000000000e+04
1.335500000000000000e+04
1.361900000000000000e+04
1.387400000000000000e+04
1.411500000000000000e+04
1.438200000000000000e+04
1.464600000000000000e+04
1.491900000000000000e+04
1.520400000000000000e+04
1.551200000000000000e+04
1.583300000000000000e+04
1.612600000000000000e+04
1.644800000000000000e+04
1.677600000000000000e+04
1.710800000000000000e+04
1.745500000000000000e+04
1.779200000000000000e+04
1.816700000000000000e+04
1.850300000000000000e+04
1.887500000000000000e+04
1.922400000000000000e+04
1.960100000000000000e+04
1.997700000000000000e+04
2.033700000000000000e+04
2.075300000000000000e+04
2.117400000000000000e+04
2.155000000000000000e+04
2.193900000000000000e+04
2.233400000000000000e+04
2.273800000000000000e+04
2.316800000000000000e+04
2.363000000000000000e+04
2.408000000000000000e+04
2.454500000000000000e+04
2.502600000000000000e+04
2.556500000000000000e+04
2.613100000000000000e+04
2.668000000000000000e+04
2.727900000000000000e+04
2.787100000000000000e+04
2.849000000000000000e+04
2.911700000000000000e+04
2.983400000000000000e+04
3.057300000000000000e+04
3.133800000000000000e+04
3.219500000000000000e+04
3.309200000000000000e+04
3.404100000000000000e+04
3.512200000000000000e+04
3.621900000000000000e+04
3.745200000000000000e+04
3.873400000000000000e+04
4.011000000000000000e+04
4.155000000000000000e+04
4.321700000000000000e+04
4.495900000000000000e+04
4.679100000000000000e+04
4.877600000000000000e+04
5.091000000000000000e+04
5.326700000000000000e+04
5.575700000000000000e+04
5.847200000000000000e+04
6.138400000000000000e+04
6.457400000000000000e+04
6.782900000000000000e+04
7.135000000000000000e+04
7.517000000000000000e+04
7.928500000000000000e+04
8.371600000000000000e+04
8.847000000000000000e+04
9.344100000000000000e+04
9.892700000000000000e+04
1.047770000000000000e+05
1.112880000000000000e+05
1.180350000000000000e+05
1.256100000000000000e+05
1.337350000000000000e+05
1.424700000000000000e+05
1.520740000000000000e+05
1.621230000000000000e+05
1.729940000000000000e+05
1.845670000000000000e+05
1.973730000000000000e+05
2.110330000000000000e+05
2.257860000000000000e+05
2.411700000000000000e+05
2.581070000000000000e+05
2.763690000000000000e+05
2.957800000000000000e+05
3.167190000000000000e+05
3.393170000000000000e+05
3.634950000000000000e+05
3.895750000000000000e+05
4.174530000000000000e+05
4.478120000000000000e+05
4.799420000000000000e+05
5.142130000000000000e+05
5.510700000000000000e+05
5.901820000000000000e+05
6.322710000000000000e+05
6.769000000000000000e+05
7.245050000000000000e+05
7.753990000000000000e+05
8.294660000000000000e+05
8.866380000000000000e+05
9.473560000000000000e+05
1.011388000000000000e+06
1.079655000000000000e+06
1.151236000000000000e+06
1.226694000000000000e+06
1.305568000000000000e+06
1.388660000000000000e+06
