1.000000000000000000e+02
2.170000000000000000e+02
3.170000000000000000e+02
4.070000000000000000e+02
4.790000000000000000e+02
5.770000000000000000e+02
6.620000000000000000e+02
7.640000000000000000e+02
8.480000000000000000e+02
9.650000000000000000e+02
1.067000000000000000e+03
1.157000000000000000e+03
1.238000000000000000e+03
1.334000000000000000e+03
1.445000000000000000e+03
1.520000000000000000e+03
1.617000000000000000e+03
1.715000000000000000e+03
1.814000000000000000e+03
1.902000000000000000e+03
2.007000000000000000e+03
2.117000000000000000e+03
2.238000000000000000e+03
2.360000000000000000e+03
2.462000000000000000e+03
2.597000000000000000e+03
2.702000000000000000e+03
2.834000000000000000e+03
2.953000000000000000e+03
3.074000000000000000e+03
3.202000000000000000e+03
3.349000000000000000e+03
3.488000000000000000e+03
3.646000000000000000e+03
3.791000000000000000e+03
3.934000000000000000e+03
4.095000000000000000e+03
4.237000000000000000e+03
4.393000000000000000e+03
4.553000000000000000e+03
4.723000000000000000e+03
4.897000000000000000e+03
5.089000000000000000e+03
5.280000000000000000e+03
5.449000000000000000e+03
5.630000000000000000e+03
5.793000000000000000e+03
5.957000000000000000e+03
6.158000000000000000e+03
6.343000000000000000e+03
6.556000000000000000e+03
6.772000000000000000e+03
6.982000000000000000e+03
7.203000000000000000e+03
7.461000000000000000e+03
7.676000000000000000e+03
7.909000000000000000e+03
8.131000000000000000e+03
8.364000000000000000e+03
8.609000000000000000e+03
8.843000000000000000e+03
9.073000000000000000e+03
9.334000000000000000e+03
9.609000000000000000e+03
9.876000000000000000e+03
1.013100000000000000e+04
1.043300000000000000e+04
1.076500000000000000e+04
1.103600000000000000e+04
1.130200000000000000e+04
1.161400000000000000e+04
1.189600000000000000e+04
1.222600000000000000e+04
1.253800000000000000e+04
1.291700000000000000e+04
1.325700000000000000e+04
1.364100000000000000e+04
1.399000000000000000e+04
1.439000000000000000e+04
1.482500000000000000e+04
1.527200000000000000e+04
1.570700000000000000e+04
1.614400000000000000e+04
1.657600000000000000e+04
1.704300000000000000e+04
1.754400000000000000e+04
1.807200000000000000e+04
1.862700000000000000e+04
1.916400000000000000e+04
1.969800000000000000e+04
2.025300000000000000e+04
2.085600000000000000e+04
2.149700000000000000e+04
2.216900000000000000e+04
2.288100000000000000e+04
2.358900000000000000e+04
2.431500000000000000e+04
2.513600000000000000e+04
2.599400000000000000e+04
2.698300000000000000e+04
2.805900000000000000e+04
2.909300000000000000e+04
3.023300000000000000e+04
3.144900000000000000e+04
3.276400000000000000e+04
3.412900000000000000e+04
3.555900000000000000e+04
3.704300000000000000e+04
3.871800000000000000e+04
4.053000000000000000e+04
4.248700000000000000e+04
4.460100000000000000e+04
4.683100000000000000e+04
4.928600000000000000e+04
5.186200000000000000e+04
5.453100000000000000e+04
5.756800000000000000e+04
6.089000000000000000e+04
6.426700000000000000e+04
6.799600000000000000e+04
7.192200000000000000e+04
7.621100000000000000e+04
8.087400000000000000e+04
8.586500000000000000e+04
9.131300000000000000e+04
9.693000000000000000e+04
1.031390000000000000e+05
1.099040000000000000e+05
1.171990000000000000e+05
1.247960000000000000e+05
1.330880000000000000e+05
1.422020000000000000e+05
1.519800000000000000e+05
1.622390000000000000e+05
1.734430000000000000e+05
1.853330000000000000e+05
1.981420000000000000e+05
2.117400000000000000e+05
2.267050000000000000e+05
2.424560000000000000e+05
2.594670000000000000e+05
2.779690000000000000e+05
2.977570000000000000e+05
3.187830000000000000e+05
3.416260000000000000e+05
3.663100000000000000e+05
3.926010000000000000e+05
4.208470000000000000e+05
4.511920000000000000e+05
4.833850000000000000e+05
5.178860000000000000e+05
5.548620000000000000e+05
5.943950000000000000e+05
6.367080000000000000e+05
6.816690000000000000e+05
7.294720000000000000e+05
7.806940000000000000e+05
8.346110000000000000e+05
8.921530000000000000e+05
9.527970000000000000e+05
1.017053000000000000e+06
1.084798000000000000e+06
1.156538000000000000e+06
1.231786000000000000e+06
1.310821000000000000e+06
1.393978000000000000e+06
1.480731000000000000e+06
1.572224000000000000e+06
1.667388000000000000e+06
1.766429000000000000e+06
1.868982000000000000e+06
1.974525000000000000e+06
2.084714000000000000e+06
2.197547000000000000e+06
2.313927000000000000e+06
2.432304000000000000e+06
2.554047000000000000e+06
2.677736000000000000e+06
2.803336000000000000e+06
2.929711000000000000e+06
3.057457000000000000e+06
3.186405000000000000e+06
3.315277000000000000e+06
3.443865000000000000e+06
3.572022000000000000e+06
3.698954000000000000e+06
3.824619000000000000e+06
3.948308000000000000e+06
4.070167000000000000e+06
4.188817000000000000e+06
4.304393000000000000e+06
4.416869000000000000e+06
4.525784000000000000e+06
4.631514000000000000e+06
4.733652000000000000e+06
4.831831000000000000e+06
4.925357000000000000e+06
5.015155000000000000e+06
5.101502000000000000e+06
5.183086000000000000e+06
