1.000000000000000000e+02
2.280000000000000000e+02
3.110000000000000000e+02
3.980000000000000000e+02
4.890000000000000000e+02
5.730000000000000000e+02
6.660000000000000000e+02
7.570000000000000000e+02
8.390000000000000000e+02
9.170000000000000000e+02
9.950000000000000000e+02
1.087000000000000000e+03
1.188000000000000000e+03
1.278000000000000000e+03
1.356000000000000000e+03
1.442000000000000000e+03
1.521000000000000000e+03
1.626000000000000000e+03
1.710000000000000000e+03
1.844000000000000000e+03
1.957000000000000000e+03
2.083000000000000000e+03
2.195000000000000000e+03
2.323000000000000000e+03
2.443000000000000000e+03
2.555000000000000000e+03
2.697000000000000000e+03
2.810000000000000000e+03
2.935000000000000000e+03
3.063000000000000000e+03
3.197000000000000000e+03
3.343000000000000000e+03
3.496000000000000000e+03
3.642000000000000000e+03
3.787000000000000000e+03
3.940000000000000000e+03
4.080000000000000000e+03
4.232000000000000000e+03
4.389000000000000000e+03
4.540000000000000000e+03
4.713000000000000000e+03
4.902000000000000000e+03
5.072000000000000000e+03
5.258000000000000000e+03
5.415000000000000000e+03
5.601000000000000000e+03
5.768000000000000000e+03
5.943000000000000000e+03
6.110000000000000000e+03
6.266000000000000000e+03
6.412000000000000000e+03
6.582000000000000000e+03
6.760000000000000000e+03
6.959000000000000000e+03
7.134000000000000000e+03
7.302000000000000000e+03
7.500000000000000000e+03
7.677000000000000000e+03
7.875000000000000000e+03
8.066000000000000000e+03
8.257000000000000000e+03
8.462000000000000000e+03
8.661000000000000000e+03
8.853000000000000000e+03
9.043000000000000000e+03
9.245000000000000000e+03
9.477000000000000000e+03
9.689000000000000000e+03
9.922000000000000000e+03
1.017200000000000000e+04
1.039500000000000000e+04
1.065600000000000000e+04
1.093600000000000000e+04
1.123600000000000000e+04
1.150600000000000000e+04
1.178500000000000000e+04
1.206500000000000000e+04
1.236000000000000000e+04
1.266500000000000000e+04
1.294800000000000000e+04
1.324200000000000000e+04
1.355800000000000000e+04
1.390300000000000000e+04
1.420000000000000000e+04
1.451800000000000000e+04
1.484700000000000000e+04
1.517300000000000000e+04
1.552300000000000000e+04
1.581300000000000000e+04
1.618500000000000000e+04
1.650800000000000000e+04
1.686000000000000000e+04
1.722600000000000000e+04
1.759600000000000000e+04
1.798100000000000000e+04
1.835200000000000000e+04
1.872500000000000000e+04
1.912200000000000000e+04
1.951300000000000000e+04
1.994000000000000000e+04
2.034100000000000000e+04
2.078800000000000000e+04
2.125500000000000000e+04
2.172100000000000000e+04
2.222300000000000000e+04
2.272500000000000000e+04
2.330100000000000000e+04
2.389700000000000000e+04
2.450700000000000000e+04
2.512800000000000000e+04
2.575300000000000000e+04
2.647100000000000000e+04
2.715400000000000000e+04
2.783400000000000000e+04
2.858700000000000000e+04
2.939100000000000000e+04
3.026800000000000000e+04
3.122100000000000000e+04
3.218200000000000000e+04
3.319000000000000000e+04
3.429000000000000000e+04
3.543300000000000000e+04
3.669100000000000000e+04
3.798500000000000000e+04
3.936100000000000000e+04
4.084800000000000000e+04
4.249600000000000000e+04
4.422000000000000000e+04
4.606100000000000000e+04
4.807400000000000000e+04
5.009200000000000000e+04
5.228300000000000000e+04
5.473100000000000000e+04
5.736900000000000000e+04
6.015600000000000000e+04
6.306600000000000000e+04
6.628100000000000000e+04
6.966700000000000000e+04
7.314300000000000000e+04
7.695300000000000000e+04
8.124700000000000000e+04
8.578200000000000000e+04
9.058900000000000000e+04
9.570500000000000000e+04
1.012320000000000000e+05
1.072280000000000000e+05
1.136150000000000000e+05
1.205830000000000000e+05
1.281000000000000000e+05
1.360840000000000000e+05
1.447020000000000000e+05
1.540930000000000000e+05
1.642450000000000000e+05
1.751580000000000000e+05
1.869900000000000000e+05
1.997940000000000000e+05
2.133970000000000000e+05
2.280940000000000000e+05
2.439180000000000000e+05
2.609780000000000000e+05
2.791260000000000000e+05
2.987300000000000000e+05
3.195490000000000000e+05
3.421680000000000000e+05
3.663780000000000000e+05
3.926550000000000000e+05
4.207040000000000000e+05
4.507580000000000000e+05
4.826000000000000000e+05
5.172340000000000000e+05
5.540940000000000000e+05
5.932900000000000000e+05
6.352370000000000000e+05
6.799340000000000000e+05
7.276270000000000000e+05
7.784880000000000000e+05
8.324450000000000000e+05
8.897210000000000000e+05
9.506050000000000000e+05
1.015252000000000000e+06
1.082859000000000000e+06
1.153985000000000000e+06
1.229691000000000000e+06
1.308877000000000000e+06
1.391793000000000000e+06
1.478879000000000000e+06
1.569570000000000000e+06
1.663917000000000000e+06
1.763226000000000000e+06
1.865520000000000000e+06
1.971103000000000000e+06
2.080754000000000000e+06
2.194465000000000000e+06
2.310078000000000000e+06
2.428555000000000000e+06
2.549039000000000000e+06
2.671896000000000000e+06
2.797011000000000000e+06
2.923572000000000000e+06
3.050722000000000000e+06
