1.000000000000000000e+02
2.050000000000000000e+02
3.050000000000000000e+02
3.940000000000000000e+02
4.630000000000000000e+02
5.660000000000000000e+02
6.730000000000000000e+02
7.670000000000000000e+02
8.730000000000000000e+02
9.880000000000000000e+02
1.090000000000000000e+03
1.200000000000000000e+03
1.315000000000000000e+03
1.419000000000000000e+03
1.546000000000000000e+03
1.679000000000000000e+03
1.816000000000000000e+03
1.941000000000000000e+03
2.079000000000000000e+03
2.223000000000000000e+03
2.360000000000000000e+03
2.499000000000000000e+03
2.640000000000000000e+03
2.754000000000000000e+03
2.895000000000000000e+03
3.023000000000000000e+03
3.168000000000000000e+03
3.296000000000000000e+03
3.421000000000000000e+03
3.564000000000000000e+03
3.699000000000000000e+03
3.865000000000000000e+03
4.006000000000000000e+03
4.159000000000000000e+03
4.322000000000000000e+03
4.487000000000000000e+03
4.658000000000000000e+03
4.799000000000000000e+03
4.949000000000000000e+03
5.099000000000000000e+03
5.267000000000000000e+03
5.424000000000000000e+03
5.596000000000000000e+03
5.769000000000000000e+03
5.953000000000000000e+03
6.137000000000000000e+03
6.353000000000000000e+03
6.546000000000000000e+03
6.769000000000000000e+03
6.967000000000000000e+03
7.153000000000000000e+03
7.334000000000000000e+03
7.535000000000000000e+03
7.741000000000000000e+03
7.986000000000000000e+03
8.257000000000000000e+03
8.500000000000000000e+03
8.763000000000000000e+03
9.046000000000000000e+03
9.309000000000000000e+03
9.567000000000000000e+03
9.859000000000000000e+03
1.015600000000000000e+04
1.042500000000000000e+04
1.076800000000000000e+04
1.106400000000000000e+04
1.139800000000000000e+04
1.173200000000000000e+04
1.203900000000000000e+04
1.236800000000000000e+04
1.271900000000000000e+04
1.309900000000000000e+04
1.349900000000000000e+04
1.388600000000000000e+04
1.425800000000000000e+04
1.466500000000000000e+04
1.512100000000000000e+04
1.553400000000000000e+04
1.597800000000000000e+04
1.641300000000000000e+04
1.687400000000000000e+04
1.734000000000000000e+04
1.784200000000000000e+04
1.842900000000000000e+04
1.904000000000000000e+04
1.958500000000000000e+04
2.022600000000000000e+04
2.090800000000000000e+04
2.155400000000000000e+04
2.227800000000000000e+04
2.298100000000000000e+04
2.378700000000000000e+04
2.461100000000000000e+04
2.544700000000000000e+04
2.636000000000000000e+04
2.735400000000000000e+04
2.842900000000000000e+04
2.961000000000000000e+04
3.080700000000000000e+04
3.211800000000000000e+04
3.353400000000000000e+04
3.494400000000000000e+04
3.652200000000000000e+04
3.818300000000000000e+04
4.002900000000000000e+04
4.199500000000000000e+04
4.410900000000000000e+04
4.637300000000000000e+04
4.880800000000000000e+04
5.141100000000000000e+04
5.424000000000000000e+04
5.722400000000000000e+04
6.053300000000000000e+04
6.415300000000000000e+04
6.793600000000000000e+04
7.205500000000000000e+04
7.637100000000000000e+04
8.110900000000000000e+04
8.613400000000000000e+04
9.170500000000000000e+04
9.760800000000000000e+04
1.038510000000000000e+05
1.107370000000000000e+05
1.178570000000000000e+05
1.258630000000000000e+05
1.344160000000000000e+05
1.434830000000000000e+05
1.532720000000000000e+05
1.639610000000000000e+05
1.753290000000000000e+05
1.878300000000000000e+05
2.010060000000000000e+05
2.151540000000000000e+05
2.306290000000000000e+05
2.469650000000000000e+05
2.647880000000000000e+05
2.839460000000000000e+05
3.044410000000000000e+05
3.265020000000000000e+05
3.502030000000000000e+05
3.755490000000000000e+05
4.029490000000000000e+05
4.322190000000000000e+05
4.639030000000000000e+05
4.975450000000000000e+05
5.335690000000000000e+05
5.716950000000000000e+05
6.125980000000000000e+05
6.563920000000000000e+05
7.031370000000000000e+05
7.524830000000000000e+05
8.053920000000000000e+05
8.614810000000000000e+05
9.207060000000000000e+05
9.835610000000000000e+05
1.050011000000000000e+06
1.120204000000000000e+06
1.194424000000000000e+06
1.271847000000000000e+06
1.353700000000000000e+06
1.439408000000000000e+06
1.529037000000000000e+06
1.622801000000000000e+06
1.720408000000000000e+06
1.821591000000000000e+06
1.926590000000000000e+06
2.035228000000000000e+06
2.146324000000000000e+06
2.261954000000000000e+06
2.380901000000000000e+06
2.501951000000000000e+06
2.624809000000000000e+06
2.750020000000000000e+06
2.876358000000000000e+06
3.004549000000000000e+06
3.134038000000000000e+06
3.263114000000000000e+06
3.392324000000000000e+06
3.521228000000000000e+06
3.649189000000000000e+06
3.775136000000000000e+06
3.899776000000000000e+06
4.022363000000000000e+06
4.142052000000000000e+06
4.259519000000000000e+06
4.374727000000000000e+06
4.485966000000000000e+06
4.593426000000000000e+06
4.696900000000000000e+06
4.796958000000000000e+06
4.892787000000000000e+06
4.984475000000000000e+06
5.071929000000000000e+06
5.155160000000000000e+06
5.234552000000000000e+06
5.309945000000000000e+06
5.381206000000000000e+06
5.448861000000000000e+06
5.512526000000000000e+06
5.572253000000000000e+06
