1.000000000000000000e+02
2.210000000000000000e+02
3.220000000000000000e+02
4.270000000000000000e+02
5.220000000000000000e+02
6.260000000000000000e+02
7.320000000000000000e+02
8.480000000000000000e+02
9.630000000000000000e+02
1.079000000000000000e+03
1.200000000000000000e+03
1.298000000000000000e+03
1.416000000000000000e+03
1.536000000000000000e+03
1.634000000000000000e+03
1.742000000000000000e+03
1.839000000000000000e+03
1.989000000000000000e+03
2.126000000000000000e+03
2.259000000000000000e+03
2.389000000000000000e+03
2.514000000000000000e+03
2.658000000000000000e+03
2.804000000000000000e+03
2.955000000000000000e+03
3.097000000000000000e+03
3.244000000000000000e+03
3.385000000000000000e+03
3.532000000000000000e+03
3.694000000000000000e+03
3.857000000000000000e+03
4.002000000000000000e+03
4.131000000000000000e+03
4.283000000000000000e+03
4.438000000000000000e+03
4.603000000000000000e+03
4.774000000000000000e+03
4.926000000000000000e+03
5.062000000000000000e+03
5.219000000000000000e+03
5.354000000000000000e+03
5.523000000000000000e+03
5.691000000000000000e+03
5.837000000000000000e+03
5.993000000000000000e+03
6.178000000000000000e+03
6.348000000000000000e+03
6.510000000000000000e+03
6.696000000000000000e+03
6.885000000000000000e+03
7.076000000000000000e+03
7.242000000000000000e+03
7.432000000000000000e+03
7.638000000000000000e+03
7.839000000000000000e+03
8.053000000000000000e+03
8.273000000000000000e+03
8.490000000000000000e+03
8.726000000000000000e+03
8.949000000000000000e+03
9.179000000000000000e+03
9.421000000000000000e+03
9.650000000000000000e+03
9.884000000000000000e+03
1.009800000000000000e+04
1.030600000000000000e+04
1.053500000000000000e+04
1.075300000000000000e+04
1.098400000000000000e+04
1.122400000000000000e+04
1.145100000000000000e+04
1.168900000000000000e+04
1.193300000000000000e+04
1.215400000000000000e+04
1.239900000000000000e+04
1.263700000000000000e+04
1.288600000000000000e+04
1.313000000000000000e+04
1.337800000000000000e+04
1.362000000000000000e+04
1.386400000000000000e+04
1.409200000000000000e+04
1.430600000000000000e+04
1.453600000000000000e+04
1.475000000000000000e+04
1.496400000000000000e+04
1.521500000000000000e+04
1.543100000000000000e+04
1.567600000000000000e+04
1.593600000000000000e+04
1.620600000000000000e+04
1.647600000000000000e+04
1.676800000000000000e+04
1.704700000000000000e+04
1.732500000000000000e+04
1.760100000000000000e+04
1.789000000000000000e+04
1.820400000000000000e+04
1.848900000000000000e+04
1.879200000000000000e+04
1.911600000000000000e+04
1.940500000000000000e+04
1.971900000000000000e+04
2.003900000000000000e+04
2.036100000000000000e+04
2.067300000000000000e+04
2.102100000000000000e+04
2.138600000000000000e+04
2.175400000000000000e+04
2.210000000000000000e+04
2.250300000000000000e+04
2.290900000000000000e+04
2.330400000000000000e+04
2.373700000000000000e+04
2.417600000000000000e+04
2.458900000000000000e+04
2.499400000000000000e+04
2.546100000000000000e+04
2.595600000000000000e+04
2.641900000000000000e+04
2.686100000000000000e+04
2.736200000000000000e+04
2.792700000000000000e+04
2.845600000000000000e+04
2.906400000000000000e+04
2.965900000000000000e+04
3.027300000000000000e+04
3.097400000000000000e+04
3.168000000000000000e+04
3.239900000000000000e+04
3.323200000000000000e+04
3.408500000000000000e+04
3.497000000000000000e+04
3.592800000000000000e+04
3.695500000000000000e+04
3.802400000000000000e+04
3.907100000000000000e+04
4.029900000000000000e+04
4.158700000000000000e+04
4.293600000000000000e+04
4.442500000000000000e+04
4.593800000000000000e+04
4.758400000000000000e+04
4.941600000000000000e+04
5.131300000000000000e+04
5.340900000000000000e+04
5.560100000000000000e+04
5.795500000000000000e+04
6.053900000000000000e+04
6.333700000000000000e+04
6.637100000000000000e+04
6.951200000000000000e+04
7.283100000000000000e+04
7.642600000000000000e+04
8.030700000000000000e+04
8.467900000000000000e+04
8.928600000000000000e+04
9.405100000000000000e+04
9.913000000000000000e+04
1.048700000000000000e+05
1.111200000000000000e+05
1.176170000000000000e+05
1.246900000000000000e+05
1.323260000000000000e+05
1.406160000000000000e+05
1.495470000000000000e+05
1.590470000000000000e+05
1.690800000000000000e+05
1.800800000000000000e+05
1.916980000000000000e+05
2.041980000000000000e+05
2.178000000000000000e+05
2.323130000000000000e+05
2.478160000000000000e+05
2.645540000000000000e+05
2.826270000000000000e+05
3.020490000000000000e+05
3.226850000000000000e+05
3.453790000000000000e+05
3.691400000000000000e+05
3.950910000000000000e+05
4.227330000000000000e+05
4.524950000000000000e+05
4.841100000000000000e+05
5.179640000000000000e+05
5.538700000000000000e+05
5.925630000000000000e+05
6.335860000000000000e+05
6.776240000000000000e+05
7.240580000000000000e+05
7.740920000000000000e+05
8.269940000000000000e+05
8.829480000000000000e+05
9.422280000000000000e+05
1.005598000000000000e+06
1.072115000000000000e+06
1.142678000000000000e+06
1.217232000000000000e+06
1.295479000000000000e+06
1.377450000000000000e+06
