1.000000000000000000e+02
2.330000000000000000e+02
3.270000000000000000e+02
4.260000000000000000e+02
5.290000000000000000e+02
6.200000000000000000e+02
7.170000000000000000e+02
8.100000000000000000e+02
9.170000000000000000e+02
1.024000000000000000e+03
1.119000000000000000e+03
1.235000000000000000e+03
1.356000000000000000e+03
1.474000000000000000e+03
1.603000000000000000e+03
1.737000000000000000e+03
1.866000000000000000e+03
2.026000000000000000e+03
2.160000000000000000e+03
2.305000000000000000e+03
2.438000000000000000e+03
2.581000000000000000e+03
2.702000000000000000e+03
2.849000000000000000e+03
3.010000000000000000e+03
3.146000000000000000e+03
3.297000000000000000e+03
3.440000000000000000e+03
3.598000000000000000e+03
3.753000000000000000e+03
3.903000000000000000e+03
4.071000000000000000e+03
4.223000000000000000e+03
4.354000000000000000e+03
4.494000000000000000e+03
4.659000000000000000e+03
4.811000000000000000e+03
4.972000000000000000e+03
5.124000000000000000e+03
5.279000000000000000e+03
5.454000000000000000e+03
5.616000000000000000e+03
5.773000000000000000e+03
5.940000000000000000e+03
6.124000000000000000e+03
6.285000000000000000e+03
6.441000000000000000e+03
6.618000000000000000e+03
6.782000000000000000e+03
6.966000000000000000e+03
7.163000000000000000e+03
7.378000000000000000e+03
7.580000000000000000e+03
7.822000000000000000e+03
8.052000000000000000e+03
8.274000000000000000e+03
8.483000000000000000e+03
8.715000000000000000e+03
8.945000000000000000e+03
9.179000000000000000e+03
9.411000000000000000e+03
9.654000000000000000e+03
9.897000000000000000e+03
1.015900000000000000e+04
1.039700000000000000e+04
1.064800000000000000e+04
1.089600000000000000e+04
1.116400000000000000e+04
1.143300000000000000e+04
1.170000000000000000e+04
1.199000000000000000e+04
1.228000000000000000e+04
1.249800000000000000e+04
1.278300000000000000e+04
1.304700000000000000e+04
1.331400000000000000e+04
1.357900000000000000e+04
1.387100000000000000e+04
1.417100000000000000e+04
1.447700000000000000e+04
1.473600000000000000e+04
1.503400000000000000e+04
1.532400000000000000e+04
1.559300000000000000e+04
1.588500000000000000e+04
1.621600000000000000e+04
1.653900000000000000e+04
1.684300000000000000e+04
1.719800000000000000e+04
1.753800000000000000e+04
1.791700000000000000e+04
1.828800000000000000e+04
1.867300000000000000e+04
1.904200000000000000e+04
1.941100000000000000e+04
1.974700000000000000e+04
2.015500000000000000e+04
2.059500000000000000e+04
2.104300000000000000e+04
2.146000000000000000e+04
2.190100000000000000e+04
2.238900000000000000e+04
2.289900000000000000e+04
2.340100000000000000e+04
2.389600000000000000e+04
2.441800000000000000e+04
2.498500000000000000e+04
2.558400000000000000e+04
2.618300000000000000e+04
2.683700000000000000e+04
2.750500000000000000e+04
2.824000000000000000e+04
2.905800000000000000e+04
2.985900000000000000e+04
3.073600000000000000e+04
3.165600000000000000e+04
3.261100000000000000e+04
3.364000000000000000e+04
3.474100000000000000e+04
3.592000000000000000e+04
3.720600000000000000e+04
3.851800000000000000e+04
4.000400000000000000e+04
4.155200000000000000e+04
4.317200000000000000e+04
4.488900000000000000e+04
4.683000000000000000e+04
4.889000000000000000e+04
5.110700000000000000e+04
5.348900000000000000e+04
5.595600000000000000e+04
5.864700000000000000e+04
6.154200000000000000e+04
6.468100000000000000e+04
6.821700000000000000e+04
7.197200000000000000e+04
7.596800000000000000e+04
8.026500000000000000e+04
8.503400000000000000e+04
8.997300000000000000e+04
9.524100000000000000e+04
1.011160000000000000e+05
1.075320000000000000e+05
1.142920000000000000e+05
1.216620000000000000e+05
1.294610000000000000e+05
1.381490000000000000e+05
1.475420000000000000e+05
1.574320000000000000e+05
1.679100000000000000e+05
1.792600000000000000e+05
1.913570000000000000e+05
2.047690000000000000e+05
2.191630000000000000e+05
2.348130000000000000e+05
2.514680000000000000e+05
2.693210000000000000e+05
2.885390000000000000e+05
3.092350000000000000e+05
3.312990000000000000e+05
3.550680000000000000e+05
3.806170000000000000e+05
4.076490000000000000e+05
4.368870000000000000e+05
4.679560000000000000e+05
5.013000000000000000e+05
5.369530000000000000e+05
5.749460000000000000e+05
6.153480000000000000e+05
6.588380000000000000e+05
7.052520000000000000e+05
7.547500000000000000e+05
8.070090000000000000e+05
8.623610000000000000e+05
9.212810000000000000e+05
9.833750000000000000e+05
1.049332000000000000e+06
1.118765000000000000e+06
1.192025000000000000e+06
1.269109000000000000e+06
1.350227000000000000e+06
1.435183000000000000e+06
1.523538000000000000e+06
1.615999000000000000e+06
1.712706000000000000e+06
1.812243000000000000e+06
1.916247000000000000e+06
2.023470000000000000e+06
2.133974000000000000e+06
2.247398000000000000e+06
2.363522000000000000e+06
2.482687000000000000e+06
2.604294000000000000e+06
2.727829000000000000e+06
2.853616000000000000e+06
2.980418000000000000e+06
3.107620000000000000e+06
3.235047000000000000e+06
3.363562000000000000e+06
3.491239000000000000e+06
