1.000000000000000000e+02
2.190000000000000000e+02
3.130000000000000000e+02
3.920000000000000000e+02
4.940000000000000000e+02
5.880000000000000000e+02
6.870000000000000000e+02
7.880000000000000000e+02
8.920000000000000000e+02
1.007000000000000000e+03
1.120000000000000000e+03
1.222000000000000000e+03
1.322000000000000000e+03
1.438000000000000000e+03
1.558000000000000000e+03
1.670000000000000000e+03
1.784000000000000000e+03
1.908000000000000000e+03
2.044000000000000000e+03
2.169000000000000000e+03
2.288000000000000000e+03
2.433000000000000000e+03
2.567000000000000000e+03
2.717000000000000000e+03
2.848000000000000000e+03
2.981000000000000000e+03
3.123000000000000000e+03
3.259000000000000000e+03
3.394000000000000000e+03
3.532000000000000000e+03
3.689000000000000000e+03
3.823000000000000000e+03
3.971000000000000000e+03
4.112000000000000000e+03
4.245000000000000000e+03
4.392000000000000000e+03
4.518000000000000000e+03
4.642000000000000000e+03
4.767000000000000000e+03
4.882000000000000000e+03
5.011000000000000000e+03
5.171000000000000000e+03
5.319000000000000000e+03
5.465000000000000000e+03
5.652000000000000000e+03
5.813000000000000000e+03
5.989000000000000000e+03
6.168000000000000000e+03
6.339000000000000000e+03
6.496000000000000000e+03
6.670000000000000000e+03
6.879000000000000000e+03
7.042000000000000000e+03
7.228000000000000000e+03
7.392000000000000000e+03
7.539000000000000000e+03
7.714000000000000000e+03
7.901000000000000000e+03
8.101000000000000000e+03
8.282000000000000000e+03
8.481000000000000000e+03
8.670000000000000000e+03
8.859000000000000000e+03
9.025000000000000000e+03
9.197000000000000000e+03
9.361000000000000000e+03
9.552000000000000000e+03
9.719000000000000000e+03
9.881000000000000000e+03
1.005900000000000000e+04
1.025500000000000000e+04
1.043200000000000000e+04
1.061900000000000000e+04
1.080400000000000000e+04
1.102000000000000000e+04
1.123200000000000000e+04
1.148400000000000000e+04
1.172400000000000000e+04
1.196500000000000000e+04
1.220200000000000000e+04
1.245400000000000000e+04
1.270300000000000000e+04
1.295700000000000000e+04
1.321100000000000000e+04
1.346000000000000000e+04
1.374800000000000000e+04
1.400700000000000000e+04
1.427500000000000000e+04
1.451300000000000000e+04
1.481800000000000000e+04
1.513700000000000000e+04
1.544000000000000000e+04
1.569500000000000000e+04
1.598900000000000000e+04
1.627900000000000000e+04
1.661000000000000000e+04
1.694400000000000000e+04
1.723000000000000000e+04
1.756700000000000000e+04
1.788800000000000000e+04
1.822000000000000000e+04
1.852500000000000000e+04
1.885700000000000000e+04
1.917000000000000000e+04
1.945400000000000000e+04
1.977700000000000000e+04
2.009900000000000000e+04
2.044100000000000000e+04
2.077400000000000000e+04
2.112100000000000000e+04
2.146600000000000000e+04
2.177800000000000000e+04
2.212600000000000000e+04
2.249800000000000000e+04
2.287800000000000000e+04
2.326300000000000000e+04
2.364400000000000000e+04
2.403100000000000000e+04
2.444600000000000000e+04
2.488500000000000000e+04
2.532300000000000000e+04
2.577700000000000000e+04
2.625400000000000000e+04
2.672400000000000000e+04
2.726600000000000000e+04
2.777600000000000000e+04
2.832400000000000000e+04
2.882300000000000000e+04
2.944900000000000000e+04
3.007700000000000000e+04
3.075900000000000000e+04
3.144400000000000000e+04
3.223900000000000000e+04
3.301800000000000000e+04
3.389000000000000000e+04
3.483100000000000000e+04
3.579500000000000000e+04
3.680200000000000000e+04
3.789600000000000000e+04
3.897100000000000000e+04
4.022500000000000000e+04
4.153100000000000000e+04
4.292500000000000000e+04
4.435900000000000000e+04
4.596400000000000000e+04
4.768000000000000000e+04
4.951600000000000000e+04
5.145200000000000000e+04
5.363100000000000000e+04
5.598300000000000000e+04
5.847600000000000000e+04
6.107700000000000000e+04
6.397800000000000000e+04
6.705000000000000000e+04
7.037900000000000000e+04
7.398300000000000000e+04
7.798900000000000000e+04
8.219700000000000000e+04
8.676200000000000000e+04
9.164200000000000000e+04
9.694500000000000000e+04
1.026890000000000000e+05
1.088420000000000000e+05
1.152210000000000000e+05
1.221400000000000000e+05
1.296450000000000000e+05
1.378650000000000000e+05
1.468640000000000000e+05
1.565400000000000000e+05
1.667210000000000000e+05
1.777150000000000000e+05
1.897260000000000000e+05
2.027090000000000000e+05
2.167530000000000000e+05
2.318220000000000000e+05
2.480090000000000000e+05
2.652610000000000000e+05
2.838820000000000000e+05
3.036890000000000000e+05
3.246030000000000000e+05
3.473240000000000000e+05
3.717870000000000000e+05
3.982850000000000000e+05
4.261140000000000000e+05
4.561820000000000000e+05
4.886450000000000000e+05
5.230390000000000000e+05
5.600650000000000000e+05
5.995390000000000000e+05
6.415480000000000000e+05
6.864670000000000000e+05
7.343910000000000000e+05
7.853720000000000000e+05
8.394780000000000000e+05
8.965160000000000000e+05
9.568550000000000000e+05
1.020832000000000000e+06
1.088086000000000000e+06
1.159115000000000000e+06
1.234440000000000000e+06
