1.000000000000000000e+02
2.360000000000000000e+02
3.260000000000000000e+02
4.210000000000000000e+02
5.180000000000000000e+02
6.140000000000000000e+02
7.250000000000000000e+02
8.270000000000000000e+02
9.290000000000000000e+02
1.043000000000000000e+03
1.153000000000000000e+03
1.270000000000000000e+03
1.370000000000000000e+03
1.502000000000000000e+03
1.623000000000000000e+03
1.750000000000000000e+03
1.884000000000000000e+03
2.050000000000000000e+03
2.194000000000000000e+03
2.321000000000000000e+03
2.477000000000000000e+03
2.639000000000000000e+03
2.819000000000000000e+03
2.993000000000000000e+03
3.157000000000000000e+03
3.325000000000000000e+03
3.513000000000000000e+03
3.687000000000000000e+03
3.893000000000000000e+03
4.073000000000000000e+03
4.273000000000000000e+03
4.495000000000000000e+03
4.702000000000000000e+03
4.919000000000000000e+03
5.147000000000000000e+03
5.380000000000000000e+03
5.618000000000000000e+03
5.872000000000000000e+03
6.115000000000000000e+03
6.359000000000000000e+03
6.650000000000000000e+03
6.909000000000000000e+03
7.161000000000000000e+03
7.429000000000000000e+03
7.676000000000000000e+03
7.943000000000000000e+03
8.192000000000000000e+03
8.466000000000000000e+03
8.749000000000000000e+03
8.997000000000000000e+03
9.274000000000000000e+03
9.550000000000000000e+03
9.819000000000000000e+03
1.013300000000000000e+04
1.042700000000000000e+04
1.075300000000000000e+04
1.105100000000000000e+04
1.131900000000000000e+04
1.161500000000000000e+04
1.187500000000000000e+04
1.218600000000000000e+04
1.248900000000000000e+04
1.279600000000000000e+04
1.314200000000000000e+04
1.347900000000000000e+04
1.381900000000000000e+04
1.420000000000000000e+04
1.456900000000000000e+04
1.491500000000000000e+04
1.527700000000000000e+04
1.566300000000000000e+04
1.606800000000000000e+04
1.648600000000000000e+04
1.690000000000000000e+04
1.733100000000000000e+04
1.776500000000000000e+04
1.819200000000000000e+04
1.862200000000000000e+04
1.910200000000000000e+04
1.958900000000000000e+04
2.010100000000000000e+04
2.057100000000000000e+04
2.115400000000000000e+04
2.174400000000000000e+04
2.234700000000000000e+04
2.305400000000000000e+04
2.373000000000000000e+04
2.442200000000000000e+04
2.516800000000000000e+04
2.599100000000000000e+04
2.686200000000000000e+04
2.776000000000000000e+04
2.877900000000000000e+04
2.979600000000000000e+04
3.090400000000000000e+04
3.210000000000000000e+04
3.339800000000000000e+04
3.476700000000000000e+04
3.619800000000000000e+04
3.773300000000000000e+04
3.938200000000000000e+04
4.120500000000000000e+04
4.313400000000000000e+04
4.525700000000000000e+04
4.747000000000000000e+04
4.981800000000000000e+04
5.233200000000000000e+04
5.519300000000000000e+04
5.815000000000000000e+04
6.135000000000000000e+04
6.470800000000000000e+04
6.834800000000000000e+04
7.219500000000000000e+04
7.654600000000000000e+04
8.110600000000000000e+04
8.606800000000000000e+04
9.144700000000000000e+04
9.711900000000000000e+04
1.035030000000000000e+05
1.102560000000000000e+05
1.174600000000000000e+05
1.250270000000000000e+05
1.334560000000000000e+05
1.422200000000000000e+05
1.519100000000000000e+05
1.623440000000000000e+05
1.734200000000000000e+05
1.853070000000000000e+05
1.982480000000000000e+05
2.119750000000000000e+05
2.267550000000000000e+05
2.425170000000000000e+05
2.595280000000000000e+05
2.778620000000000000e+05
2.975180000000000000e+05
3.187690000000000000e+05
3.412310000000000000e+05
3.654890000000000000e+05
3.913130000000000000e+05
4.192850000000000000e+05
4.488470000000000000e+05
4.806830000000000000e+05
5.147810000000000000e+05
5.512020000000000000e+05
5.900990000000000000e+05
6.316280000000000000e+05
6.753490000000000000e+05
7.224770000000000000e+05
7.720050000000000000e+05
8.248360000000000000e+05
8.808910000000000000e+05
9.403760000000000000e+05
1.003245000000000000e+06
1.069364000000000000e+06
1.139785000000000000e+06
1.213383000000000000e+06
1.290764000000000000e+06
1.372055000000000000e+06
1.457165000000000000e+06
1.546776000000000000e+06
1.640165000000000000e+06
1.736902000000000000e+06
1.837277000000000000e+06
1.940546000000000000e+06
2.047725000000000000e+06
2.158963000000000000e+06
2.272892000000000000e+06
2.390007000000000000e+06
2.509000000000000000e+06
2.630679000000000000e+06
2.755038000000000000e+06
2.880004000000000000e+06
3.006101000000000000e+06
3.133264000000000000e+06
3.260223000000000000e+06
3.387441000000000000e+06
3.514435000000000000e+06
3.640374000000000000e+06
3.765194000000000000e+06
3.888466000000000000e+06
4.009899000000000000e+06
4.129198000000000000e+06
4.245616000000000000e+06
4.358587000000000000e+06
4.468623000000000000e+06
4.575060000000000000e+06
4.677502000000000000e+06
4.776535000000000000e+06
4.872004000000000000e+06
4.963585000000000000e+06
5.050800000000000000e+06
5.133861000000000000e+06
5.212704000000000000e+06
5.287830000000000000e+06
5.359003000000000000e+06
5.426240000000000000e+06
5.489613000000000000e+06
5.549307000000000000e+06
5.605486000000000000e+06
5.658070000000000000e+06
