1.000000000000000000e+02
2.300000000000000000e+02
3.380000000000000000e+02
4.230000000000000000e+02
5.130000000000000000e+02
6.110000000000000000e+02
7.240000000000000000e+02
8.390000000000000000e+02
9.470000000000000000e+02
1.032000000000000000e+03
1.159000000000000000e+03
1.271000000000000000e+03
1.383000000000000000e+03
1.492000000000000000e+03
1.602000000000000000e+03
1.733000000000000000e+03
1.842000000000000000e+03
1.958000000000000000e+03
2.067000000000000000e+03
2.181000000000000000e+03
2.281000000000000000e+03
2.397000000000000000e+03
2.541000000000000000e+03
2.673000000000000000e+03
2.803000000000000000e+03
2.939000000000000000e+03
3.077000000000000000e+03
3.219000000000000000e+03
3.357000000000000000e+03
3.494000000000000000e+03
3.645000000000000000e+03
3.804000000000000000e+03
3.941000000000000000e+03
4.078000000000000000e+03
4.207000000000000000e+03
4.331000000000000000e+03
4.474000000000000000e+03
4.615000000000000000e+03
4.747000000000000000e+03
4.871000000000000000e+03
5.003000000000000000e+03
5.128000000000000000e+03
5.259000000000000000e+03
5.392000000000000000e+03
5.506000000000000000e+03
5.630000000000000000e+03
5.741000000000000000e+03
5.861000000000000000e+03
5.998000000000000000e+03
6.138000000000000000e+03
6.271000000000000000e+03
6.429000000000000000e+03
6.554000000000000000e+03
6.695000000000000000e+03
6.822000000000000000e+03
6.957000000000000000e+03
7.112000000000000000e+03
7.277000000000000000e+03
7.415000000000000000e+03
7.566000000000000000e+03
7.740000000000000000e+03
7.885000000000000000e+03
8.028000000000000000e+03
8.211000000000000000e+03
8.358000000000000000e+03
8.495000000000000000e+03
8.621000000000000000e+03
8.758000000000000000e+03
8.892000000000000000e+03
9.030000000000000000e+03
9.185000000000000000e+03
9.376000000000000000e+03
9.542000000000000000e+03
9.709000000000000000e+03
9.866000000000000000e+03
1.005400000000000000e+04
1.024200000000000000e+04
1.044500000000000000e+04
1.063300000000000000e+04
1.089800000000000000e+04
1.110700000000000000e+04
1.128900000000000000e+04
1.150300000000000000e+04
1.173800000000000000e+04
1.197500000000000000e+04
1.219200000000000000e+04
1.239500000000000000e+04
1.259600000000000000e+04
1.278600000000000000e+04
1.302000000000000000e+04
1.324900000000000000e+04
1.353500000000000000e+04
1.377300000000000000e+04
1.405200000000000000e+04
1.430600000000000000e+04
1.457800000000000000e+04
1.483900000000000000e+04
1.509700000000000000e+04
1.538600000000000000e+04
1.569400000000000000e+04
1.599000000000000000e+04
1.631300000000000000e+04
1.662000000000000000e+04
1.697400000000000000e+04
1.729900000000000000e+04
1.758000000000000000e+04
1.791200000000000000e+04
1.823400000000000000e+04
1.856100000000000000e+04
1.890200000000000000e+04
1.925500000000000000e+04
1.959100000000000000e+04
1.991000000000000000e+04
2.024200000000000000e+04
2.060800000000000000e+04
2.092300000000000000e+04
2.130100000000000000e+04
2.163400000000000000e+04
2.197400000000000000e+04
2.232800000000000000e+04
2.274000000000000000e+04
2.315700000000000000e+04
2.353300000000000000e+04
2.396500000000000000e+04
2.439500000000000000e+04
2.484000000000000000e+04
2.529600000000000000e+04
2.576200000000000000e+04
2.629200000000000000e+04
2.682400000000000000e+04
2.737800000000000000e+04
2.793100000000000000e+04
2.850000000000000000e+04
2.910200000000000000e+04
2.972000000000000000e+04
3.036200000000000000e+04
3.106100000000000000e+04
3.178300000000000000e+04
3.250700000000000000e+04
3.326200000000000000e+04
3.408600000000000000e+04
3.498900000000000000e+04
3.593500000000000000e+04
3.702100000000000000e+04
3.813600000000000000e+04
3.926300000000000000e+04
4.055200000000000000e+04
4.194800000000000000e+04
4.340600000000000000e+04
4.495900000000000000e+04
4.658700000000000000e+04
4.845200000000000000e+04
5.039300000000000000e+04
5.241300000000000000e+04
5.461400000000000000e+04
5.691600000000000000e+04
5.949000000000000000e+04
6.235600000000000000e+04
6.536200000000000000e+04
6.856400000000000000e+04
7.190300000000000000e+04
7.555100000000000000e+04
7.970700000000000000e+04
8.408400000000000000e+04
8.878700000000000000e+04
9.388100000000000000e+04
9.921200000000000000e+04
1.049420000000000000e+05
1.111860000000000000e+05
1.178530000000000000e+05
1.251860000000000000e+05
1.330620000000000000e+05
1.415870000000000000e+05
1.505020000000000000e+05
1.603710000000000000e+05
1.708080000000000000e+05
1.822480000000000000e+05
1.945610000000000000e+05
2.078880000000000000e+05
2.219780000000000000e+05
2.373630000000000000e+05
2.539180000000000000e+05
2.718010000000000000e+05
2.909140000000000000e+05
3.114740000000000000e+05
3.338230000000000000e+05
3.576780000000000000e+05
3.832100000000000000e+05
4.104990000000000000e+05
4.398100000000000000e+05
4.709990000000000000e+05
5.044750000000000000e+05
5.404530000000000000e+05
5.788580000000000000e+05
6.198400000000000000e+05
6.630040000000000000e+05
7.095230000000000000e+05
7.590990000000000000e+05
8.117830000000000000e+05
8.676960000000000000e+05
