1.000000000000000000e+02
2.200000000000000000e+02
3.210000000000000000e+02
4.020000000000000000e+02
4.950000000000000000e+02
6.020000000000000000e+02
7.190000000000000000e+02
8.070000000000000000e+02
9.320000000000000000e+02
1.040000000000000000e+03
1.150000000000000000e+03
1.251000000000000000e+03
1.368000000000000000e+03
1.477000000000000000e+03
1.579000000000000000e+03
1.688000000000000000e+03
1.800000000000000000e+03
1.919000000000000000e+03
2.041000000000000000e+03
2.165000000000000000e+03
2.265000000000000000e+03
2.401000000000000000e+03
2.516000000000000000e+03
2.635000000000000000e+03
2.745000000000000000e+03
2.842000000000000000e+03
2.956000000000000000e+03
3.068000000000000000e+03
3.175000000000000000e+03
3.308000000000000000e+03
3.424000000000000000e+03
3.566000000000000000e+03
3.693000000000000000e+03
3.818000000000000000e+03
3.949000000000000000e+03
4.064000000000000000e+03
4.196000000000000000e+03
4.311000000000000000e+03
4.442000000000000000e+03
4.572000000000000000e+03
4.700000000000000000e+03
4.844000000000000000e+03
4.983000000000000000e+03
5.115000000000000000e+03
5.240000000000000000e+03
5.389000000000000000e+03
5.536000000000000000e+03
5.687000000000000000e+03
5.849000000000000000e+03
5.995000000000000000e+03
6.173000000000000000e+03
6.329000000000000000e+03
6.507000000000000000e+03
6.678000000000000000e+03
6.867000000000000000e+03
7.041000000000000000e+03
7.217000000000000000e+03
7.425000000000000000e+03
7.608000000000000000e+03
7.788000000000000000e+03
7.983000000000000000e+03
8.169000000000000000e+03
8.390000000000000000e+03
8.575000000000000000e+03
8.793000000000000000e+03
9.012000000000000000e+03
9.206000000000000000e+03
9.414000000000000000e+03
9.594000000000000000e+03
9.831000000000000000e+03
1.003900000000000000e+04
1.026800000000000000e+04
1.051400000000000000e+04
1.074400000000000000e+04
1.097000000000000000e+04
1.122600000000000000e+04
1.149500000000000000e+04
1.173800000000000000e+04
1.196500000000000000e+04
1.225000000000000000e+04
1.251700000000000000e+04
1.274600000000000000e+04
1.300000000000000000e+04
1.324900000000000000e+04
1.351900000000000000e+04
1.380200000000000000e+04
1.410500000000000000e+04
1.439600000000000000e+04
1.471900000000000000e+04
1.502600000000000000e+04
1.534100000000000000e+04
1.566300000000000000e+04
1.598300000000000000e+04
1.634100000000000000e+04
1.671300000000000000e+04
1.706700000000000000e+04
1.741300000000000000e+04
1.776100000000000000e+04
1.810300000000000000e+04
1.844800000000000000e+04
1.882200000000000000e+04
1.919400000000000000e+04
1.956000000000000000e+04
1.997800000000000000e+04
2.035600000000000000e+04
2.075800000000000000e+04
2.116400000000000000e+04
2.160600000000000000e+04
2.201800000000000000e+04
2.243300000000000000e+04
2.289300000000000000e+04
2.336400000000000000e+04
2.387800000000000000e+04
2.438200000000000000e+04
2.491900000000000000e+04
2.548800000000000000e+04
2.606800000000000000e+04
2.667100000000000000e+04
2.730700000000000000e+04
2.794000000000000000e+04
2.863300000000000000e+04
2.936600000000000000e+04
3.014900000000000000e+04
3.095500000000000000e+04
3.175800000000000000e+04
3.270800000000000000e+04
3.366700000000000000e+04
3.471100000000000000e+04
3.584800000000000000e+04
3.701600000000000000e+04
3.818000000000000000e+04
3.954400000000000000e+04
4.095800000000000000e+04
4.240300000000000000e+04
4.398100000000000000e+04
4.572900000000000000e+04
4.757400000000000000e+04
4.952200000000000000e+04
5.151700000000000000e+04
5.380800000000000000e+04
5.618800000000000000e+04
5.876600000000000000e+04
6.149200000000000000e+04
6.463400000000000000e+04
6.788300000000000000e+04
7.145500000000000000e+04
7.528700000000000000e+04
7.938100000000000000e+04
8.387100000000000000e+04
8.850700000000000000e+04
9.369000000000000000e+04
9.928000000000000000e+04
1.053050000000000000e+05
1.118130000000000000e+05
1.187410000000000000e+05
1.261580000000000000e+05
1.343100000000000000e+05
1.431340000000000000e+05
1.527110000000000000e+05
1.630440000000000000e+05
1.738610000000000000e+05
1.855960000000000000e+05
1.982090000000000000e+05
2.119000000000000000e+05
2.265870000000000000e+05
2.424310000000000000e+05
2.594880000000000000e+05
2.777730000000000000e+05
2.976070000000000000e+05
3.187980000000000000e+05
3.414130000000000000e+05
3.657030000000000000e+05
3.918220000000000000e+05
4.197890000000000000e+05
4.497970000000000000e+05
4.820330000000000000e+05
5.162270000000000000e+05
5.532140000000000000e+05
5.924010000000000000e+05
6.341800000000000000e+05
6.787190000000000000e+05
7.259280000000000000e+05
7.764000000000000000e+05
8.297960000000000000e+05
8.868060000000000000e+05
9.470720000000000000e+05
1.010507000000000000e+06
1.077629000000000000e+06
1.148784000000000000e+06
1.223653000000000000e+06
1.302387000000000000e+06
1.384787000000000000e+06
1.471404000000000000e+06
1.562473000000000000e+06
1.656490000000000000e+06
1.755018000000000000e+06
1.858056000000000000e+06
1.964553000000000000e+06
2.073745000000000000e+06
2.186838000000000000e+06
