1.000000000000000000e+02
2.300000000000000000e+02
3.450000000000000000e+02
4.440000000000000000e+02
5.410000000000000000e+02
6.320000000000000000e+02
7.300000000000000000e+02
8.250000000000000000e+02
9.180000000000000000e+02
1.016000000000000000e+03
1.104000000000000000e+03
1.215000000000000000e+03
1.312000000000000000e+03
1.386000000000000000e+03
1.493000000000000000e+03
1.597000000000000000e+03
1.690000000000000000e+03
1.786000000000000000e+03
1.893000000000000000e+03
2.005000000000000000e+03
2.109000000000000000e+03
2.224000000000000000e+03
2.357000000000000000e+03
2.469000000000000000e+03
2.611000000000000000e+03
2.740000000000000000e+03
2.866000000000000000e+03
2.986000000000000000e+03
3.131000000000000000e+03
3.263000000000000000e+03
3.375000000000000000e+03
3.515000000000000000e+03
3.622000000000000000e+03
3.742000000000000000e+03
3.844000000000000000e+03
3.960000000000000000e+03
4.084000000000000000e+03
4.225000000000000000e+03
4.357000000000000000e+03
4.511000000000000000e+03
4.691000000000000000e+03
4.850000000000000000e+03
5.032000000000000000e+03
5.201000000000000000e+03
5.356000000000000000e+03
5.513000000000000000e+03
5.699000000000000000e+03
5.875000000000000000e+03
6.080000000000000000e+03
6.243000000000000000e+03
6.423000000000000000e+03
6.595000000000000000e+03
6.785000000000000000e+03
6.984000000000000000e+03
7.185000000000000000e+03
7.374000000000000000e+03
7.581000000000000000e+03
7.809000000000000000e+03
8.038000000000000000e+03
8.269000000000000000e+03
8.476000000000000000e+03
8.697000000000000000e+03
8.926000000000000000e+03
9.145000000000000000e+03
9.353000000000000000e+03
9.572000000000000000e+03
9.800000000000000000e+03
1.006700000000000000e+04
1.033400000000000000e+04
1.063200000000000000e+04
1.091800000000000000e+04
1.119700000000000000e+04
1.147300000000000000e+04
1.175700000000000000e+04
1.204700000000000000e+04
1.235500000000000000e+04
1.266000000000000000e+04
1.296000000000000000e+04
1.324300000000000000e+04
1.354500000000000000e+04
1.387000000000000000e+04
1.417300000000000000e+04
1.446500000000000000e+04
1.483400000000000000e+04
1.513700000000000000e+04
1.547600000000000000e+04
1.581400000000000000e+04
1.617000000000000000e+04
1.651300000000000000e+04
1.687200000000000000e+04
1.724300000000000000e+04
1.760800000000000000e+04
1.798100000000000000e+04
1.835300000000000000e+04
1.879500000000000000e+04
1.920700000000000000e+04
1.966600000000000000e+04
2.013300000000000000e+04
2.058800000000000000e+04
2.109900000000000000e+04
2.157300000000000000e+04
2.209800000000000000e+04
2.261900000000000000e+04
2.320000000000000000e+04
2.378700000000000000e+04
2.436300000000000000e+04
2.500200000000000000e+04
2.564700000000000000e+04
2.634100000000000000e+04
2.705500000000000000e+04
2.780200000000000000e+04
2.861300000000000000e+04
2.946200000000000000e+04
3.033200000000000000e+04
3.132900000000000000e+04
3.236600000000000000e+04
3.344500000000000000e+04
3.458200000000000000e+04
3.584800000000000000e+04
3.716400000000000000e+04
3.858100000000000000e+04
4.014000000000000000e+04
4.177200000000000000e+04
4.350900000000000000e+04
4.542400000000000000e+04
4.747300000000000000e+04
4.966200000000000000e+04
5.210200000000000000e+04
5.459800000000000000e+04
5.730200000000000000e+04
6.023400000000000000e+04
6.340200000000000000e+04
6.686000000000000000e+04
7.045100000000000000e+04
7.442600000000000000e+04
7.865200000000000000e+04
8.328300000000000000e+04
8.822700000000000000e+04
9.371700000000000000e+04
9.947700000000000000e+04
1.056790000000000000e+05
1.123180000000000000e+05
1.195440000000000000e+05
1.271780000000000000e+05
1.355000000000000000e+05
1.442950000000000000e+05
1.537690000000000000e+05
1.639420000000000000e+05
1.751300000000000000e+05
1.870260000000000000e+05
1.999760000000000000e+05
2.134310000000000000e+05
2.279270000000000000e+05
2.436110000000000000e+05
2.607370000000000000e+05
2.790980000000000000e+05
2.988350000000000000e+05
3.201120000000000000e+05
3.429520000000000000e+05
3.674280000000000000e+05
3.936260000000000000e+05
4.216880000000000000e+05
4.516970000000000000e+05
4.837540000000000000e+05
5.181560000000000000e+05
5.548100000000000000e+05
5.939120000000000000e+05
6.358150000000000000e+05
6.805980000000000000e+05
7.282050000000000000e+05
7.789700000000000000e+05
8.326860000000000000e+05
8.891910000000000000e+05
9.496480000000000000e+05
1.013880000000000000e+06
1.081313000000000000e+06
1.152853000000000000e+06
1.228035000000000000e+06
1.306999000000000000e+06
1.390163000000000000e+06
1.477304000000000000e+06
1.568053000000000000e+06
1.662569000000000000e+06
1.760554000000000000e+06
1.862916000000000000e+06
1.969302000000000000e+06
2.078440000000000000e+06
2.190844000000000000e+06
2.306772000000000000e+06
2.425695000000000000e+06
2.547138000000000000e+06
2.670659000000000000e+06
2.795552000000000000e+06
2.922486000000000000e+06
3.050048000000000000e+06
3.178824000000000000e+06
3.307408000000000000e+06
3.435957000000000000e+06
3.563438000000000000e+06
3.690700000000000000e+06
