1.000000000000000000e+02
2.050000000000000000e+02
3.090000000000000000e+02
4.070000000000000000e+02
4.920000000000000000e+02
5.770000000000000000e+02
6.510000000000000000e+02
7.620000000000000000e+02
8.550000000000000000e+02
9.300000000000000000e+02
1.003000000000000000e+03
1.095000000000000000e+03
1.192000000000000000e+03
1.300000000000000000e+03
1.376000000000000000e+03
1.465000000000000000e+03
1.560000000000000000e+03
1.655000000000000000e+03
1.766000000000000000e+03
1.874000000000000000e+03
1.992000000000000000e+03
2.111000000000000000e+03
2.219000000000000000e+03
2.323000000000000000e+03
2.427000000000000000e+03
2.553000000000000000e+03
2.681000000000000000e+03
2.793000000000000000e+03
2.918000000000000000e+03
3.046000000000000000e+03
3.157000000000000000e+03
3.274000000000000000e+03
3.396000000000000000e+03
3.524000000000000000e+03
3.674000000000000000e+03
3.806000000000000000e+03
3.933000000000000000e+03
4.061000000000000000e+03
4.201000000000000000e+03
4.341000000000000000e+03
4.482000000000000000e+03
4.629000000000000000e+03
4.790000000000000000e+03
4.933000000000000000e+03
5.074000000000000000e+03
5.214000000000000000e+03
5.390000000000000000e+03
5.586000000000000000e+03
5.723000000000000000e+03
5.876000000000000000e+03
6.069000000000000000e+03
6.247000000000000000e+03
6.415000000000000000e+03
6.584000000000000000e+03
6.787000000000000000e+03
6.978000000000000000e+03
7.168000000000000000e+03
7.342000000000000000e+03
7.558000000000000000e+03
7.749000000000000000e+03
7.917000000000000000e+03
8.110000000000000000e+03
8.334000000000000000e+03
8.547000000000000000e+03
8.750000000000000000e+03
8.962000000000000000e+03
9.164000000000000000e+03
9.385000000000000000e+03
9.626000000000000000e+03
9.852000000000000000e+03
1.008500000000000000e+04
1.032400000000000000e+04
1.056000000000000000e+04
1.078000000000000000e+04
1.103400000000000000e+04
1.125600000000000000e+04
1.151900000000000000e+04
1.177500000000000000e+04
1.202500000000000000e+04
1.228100000000000000e+04
1.258400000000000000e+04
1.289000000000000000e+04
1.315100000000000000e+04
1.345400000000000000e+04
1.376000000000000000e+04
1.408200000000000000e+04
1.438800000000000000e+04
1.472300000000000000e+04
1.506800000000000000e+04
1.539900000000000000e+04
1.575400000000000000e+04
1.607500000000000000e+04
1.640000000000000000e+04
1.673300000000000000e+04
1.707400000000000000e+04
1.744800000000000000e+04
1.778300000000000000e+04
1.813500000000000000e+04
1.846100000000000000e+04
1.884400000000000000e+04
1.919600000000000000e+04
1.955500000000000000e+04
1.993900000000000000e+04
2.031700000000000000e+04
2.068800000000000000e+04
2.108900000000000000e+04
2.150500000000000000e+04
2.196300000000000000e+04
2.244000000000000000e+04
2.292500000000000000e+04
2.345900000000000000e+04
2.394600000000000000e+04
2.445100000000000000e+04
2.507600000000000000e+04
2.563700000000000000e+04
2.621100000000000000e+04
2.684300000000000000e+04
2.749900000000000000e+04
2.814800000000000000e+04
2.888800000000000000e+04
2.960900000000000000e+04
3.038300000000000000e+04
3.121900000000000000e+04
3.211900000000000000e+04
3.312100000000000000e+04
3.418400000000000000e+04
3.522300000000000000e+04
3.637900000000000000e+04
3.771100000000000000e+04
3.908300000000000000e+04
4.059900000000000000e+04
4.214100000000000000e+04
4.379500000000000000e+04
4.556400000000000000e+04
4.750100000000000000e+04
4.954900000000000000e+04
5.171900000000000000e+04
5.412500000000000000e+04
5.671200000000000000e+04
5.940600000000000000e+04
6.240200000000000000e+04
6.543200000000000000e+04
6.877800000000000000e+04
7.238800000000000000e+04
7.626600000000000000e+04
8.036200000000000000e+04
8.491900000000000000e+04
8.971000000000000000e+04
9.485200000000000000e+04
1.003910000000000000e+05
1.064650000000000000e+05
1.130430000000000000e+05
1.199860000000000000e+05
1.276510000000000000e+05
1.358410000000000000e+05
1.445570000000000000e+05
1.539080000000000000e+05
1.641220000000000000e+05
1.751170000000000000e+05
1.867050000000000000e+05
1.995350000000000000e+05
2.130840000000000000e+05
2.276450000000000000e+05
2.433930000000000000e+05
2.600890000000000000e+05
2.783460000000000000e+05
2.977790000000000000e+05
3.187060000000000000e+05
3.412590000000000000e+05
3.653450000000000000e+05
3.914110000000000000e+05
4.192930000000000000e+05
4.488470000000000000e+05
4.806670000000000000e+05
5.145140000000000000e+05
5.513130000000000000e+05
5.898910000000000000e+05
6.313930000000000000e+05
6.761280000000000000e+05
7.234790000000000000e+05
7.739560000000000000e+05
8.272340000000000000e+05
8.834390000000000000e+05
9.435640000000000000e+05
1.006931000000000000e+06
1.074571000000000000e+06
1.145455000000000000e+06
1.219687000000000000e+06
1.297940000000000000e+06
1.380308000000000000e+06
1.466341000000000000e+06
1.556687000000000000e+06
1.650545000000000000e+06
1.748322000000000000e+06
1.849937000000000000e+06
1.954903000000000000e+06
2.063495000000000000e+06
2.175626000000000000e+06
2.290309000000000000e+06
2.407692000000000000e+06
