1.000000000000000000e+02
2.360000000000000000e+02
3.340000000000000000e+02
4.200000000000000000e+02
5.050000000000000000e+02
5.950000000000000000e+02
7.040000000000000000e+02
8.220000000000000000e+02
9.300000000000000000e+02
1.026000000000000000e+03
1.145000000000000000e+03
1.276000000000000000e+03
1.391000000000000000e+03
1.518000000000000000e+03
1.633000000000000000e+03
1.755000000000000000e+03
1.876000000000000000e+03
2.002000000000000000e+03
2.112000000000000000e+03
2.253000000000000000e+03
2.361000000000000000e+03
2.492000000000000000e+03
2.621000000000000000e+03
2.768000000000000000e+03
2.912000000000000000e+03
3.051000000000000000e+03
3.175000000000000000e+03
3.310000000000000000e+03
3.443000000000000000e+03
3.576000000000000000e+03
3.705000000000000000e+03
3.846000000000000000e+03
4.007000000000000000e+03
4.146000000000000000e+03
4.287000000000000000e+03
4.461000000000000000e+03
4.622000000000000000e+03
4.779000000000000000e+03
4.924000000000000000e+03
5.090000000000000000e+03
5.297000000000000000e+03
5.480000000000000000e+03
5.680000000000000000e+03
5.871000000000000000e+03
6.035000000000000000e+03
6.224000000000000000e+03
6.412000000000000000e+03
6.592000000000000000e+03
6.807000000000000000e+03
7.041000000000000000e+03
7.241000000000000000e+03
7.445000000000000000e+03
7.670000000000000000e+03
7.903000000000000000e+03
8.131000000000000000e+03
8.353000000000000000e+03
8.613000000000000000e+03
8.853000000000000000e+03
9.085000000000000000e+03
9.317000000000000000e+03
9.567000000000000000e+03
9.806000000000000000e+03
1.007200000000000000e+04
1.035200000000000000e+04
1.064900000000000000e+04
1.091200000000000000e+04
1.123300000000000000e+04
1.154300000000000000e+04
1.188000000000000000e+04
1.218800000000000000e+04
1.251300000000000000e+04
1.281700000000000000e+04
1.313000000000000000e+04
1.347100000000000000e+04
1.381000000000000000e+04
1.414600000000000000e+04
1.452400000000000000e+04
1.489800000000000000e+04
1.530900000000000000e+04
1.573700000000000000e+04
1.613600000000000000e+04
1.655900000000000000e+04
1.697000000000000000e+04
1.739500000000000000e+04
1.779600000000000000e+04
1.828800000000000000e+04
1.876500000000000000e+04
1.922300000000000000e+04
1.974200000000000000e+04
2.023200000000000000e+04
2.077200000000000000e+04
2.133700000000000000e+04
2.195100000000000000e+04
2.254100000000000000e+04
2.318500000000000000e+04
2.382800000000000000e+04
2.453600000000000000e+04
2.528200000000000000e+04
2.607500000000000000e+04
2.692300000000000000e+04
2.780100000000000000e+04
2.880000000000000000e+04
2.976600000000000000e+04
3.084200000000000000e+04
3.207900000000000000e+04
3.333900000000000000e+04
3.466200000000000000e+04
3.615700000000000000e+04
3.773600000000000000e+04
3.938800000000000000e+04
4.109700000000000000e+04
4.291800000000000000e+04
4.503400000000000000e+04
4.718600000000000000e+04
4.948900000000000000e+04
5.212800000000000000e+04
5.490700000000000000e+04
5.778800000000000000e+04
6.085700000000000000e+04
6.416800000000000000e+04
6.778600000000000000e+04
7.167800000000000000e+04
7.580800000000000000e+04
8.016800000000000000e+04
8.505300000000000000e+04
9.035800000000000000e+04
9.592600000000000000e+04
1.019580000000000000e+05
1.084820000000000000e+05
1.155560000000000000e+05
1.230550000000000000e+05
1.312930000000000000e+05
1.401080000000000000e+05
1.496540000000000000e+05
1.599310000000000000e+05
1.709980000000000000e+05
1.829580000000000000e+05
1.957740000000000000e+05
2.095610000000000000e+05
2.244350000000000000e+05
2.403170000000000000e+05
2.576020000000000000e+05
2.761840000000000000e+05
2.961550000000000000e+05
3.175150000000000000e+05
3.406430000000000000e+05
3.653610000000000000e+05
3.922420000000000000e+05
4.206120000000000000e+05
4.508230000000000000e+05
4.836490000000000000e+05
5.186370000000000000e+05
5.556140000000000000e+05
5.953780000000000000e+05
6.378440000000000000e+05
6.831560000000000000e+05
7.313560000000000000e+05
7.826370000000000000e+05
8.371840000000000000e+05
8.950240000000000000e+05
9.556380000000000000e+05
1.020318000000000000e+06
1.088192000000000000e+06
1.159680000000000000e+06
1.235141000000000000e+06
1.314764000000000000e+06
1.398123000000000000e+06
1.485328000000000000e+06
1.575940000000000000e+06
1.670942000000000000e+06
1.769331000000000000e+06
1.871674000000000000e+06
1.976799000000000000e+06
2.085880000000000000e+06
2.198527000000000000e+06
2.314011000000000000e+06
2.432164000000000000e+06
2.552978000000000000e+06
2.676031000000000000e+06
2.800821000000000000e+06
2.926181000000000000e+06
3.053443000000000000e+06
3.181418000000000000e+06
3.309139000000000000e+06
3.436561000000000000e+06
3.563770000000000000e+06
3.689727000000000000e+06
3.814119000000000000e+06
3.937467000000000000e+06
4.058596000000000000e+06
4.176671000000000000e+06
4.291020000000000000e+06
4.403022000000000000e+06
4.511836000000000000e+06
4.616872000000000000e+06
4.718998000000000000e+06
4.817140000000000000e+06
4.911084000000000000e+06
5.001028000000000000e+06
5.087245000000000000e+06
