1.000000000000000000e+02
2.150000000000000000e+02
3.070000000000000000e+02
4.020000000000000000e+02
4.860000000000000000e+02
5.840000000000000000e+02
6.800000000000000000e+02
7.910000000000000000e+02
8.880000000000000000e+02
9.880000000000000000e+02
1.113000000000000000e+03
1.219000000000000000e+03
1.315000000000000000e+03
1.434000000000000000e+03
1.556000000000000000e+03
1.689000000000000000e+03
1.820000000000000000e+03
1.928000000000000000e+03
2.043000000000000000e+03
2.180000000000000000e+03
2.325000000000000000e+03
2.458000000000000000e+03
2.595000000000000000e+03
2.752000000000000000e+03
2.882000000000000000e+03
3.023000000000000000e+03
3.157000000000000000e+03
3.321000000000000000e+03
3.472000000000000000e+03
3.610000000000000000e+03
3.760000000000000000e+03
3.913000000000000000e+03
4.087000000000000000e+03
4.258000000000000000e+03
4.423000000000000000e+03
4.621000000000000000e+03
4.819000000000000000e+03
5.005000000000000000e+03
5.213000000000000000e+03
5.412000000000000000e+03
5.634000000000000000e+03
5.845000000000000000e+03
6.067000000000000000e+03
6.259000000000000000e+03
6.469000000000000000e+03
6.666000000000000000e+03
6.884000000000000000e+03
7.087000000000000000e+03
7.266000000000000000e+03
7.472000000000000000e+03
7.699000000000000000e+03
7.919000000000000000e+03
8.146000000000000000e+03
8.360000000000000000e+03
8.609000000000000000e+03
8.824000000000000000e+03
9.061000000000000000e+03
9.308000000000000000e+03
9.558000000000000000e+03
9.820000000000000000e+03
1.009600000000000000e+04
1.034200000000000000e+04
1.062400000000000000e+04
1.088300000000000000e+04
1.116900000000000000e+04
1.143300000000000000e+04
1.168800000000000000e+04
1.201200000000000000e+04
1.228700000000000000e+04
1.256500000000000000e+04
1.287600000000000000e+04
1.318000000000000000e+04
1.348700000000000000e+04
1.381800000000000000e+04
1.415600000000000000e+04
1.448500000000000000e+04
1.480200000000000000e+04
1.512700000000000000e+04
1.550300000000000000e+04
1.584600000000000000e+04
1.619500000000000000e+04
1.653600000000000000e+04
1.688000000000000000e+04
1.721200000000000000e+04
1.756900000000000000e+04
1.795500000000000000e+04
1.830300000000000000e+04
1.864700000000000000e+04
1.902500000000000000e+04
1.941700000000000000e+04
1.981900000000000000e+04
2.023200000000000000e+04
2.066700000000000000e+04
2.110800000000000000e+04
2.155700000000000000e+04
2.198900000000000000e+04
2.240600000000000000e+04
2.291500000000000000e+04
2.343100000000000000e+04
2.397200000000000000e+04
2.456100000000000000e+04
2.510300000000000000e+04
2.572800000000000000e+04
2.641500000000000000e+04
2.709400000000000000e+04
2.783500000000000000e+04
2.861300000000000000e+04
2.941700000000000000e+04
3.026600000000000000e+04
3.115100000000000000e+04
3.213500000000000000e+04
3.315800000000000000e+04
3.436300000000000000e+04
3.554600000000000000e+04
3.676800000000000000e+04
3.808500000000000000e+04
3.953200000000000000e+04
4.109100000000000000e+04
4.272800000000000000e+04
4.452100000000000000e+04
4.637200000000000000e+04
4.836400000000000000e+04
5.054300000000000000e+04
5.286700000000000000e+04
5.533700000000000000e+04
5.796300000000000000e+04
6.084900000000000000e+04
6.400300000000000000e+04
6.734100000000000000e+04
7.093400000000000000e+04
7.467600000000000000e+04
7.900900000000000000e+04
8.343100000000000000e+04
8.817700000000000000e+04
9.338000000000000000e+04
9.892900000000000000e+04
1.048860000000000000e+05
1.113660000000000000e+05
1.184390000000000000e+05
1.260430000000000000e+05
1.340030000000000000e+05
1.427170000000000000e+05
1.521160000000000000e+05
1.621760000000000000e+05
1.729930000000000000e+05
1.844670000000000000e+05
1.969830000000000000e+05
2.105810000000000000e+05
2.250130000000000000e+05
2.405010000000000000e+05
2.571150000000000000e+05
2.748240000000000000e+05
2.941740000000000000e+05
3.150140000000000000e+05
3.375980000000000000e+05
3.616010000000000000e+05
3.875700000000000000e+05
4.150870000000000000e+05
4.445370000000000000e+05
4.763920000000000000e+05
5.104350000000000000e+05
5.466800000000000000e+05
5.856490000000000000e+05
6.270560000000000000e+05
6.713450000000000000e+05
7.181410000000000000e+05
7.682070000000000000e+05
8.216740000000000000e+05
8.788090000000000000e+05
9.387140000000000000e+05
1.002513000000000000e+06
1.069490000000000000e+06
1.140220000000000000e+06
1.214704000000000000e+06
1.292564000000000000e+06
1.375112000000000000e+06
1.461422000000000000e+06
1.551851000000000000e+06
1.646181000000000000e+06
1.743790000000000000e+06
1.845607000000000000e+06
1.951077000000000000e+06
2.059625000000000000e+06
2.171666000000000000e+06
2.286520000000000000e+06
2.404740000000000000e+06
2.525596000000000000e+06
2.648104000000000000e+06
2.772714000000000000e+06
2.899150000000000000e+06
3.026750000000000000e+06
3.154899000000000000e+06
3.283270000000000000e+06
3.410481000000000000e+06
3.538278000000000000e+06
3.665327000000000000e+06
3.791142000000000000e+06
3.915151000000000000e+06
4.036592000000000000e+06
4.155918000000000000e+06
