1.000000000000000000e+02
2.110000000000000000e+02
3.180000000000000000e+02
4.220000000000000000e+02
5.080000000000000000e+02
5.990000000000000000e+02
6.870000000000000000e+02
7.720000000000000000e+02
8.580000000000000000e+02
9.800000000000000000e+02
1.086000000000000000e+03
1.207000000000000000e+03
1.312000000000000000e+03
1.418000000000000000e+03
1.531000000000000000e+03
1.640000000000000000e+03
1.726000000000000000e+03
1.823000000000000000e+03
1.920000000000000000e+03
2.019000000000000000e+03
2.099000000000000000e+03
2.192000000000000000e+03
2.301000000000000000e+03
2.418000000000000000e+03
2.519000000000000000e+03
2.631000000000000000e+03
2.743000000000000000e+03
2.870000000000000000e+03
2.966000000000000000e+03
3.075000000000000000e+03
3.187000000000000000e+03
3.305000000000000000e+03
3.421000000000000000e+03
3.547000000000000000e+03
3.682000000000000000e+03
3.803000000000000000e+03
3.937000000000000000e+03
4.061000000000000000e+03
4.187000000000000000e+03
4.306000000000000000e+03
4.416000000000000000e+03
4.544000000000000000e+03
4.647000000000000000e+03
4.798000000000000000e+03
4.939000000000000000e+03
5.088000000000000000e+03
5.222000000000000000e+03
5.362000000000000000e+03
5.503000000000000000e+03
5.654000000000000000e+03
5.786000000000000000e+03
5.929000000000000000e+03
6.076000000000000000e+03
6.237000000000000000e+03
6.374000000000000000e+03
6.514000000000000000e+03
6.660000000000000000e+03
6.815000000000000000e+03
6.982000000000000000e+03
7.141000000000000000e+03
7.296000000000000000e+03
7.465000000000000000e+03
7.629000000000000000e+03
7.788000000000000000e+03
7.959000000000000000e+03
8.115000000000000000e+03
8.270000000000000000e+03
8.425000000000000000e+03
8.598000000000000000e+03
8.768000000000000000e+03
8.950000000000000000e+03
9.127000000000000000e+03
9.303000000000000000e+03
9.455000000000000000e+03
9.624000000000000000e+03
9.795000000000000000e+03
9.961000000000000000e+03
1.015400000000000000e+04
1.032000000000000000e+04
1.052100000000000000e+04
1.073000000000000000e+04
1.092100000000000000e+04
1.110100000000000000e+04
1.127300000000000000e+04
1.144900000000000000e+04
1.163400000000000000e+04
1.181300000000000000e+04
1.199300000000000000e+04
1.217300000000000000e+04
1.236100000000000000e+04
1.254200000000000000e+04
1.272000000000000000e+04
1.290600000000000000e+04
1.311500000000000000e+04
1.331300000000000000e+04
1.352600000000000000e+04
1.373300000000000000e+04
1.395200000000000000e+04
1.415500000000000000e+04
1.440700000000000000e+04
1.468800000000000000e+04
1.500000000000000000e+04
1.527400000000000000e+04
1.556500000000000000e+04
1.586500000000000000e+04
1.620000000000000000e+04
1.650300000000000000e+04
1.682200000000000000e+04
1.712500000000000000e+04
1.745500000000000000e+04
1.777700000000000000e+04
1.812600000000000000e+04
1.849500000000000000e+04
1.884900000000000000e+04
1.918200000000000000e+04
1.951100000000000000e+04
1.985600000000000000e+04
2.019700000000000000e+04
2.058900000000000000e+04
2.094900000000000000e+04
2.130900000000000000e+04
2.169900000000000000e+04
2.210000000000000000e+04
2.254000000000000000e+04
2.298800000000000000e+04
2.344400000000000000e+04
2.385600000000000000e+04
2.432100000000000000e+04
2.477700000000000000e+04
2.530600000000000000e+04
2.582900000000000000e+04
2.636800000000000000e+04
2.690400000000000000e+04
2.751500000000000000e+04
2.817000000000000000e+04
2.880000000000000000e+04
2.947400000000000000e+04
3.019900000000000000e+04
3.093200000000000000e+04
3.170700000000000000e+04
3.263800000000000000e+04
3.357400000000000000e+04
3.459500000000000000e+04
3.563500000000000000e+04
3.670800000000000000e+04
3.786200000000000000e+04
3.904800000000000000e+04
4.040200000000000000e+04
4.186400000000000000e+04
4.338400000000000000e+04
4.504200000000000000e+04
4.677100000000000000e+04
4.873400000000000000e+04
5.081800000000000000e+04
5.306000000000000000e+04
5.557100000000000000e+04
5.808900000000000000e+04
6.080600000000000000e+04
6.374800000000000000e+04
6.694700000000000000e+04
7.023500000000000000e+04
7.379500000000000000e+04
7.776900000000000000e+04
8.199300000000000000e+04
8.645400000000000000e+04
9.139800000000000000e+04
9.655700000000000000e+04
1.022830000000000000e+05
1.085500000000000000e+05
1.151180000000000000e+05
1.221260000000000000e+05
1.297960000000000000e+05
1.380860000000000000e+05
1.469590000000000000e+05
1.564070000000000000e+05
1.665970000000000000e+05
1.776070000000000000e+05
1.897780000000000000e+05
2.028500000000000000e+05
2.166010000000000000e+05
2.313220000000000000e+05
2.473420000000000000e+05
2.645990000000000000e+05
2.828200000000000000e+05
3.025390000000000000e+05
3.239730000000000000e+05
3.468050000000000000e+05
3.709240000000000000e+05
3.971710000000000000e+05
4.253480000000000000e+05
4.555880000000000000e+05
4.881380000000000000e+05
5.227370000000000000e+05
5.601300000000000000e+05
5.995950000000000000e+05
6.414670000000000000e+05
6.863720000000000000e+05
7.341730000000000000e+05
7.852370000000000000e+05
8.396980000000000000e+05
