1.000000000000000000e+02
2.220000000000000000e+02
3.260000000000000000e+02
4.110000000000000000e+02
5.130000000000000000e+02
6.300000000000000000e+02
7.260000000000000000e+02
8.240000000000000000e+02
9.200000000000000000e+02
1.038000000000000000e+03
1.149000000000000000e+03
1.253000000000000000e+03
1.353000000000000000e+03
1.452000000000000000e+03
1.551000000000000000e+03
1.646000000000000000e+03
1.738000000000000000e+03
1.840000000000000000e+03
1.940000000000000000e+03
2.035000000000000000e+03
2.165000000000000000e+03
2.261000000000000000e+03
2.370000000000000000e+03
2.496000000000000000e+03
2.625000000000000000e+03
2.751000000000000000e+03
2.891000000000000000e+03
3.030000000000000000e+03
3.168000000000000000e+03
3.306000000000000000e+03
3.463000000000000000e+03
3.595000000000000000e+03
3.741000000000000000e+03
3.885000000000000000e+03
4.043000000000000000e+03
4.181000000000000000e+03
4.322000000000000000e+03
4.469000000000000000e+03
4.585000000000000000e+03
4.728000000000000000e+03
4.867000000000000000e+03
5.025000000000000000e+03
5.184000000000000000e+03
5.343000000000000000e+03
5.504000000000000000e+03
5.656000000000000000e+03
5.839000000000000000e+03
6.027000000000000000e+03
6.201000000000000000e+03
6.366000000000000000e+03
6.536000000000000000e+03
6.744000000000000000e+03
6.950000000000000000e+03
7.122000000000000000e+03
7.296000000000000000e+03
7.510000000000000000e+03
7.720000000000000000e+03
7.911000000000000000e+03
8.144000000000000000e+03
8.355000000000000000e+03
8.580000000000000000e+03
8.794000000000000000e+03
9.043000000000000000e+03
9.260000000000000000e+03
9.487000000000000000e+03
9.718000000000000000e+03
9.977000000000000000e+03
1.021700000000000000e+04
1.049400000000000000e+04
1.073800000000000000e+04
1.101300000000000000e+04
1.132100000000000000e+04
1.158700000000000000e+04
1.188700000000000000e+04
1.216500000000000000e+04
1.246300000000000000e+04
1.276100000000000000e+04
1.310600000000000000e+04
1.345000000000000000e+04
1.373300000000000000e+04
1.403500000000000000e+04
1.436100000000000000e+04
1.468300000000000000e+04
1.501600000000000000e+04
1.534500000000000000e+04
1.568500000000000000e+04
1.604200000000000000e+04
1.637400000000000000e+04
1.674300000000000000e+04
1.711800000000000000e+04
1.747500000000000000e+04
1.785200000000000000e+04
1.820500000000000000e+04
1.861000000000000000e+04
1.898800000000000000e+04
1.941600000000000000e+04
1.986900000000000000e+04
2.032100000000000000e+04
2.075900000000000000e+04
2.124800000000000000e+04
2.174400000000000000e+04
2.226500000000000000e+04
2.281400000000000000e+04
2.339700000000000000e+04
2.396900000000000000e+04
2.466000000000000000e+04
2.533700000000000000e+04
2.605900000000000000e+04
2.681800000000000000e+04
2.759100000000000000e+04
2.835400000000000000e+04
2.920500000000000000e+04
3.017300000000000000e+04
3.119100000000000000e+04
3.218700000000000000e+04
3.333100000000000000e+04
3.453800000000000000e+04
3.579500000000000000e+04
3.723800000000000000e+04
3.869500000000000000e+04
4.026500000000000000e+04
4.201200000000000000e+04
4.384300000000000000e+04
4.579600000000000000e+04
4.799900000000000000e+04
5.035500000000000000e+04
5.281100000000000000e+04
5.553000000000000000e+04
5.846500000000000000e+04
6.153500000000000000e+04
6.478700000000000000e+04
6.842700000000000000e+04
7.236000000000000000e+04
7.651700000000000000e+04
8.097500000000000000e+04
8.593400000000000000e+04
9.119400000000000000e+04
9.679900000000000000e+04
1.028640000000000000e+05
1.094360000000000000e+05
1.163450000000000000e+05
1.239180000000000000e+05
1.322890000000000000e+05
1.411470000000000000e+05
1.504520000000000000e+05
1.606470000000000000e+05
1.714520000000000000e+05
1.834220000000000000e+05
1.960890000000000000e+05
2.096930000000000000e+05
2.244300000000000000e+05
2.402430000000000000e+05
2.572870000000000000e+05
2.755060000000000000e+05
2.953070000000000000e+05
3.163000000000000000e+05
3.388460000000000000e+05
3.630080000000000000e+05
3.887290000000000000e+05
4.167080000000000000e+05
4.464610000000000000e+05
4.786190000000000000e+05
5.129160000000000000e+05
5.496570000000000000e+05
5.885810000000000000e+05
6.304080000000000000e+05
6.747850000000000000e+05
7.221900000000000000e+05
7.723170000000000000e+05
8.262770000000000000e+05
8.833140000000000000e+05
9.432810000000000000e+05
1.006686000000000000e+06
1.073660000000000000e+06
1.144064000000000000e+06
1.218463000000000000e+06
1.296550000000000000e+06
1.378084000000000000e+06
1.463915000000000000e+06
1.553105000000000000e+06
1.646894000000000000e+06
1.744259000000000000e+06
1.845149000000000000e+06
1.949614000000000000e+06
2.058021000000000000e+06
2.169508000000000000e+06
2.285054000000000000e+06
2.402994000000000000e+06
2.523408000000000000e+06
2.646797000000000000e+06
2.771274000000000000e+06
2.897025000000000000e+06
3.023978000000000000e+06
3.152154000000000000e+06
3.280538000000000000e+06
3.408321000000000000e+06
3.536481000000000000e+06
3.663234000000000000e+06
3.788639000000000000e+06
3.912334000000000000e+06
