1.000000000000000000e+02
2.160000000000000000e+02
3.100000000000000000e+02
4.090000000000000000e+02
4.930000000000000000e+02
5.640000000000000000e+02
6.500000000000000000e+02
7.400000000000000000e+02
8.300000000000000000e+02
9.370000000000000000e+02
1.024000000000000000e+03
1.124000000000000000e+03
1.220000000000000000e+03
1.323000000000000000e+03
1.444000000000000000e+03
1.521000000000000000e+03
1.640000000000000000e+03
1.733000000000000000e+03
1.843000000000000000e+03
1.938000000000000000e+03
2.040000000000000000e+03
2.138000000000000000e+03
2.247000000000000000e+03
2.354000000000000000e+03
2.485000000000000000e+03
2.615000000000000000e+03
2.716000000000000000e+03
2.844000000000000000e+03
2.954000000000000000e+03
3.091000000000000000e+03
3.228000000000000000e+03
3.373000000000000000e+03
3.509000000000000000e+03
3.651000000000000000e+03
3.781000000000000000e+03
3.921000000000000000e+03
4.064000000000000000e+03
4.218000000000000000e+03
4.353000000000000000e+03
4.510000000000000000e+03
4.682000000000000000e+03
4.861000000000000000e+03
5.021000000000000000e+03
5.177000000000000000e+03
5.366000000000000000e+03
5.546000000000000000e+03
5.719000000000000000e+03
5.898000000000000000e+03
6.125000000000000000e+03
6.321000000000000000e+03
6.524000000000000000e+03
6.738000000000000000e+03
6.966000000000000000e+03
7.209000000000000000e+03
7.460000000000000000e+03
7.734000000000000000e+03
8.009000000000000000e+03
8.307000000000000000e+03
8.611000000000000000e+03
8.880000000000000000e+03
9.184000000000000000e+03
9.485000000000000000e+03
9.830000000000000000e+03
1.017000000000000000e+04
1.049500000000000000e+04
1.086900000000000000e+04
1.126900000000000000e+04
1.165300000000000000e+04
1.202800000000000000e+04
1.238000000000000000e+04
1.278600000000000000e+04
1.322100000000000000e+04
1.360900000000000000e+04
1.408200000000000000e+04
1.454500000000000000e+04
1.499600000000000000e+04
1.545100000000000000e+04
1.590200000000000000e+04
1.640200000000000000e+04
1.695400000000000000e+04
1.747700000000000000e+04
1.803100000000000000e+04
1.863500000000000000e+04
1.924800000000000000e+04
1.990100000000000000e+04
2.061900000000000000e+04
2.134100000000000000e+04
2.212100000000000000e+04
2.297300000000000000e+04
2.386000000000000000e+04
2.482200000000000000e+04
2.577700000000000000e+04
2.676500000000000000e+04
2.791900000000000000e+04
2.908200000000000000e+04
3.037900000000000000e+04
3.175300000000000000e+04
3.320900000000000000e+04
3.479800000000000000e+04
3.643900000000000000e+04
3.820000000000000000e+04
4.010000000000000000e+04
4.216600000000000000e+04
4.438400000000000000e+04
4.674700000000000000e+04
4.942500000000000000e+04
5.217600000000000000e+04
5.518000000000000000e+04
5.839700000000000000e+04
6.182300000000000000e+04
6.559700000000000000e+04
6.956600000000000000e+04
7.391200000000000000e+04
7.842800000000000000e+04
8.345300000000000000e+04
8.879100000000000000e+04
9.456700000000000000e+04
1.008120000000000000e+05
1.075760000000000000e+05
1.148700000000000000e+05
1.226740000000000000e+05
1.314190000000000000e+05
1.404240000000000000e+05
1.503450000000000000e+05
1.610140000000000000e+05
1.722830000000000000e+05
1.845410000000000000e+05
1.979190000000000000e+05
2.121410000000000000e+05
2.273140000000000000e+05
2.437280000000000000e+05
2.613360000000000000e+05
2.801150000000000000e+05
3.003120000000000000e+05
3.218320000000000000e+05
3.449390000000000000e+05
3.697910000000000000e+05
3.963320000000000000e+05
4.250100000000000000e+05
4.557720000000000000e+05
4.882710000000000000e+05
5.229310000000000000e+05
5.601570000000000000e+05
5.998030000000000000e+05
6.422920000000000000e+05
6.873660000000000000e+05
7.354190000000000000e+05
7.863080000000000000e+05
8.404450000000000000e+05
8.980670000000000000e+05
9.589160000000000000e+05
1.023272000000000000e+06
1.090891000000000000e+06
1.162656000000000000e+06
1.238071000000000000e+06
1.317467000000000000e+06
1.400545000000000000e+06
1.487444000000000000e+06
1.577999000000000000e+06
1.672767000000000000e+06
1.771521000000000000e+06
1.873940000000000000e+06
1.979393000000000000e+06
2.088291000000000000e+06
2.200404000000000000e+06
2.316170000000000000e+06
2.434733000000000000e+06
2.555724000000000000e+06
2.678944000000000000e+06
2.803747000000000000e+06
2.929649000000000000e+06
3.056680000000000000e+06
3.184966000000000000e+06
3.312948000000000000e+06
3.441430000000000000e+06
3.568773000000000000e+06
3.695561000000000000e+06
3.820217000000000000e+06
3.943585000000000000e+06
4.065027000000000000e+06
4.184376000000000000e+06
4.300725000000000000e+06
4.413454000000000000e+06
4.522449000000000000e+06
4.628312000000000000e+06
4.730269000000000000e+06
4.828588000000000000e+06
4.922496000000000000e+06
5.013007000000000000e+06
5.099035000000000000e+06
5.180605000000000000e+06
5.259112000000000000e+06
5.333275000000000000e+06
5.403075000000000000e+06
5.469690000000000000e+06
5.532142000000000000e+06
5.591343000000000000e+06
5.646070000000000000e+06
5.697559000000000000e+06
5.745967000000000000e+06
