1.000000000000000000e+02
2.260000000000000000e+02
3.200000000000000000e+02
4.260000000000000000e+02
5.350000000000000000e+02
6.310000000000000000e+02
7.440000000000000000e+02
8.600000000000000000e+02
9.970000000000000000e+02
1.124000000000000000e+03
1.264000000000000000e+03
1.404000000000000000e+03
1.560000000000000000e+03
1.705000000000000000e+03
1.869000000000000000e+03
2.038000000000000000e+03
2.209000000000000000e+03
2.385000000000000000e+03
2.553000000000000000e+03
2.740000000000000000e+03
2.929000000000000000e+03
3.122000000000000000e+03
3.335000000000000000e+03
3.547000000000000000e+03
3.774000000000000000e+03
4.008000000000000000e+03
4.251000000000000000e+03
4.473000000000000000e+03
4.689000000000000000e+03
4.945000000000000000e+03
5.199000000000000000e+03
5.434000000000000000e+03
5.698000000000000000e+03
5.945000000000000000e+03
6.210000000000000000e+03
6.475000000000000000e+03
6.771000000000000000e+03
7.068000000000000000e+03
7.363000000000000000e+03
7.673000000000000000e+03
8.016000000000000000e+03
8.332000000000000000e+03
8.663000000000000000e+03
9.006000000000000000e+03
9.324000000000000000e+03
9.681000000000000000e+03
1.001400000000000000e+04
1.034400000000000000e+04
1.066900000000000000e+04
1.102200000000000000e+04
1.138400000000000000e+04
1.174700000000000000e+04
1.213500000000000000e+04
1.247400000000000000e+04
1.283200000000000000e+04
1.321600000000000000e+04
1.360400000000000000e+04
1.404300000000000000e+04
1.449500000000000000e+04
1.494500000000000000e+04
1.535200000000000000e+04
1.579900000000000000e+04
1.628800000000000000e+04
1.680600000000000000e+04
1.731200000000000000e+04
1.782600000000000000e+04
1.837600000000000000e+04
1.893500000000000000e+04
1.955700000000000000e+04
2.013100000000000000e+04
2.077200000000000000e+04
2.142900000000000000e+04
2.212900000000000000e+04
2.285300000000000000e+04
2.360300000000000000e+04
2.444800000000000000e+04
2.537000000000000000e+04
2.630200000000000000e+04
2.731800000000000000e+04
2.842300000000000000e+04
2.959700000000000000e+04
3.087100000000000000e+04
3.214700000000000000e+04
3.361700000000000000e+04
3.519600000000000000e+04
3.681400000000000000e+04
3.847200000000000000e+04
4.043100000000000000e+04
4.237300000000000000e+04
4.456700000000000000e+04
4.689800000000000000e+04
4.936800000000000000e+04
5.207000000000000000e+04
5.493200000000000000e+04
5.808900000000000000e+04
6.143800000000000000e+04
6.504500000000000000e+04
6.879400000000000000e+04
7.293100000000000000e+04
7.732600000000000000e+04
8.217100000000000000e+04
8.742900000000000000e+04
9.306600000000000000e+04
9.907200000000000000e+04
1.056420000000000000e+05
1.127850000000000000e+05
1.201840000000000000e+05
1.282990000000000000e+05
1.369320000000000000e+05
1.462660000000000000e+05
1.563110000000000000e+05
1.671600000000000000e+05
1.789060000000000000e+05
1.915970000000000000e+05
2.052820000000000000e+05
2.199580000000000000e+05
2.357580000000000000e+05
2.527840000000000000e+05
2.712090000000000000e+05
2.907490000000000000e+05
3.118960000000000000e+05
3.347880000000000000e+05
3.592500000000000000e+05
3.853890000000000000e+05
4.134490000000000000e+05
4.434380000000000000e+05
4.759920000000000000e+05
5.104440000000000000e+05
5.476280000000000000e+05
5.868510000000000000e+05
6.286230000000000000e+05
6.735050000000000000e+05
7.209060000000000000e+05
7.712370000000000000e+05
8.252860000000000000e+05
8.829360000000000000e+05
9.434330000000000000e+05
1.007626000000000000e+06
1.075348000000000000e+06
1.146997000000000000e+06
1.222451000000000000e+06
1.301593000000000000e+06
1.384418000000000000e+06
1.471195000000000000e+06
1.562381000000000000e+06
1.656770000000000000e+06
1.755789000000000000e+06
1.857802000000000000e+06
1.963112000000000000e+06
2.072986000000000000e+06
2.185213000000000000e+06
2.300840000000000000e+06
2.419062000000000000e+06
2.539579000000000000e+06
2.662613000000000000e+06
2.787309000000000000e+06
2.913414000000000000e+06
3.041239000000000000e+06
3.169392000000000000e+06
3.297921000000000000e+06
3.426298000000000000e+06
3.553701000000000000e+06
3.680580000000000000e+06
3.805935000000000000e+06
3.929458000000000000e+06
4.050069000000000000e+06
4.168932000000000000e+06
4.284867000000000000e+06
4.397700000000000000e+06
4.506964000000000000e+06
4.613017000000000000e+06
4.715997000000000000e+06
4.814554000000000000e+06
4.909465000000000000e+06
4.999820000000000000e+06
5.086526000000000000e+06
5.169074000000000000e+06
5.247469000000000000e+06
5.321912000000000000e+06
5.392007000000000000e+06
5.458444000000000000e+06
5.521378000000000000e+06
5.580449000000000000e+06
5.635689000000000000e+06
5.687514000000000000e+06
5.735515000000000000e+06
5.780869000000000000e+06
5.823603000000000000e+06
5.863621000000000000e+06
5.900667000000000000e+06
5.935187000000000000e+06
5.967288000000000000e+06
5.997347000000000000e+06
6.024965000000000000e+06
6.050558000000000000e+06
6.074695000000000000e+06
6.097055000000000000e+06
6.117735000000000000e+06
6.137095000000000000e+06
6.154601000000000000e+06
