1.000000000000000000e+02
2.200000000000000000e+02
3.390000000000000000e+02
4.140000000000000000e+02
5.040000000000000000e+02
5.680000000000000000e+02
6.500000000000000000e+02
7.500000000000000000e+02
8.280000000000000000e+02
9.150000000000000000e+02
1.004000000000000000e+03
1.094000000000000000e+03
1.180000000000000000e+03
1.280000000000000000e+03
1.366000000000000000e+03
1.443000000000000000e+03
1.528000000000000000e+03
1.614000000000000000e+03
1.713000000000000000e+03
1.813000000000000000e+03
1.902000000000000000e+03
1.987000000000000000e+03
2.065000000000000000e+03
2.158000000000000000e+03
2.240000000000000000e+03
2.339000000000000000e+03
2.438000000000000000e+03
2.535000000000000000e+03
2.629000000000000000e+03
2.709000000000000000e+03
2.803000000000000000e+03
2.883000000000000000e+03
2.961000000000000000e+03
3.049000000000000000e+03
3.131000000000000000e+03
3.235000000000000000e+03
3.335000000000000000e+03
3.419000000000000000e+03
3.493000000000000000e+03
3.578000000000000000e+03
3.666000000000000000e+03
3.768000000000000000e+03
3.845000000000000000e+03
3.947000000000000000e+03
4.035000000000000000e+03
4.144000000000000000e+03
4.246000000000000000e+03
4.347000000000000000e+03
4.436000000000000000e+03
4.543000000000000000e+03
4.659000000000000000e+03
4.780000000000000000e+03
4.896000000000000000e+03
5.010000000000000000e+03
5.127000000000000000e+03
5.246000000000000000e+03
5.368000000000000000e+03
5.515000000000000000e+03
5.626000000000000000e+03
5.762000000000000000e+03
5.908000000000000000e+03
6.047000000000000000e+03
6.176000000000000000e+03
6.318000000000000000e+03
6.430000000000000000e+03
6.573000000000000000e+03
6.704000000000000000e+03
6.837000000000000000e+03
6.971000000000000000e+03
7.101000000000000000e+03
7.238000000000000000e+03
7.389000000000000000e+03
7.543000000000000000e+03
7.687000000000000000e+03
7.839000000000000000e+03
7.975000000000000000e+03
8.143000000000000000e+03
8.302000000000000000e+03
8.447000000000000000e+03
8.634000000000000000e+03
8.767000000000000000e+03
8.938000000000000000e+03
9.117000000000000000e+03
9.292000000000000000e+03
9.445000000000000000e+03
9.613000000000000000e+03
9.787000000000000000e+03
9.971000000000000000e+03
1.017900000000000000e+04
1.037800000000000000e+04
1.057600000000000000e+04
1.075700000000000000e+04
1.094800000000000000e+04
1.113000000000000000e+04
1.136200000000000000e+04
1.156600000000000000e+04
1.180100000000000000e+04
1.205500000000000000e+04
1.229200000000000000e+04
1.257200000000000000e+04
1.287100000000000000e+04
1.314700000000000000e+04
1.344500000000000000e+04
1.376600000000000000e+04
1.409300000000000000e+04
1.442200000000000000e+04
1.473500000000000000e+04
1.507400000000000000e+04
1.541100000000000000e+04
1.575300000000000000e+04
1.612600000000000000e+04
1.645000000000000000e+04
1.679700000000000000e+04
1.714600000000000000e+04
1.751000000000000000e+04
1.791200000000000000e+04
1.828800000000000000e+04
1.869400000000000000e+04
1.913900000000000000e+04
1.958800000000000000e+04
2.004900000000000000e+04
2.054000000000000000e+04
2.100400000000000000e+04
2.151900000000000000e+04
2.206200000000000000e+04
2.254800000000000000e+04
2.307900000000000000e+04
2.364900000000000000e+04
2.426500000000000000e+04
2.494800000000000000e+04
2.561000000000000000e+04
2.634100000000000000e+04
2.707100000000000000e+04
2.792300000000000000e+04
2.877500000000000000e+04
2.963000000000000000e+04
3.059000000000000000e+04
3.161300000000000000e+04
3.270500000000000000e+04
3.388200000000000000e+04
3.513200000000000000e+04
3.647100000000000000e+04
3.787500000000000000e+04
3.942600000000000000e+04
4.109000000000000000e+04
4.284100000000000000e+04
4.467700000000000000e+04
4.673000000000000000e+04
4.886700000000000000e+04
5.115300000000000000e+04
5.352100000000000000e+04
5.614300000000000000e+04
5.892300000000000000e+04
6.196100000000000000e+04
6.537300000000000000e+04
6.887400000000000000e+04
7.260100000000000000e+04
7.654500000000000000e+04
8.100100000000000000e+04
8.577600000000000000e+04
9.088800000000000000e+04
9.639500000000000000e+04
1.023910000000000000e+05
1.087810000000000000e+05
1.159230000000000000e+05
1.234630000000000000e+05
1.316730000000000000e+05
1.404130000000000000e+05
1.499600000000000000e+05
1.602920000000000000e+05
1.713680000000000000e+05
1.835740000000000000e+05
1.963370000000000000e+05
2.100330000000000000e+05
2.245650000000000000e+05
2.403160000000000000e+05
2.574230000000000000e+05
2.757410000000000000e+05
2.952620000000000000e+05
3.161770000000000000e+05
3.387470000000000000e+05
3.628810000000000000e+05
3.889150000000000000e+05
4.171080000000000000e+05
4.472650000000000000e+05
4.794550000000000000e+05
5.136940000000000000e+05
5.505380000000000000e+05
5.898090000000000000e+05
6.317030000000000000e+05
6.765470000000000000e+05
7.244180000000000000e+05
7.747350000000000000e+05
8.285650000000000000e+05
8.861210000000000000e+05
9.462520000000000000e+05
1.010703000000000000e+06
1.078045000000000000e+06
1.148987000000000000e+06
1.224281000000000000e+06
