1.000000000000000000e+02
2.280000000000000000e+02
3.360000000000000000e+02
4.070000000000000000e+02
5.130000000000000000e+02
6.030000000000000000e+02
7.120000000000000000e+02
8.240000000000000000e+02
9.260000000000000000e+02
1.037000000000000000e+03
1.141000000000000000e+03
1.225000000000000000e+03
1.312000000000000000e+03
1.399000000000000000e+03
1.517000000000000000e+03
1.635000000000000000e+03
1.751000000000000000e+03
1.868000000000000000e+03
1.971000000000000000e+03
2.090000000000000000e+03
2.194000000000000000e+03
2.308000000000000000e+03
2.441000000000000000e+03
2.561000000000000000e+03
2.703000000000000000e+03
2.815000000000000000e+03
2.943000000000000000e+03
3.103000000000000000e+03
3.241000000000000000e+03
3.377000000000000000e+03
3.527000000000000000e+03
3.659000000000000000e+03
3.820000000000000000e+03
3.973000000000000000e+03
4.134000000000000000e+03
4.289000000000000000e+03
4.458000000000000000e+03
4.635000000000000000e+03
4.809000000000000000e+03
4.973000000000000000e+03
5.175000000000000000e+03
5.382000000000000000e+03
5.586000000000000000e+03
5.796000000000000000e+03
5.999000000000000000e+03
6.217000000000000000e+03
6.473000000000000000e+03
6.703000000000000000e+03
6.943000000000000000e+03
7.207000000000000000e+03
7.446000000000000000e+03
7.758000000000000000e+03
8.031000000000000000e+03
8.304000000000000000e+03
8.609000000000000000e+03
8.898000000000000000e+03
9.221000000000000000e+03
9.505000000000000000e+03
9.819000000000000000e+03
1.011100000000000000e+04
1.042300000000000000e+04
1.077300000000000000e+04
1.112200000000000000e+04
1.144400000000000000e+04
1.176100000000000000e+04
1.208400000000000000e+04
1.242800000000000000e+04
1.277200000000000000e+04
1.312000000000000000e+04
1.344600000000000000e+04
1.381200000000000000e+04
1.418000000000000000e+04
1.455200000000000000e+04
1.491200000000000000e+04
1.533400000000000000e+04
1.574200000000000000e+04
1.613400000000000000e+04
1.654900000000000000e+04
1.698100000000000000e+04
1.737900000000000000e+04
1.777100000000000000e+04
1.823300000000000000e+04
1.872100000000000000e+04
1.919800000000000000e+04
1.971100000000000000e+04
2.022700000000000000e+04
2.079400000000000000e+04
2.140900000000000000e+04
2.203800000000000000e+04
2.268700000000000000e+04
2.331800000000000000e+04
2.403900000000000000e+04
2.485100000000000000e+04
2.566100000000000000e+04
2.652000000000000000e+04
2.742100000000000000e+04
2.841600000000000000e+04
2.940800000000000000e+04
3.051200000000000000e+04
3.169600000000000000e+04
3.297000000000000000e+04
3.436900000000000000e+04
3.580800000000000000e+04
3.735500000000000000e+04
3.905200000000000000e+04
4.081900000000000000e+04
4.281200000000000000e+04
4.484300000000000000e+04
4.697300000000000000e+04
4.929800000000000000e+04
5.172600000000000000e+04
5.447700000000000000e+04
5.739200000000000000e+04
6.056700000000000000e+04
6.398400000000000000e+04
6.776300000000000000e+04
7.176000000000000000e+04
7.610300000000000000e+04
8.069800000000000000e+04
8.571900000000000000e+04
9.111600000000000000e+04
9.686200000000000000e+04
1.030030000000000000e+05
1.095710000000000000e+05
1.167370000000000000e+05
1.242730000000000000e+05
1.325520000000000000e+05
1.413520000000000000e+05
1.510040000000000000e+05
1.612850000000000000e+05
1.722890000000000000e+05
1.840600000000000000e+05
1.971220000000000000e+05
2.109220000000000000e+05
2.258340000000000000e+05
2.418020000000000000e+05
2.587560000000000000e+05
2.770450000000000000e+05
2.969700000000000000e+05
3.180330000000000000e+05
3.407880000000000000e+05
3.651620000000000000e+05
3.914290000000000000e+05
4.196260000000000000e+05
4.495590000000000000e+05
4.818580000000000000e+05
5.158040000000000000e+05
5.524620000000000000e+05
5.918360000000000000e+05
6.334790000000000000e+05
6.784130000000000000e+05
7.257840000000000000e+05
7.762610000000000000e+05
8.296320000000000000e+05
8.864180000000000000e+05
9.463090000000000000e+05
1.010296000000000000e+06
1.077627000000000000e+06
1.148704000000000000e+06
1.223390000000000000e+06
1.302039000000000000e+06
1.384849000000000000e+06
1.471246000000000000e+06
1.561013000000000000e+06
1.655125000000000000e+06
1.753320000000000000e+06
1.854022000000000000e+06
1.959433000000000000e+06
2.068161000000000000e+06
2.180067000000000000e+06
2.295507000000000000e+06
2.413409000000000000e+06
2.534395000000000000e+06
2.657173000000000000e+06
2.782005000000000000e+06
2.908343000000000000e+06
3.035366000000000000e+06
3.163579000000000000e+06
3.291465000000000000e+06
3.419803000000000000e+06
3.547299000000000000e+06
3.673310000000000000e+06
3.798604000000000000e+06
3.923049000000000000e+06
4.044674000000000000e+06
4.163512000000000000e+06
4.280251000000000000e+06
4.392879000000000000e+06
4.503017000000000000e+06
4.609532000000000000e+06
4.712603000000000000e+06
4.811946000000000000e+06
4.907216000000000000e+06
4.998252000000000000e+06
5.085476000000000000e+06
5.167941000000000000e+06
5.246684000000000000e+06
5.321070000000000000e+06
5.391929000000000000e+06
5.458790000000000000e+06
