1.000000000000000000e+02
2.230000000000000000e+02
3.300000000000000000e+02
4.190000000000000000e+02
5.040000000000000000e+02
5.980000000000000000e+02
6.940000000000000000e+02
8.030000000000000000e+02
8.820000000000000000e+02
9.770000000000000000e+02
1.082000000000000000e+03
1.177000000000000000e+03
1.272000000000000000e+03
1.367000000000000000e+03
1.466000000000000000e+03
1.572000000000000000e+03
1.682000000000000000e+03
1.778000000000000000e+03
1.885000000000000000e+03
1.986000000000000000e+03
2.122000000000000000e+03
2.253000000000000000e+03
2.366000000000000000e+03
2.503000000000000000e+03
2.639000000000000000e+03
2.752000000000000000e+03
2.900000000000000000e+03
3.017000000000000000e+03
3.161000000000000000e+03
3.321000000000000000e+03
3.461000000000000000e+03
3.598000000000000000e+03
3.768000000000000000e+03
3.919000000000000000e+03
4.089000000000000000e+03
4.286000000000000000e+03
4.473000000000000000e+03
4.657000000000000000e+03
4.845000000000000000e+03
5.055000000000000000e+03
5.240000000000000000e+03
5.429000000000000000e+03
5.633000000000000000e+03
5.844000000000000000e+03
6.070000000000000000e+03
6.297000000000000000e+03
6.565000000000000000e+03
6.812000000000000000e+03
7.038000000000000000e+03
7.302000000000000000e+03
7.562000000000000000e+03
7.817000000000000000e+03
8.078000000000000000e+03
8.343000000000000000e+03
8.587000000000000000e+03
8.841000000000000000e+03
9.106000000000000000e+03
9.388000000000000000e+03
9.645000000000000000e+03
9.932000000000000000e+03
1.020300000000000000e+04
1.047400000000000000e+04
1.074300000000000000e+04
1.103400000000000000e+04
1.130300000000000000e+04
1.159100000000000000e+04
1.188600000000000000e+04
1.217400000000000000e+04
1.246900000000000000e+04
1.277500000000000000e+04
1.305100000000000000e+04
1.336100000000000000e+04
1.365900000000000000e+04
1.393300000000000000e+04
1.422800000000000000e+04
1.452200000000000000e+04
1.482800000000000000e+04
1.512600000000000000e+04
1.545400000000000000e+04
1.576300000000000000e+04
1.607100000000000000e+04
1.642800000000000000e+04
1.677700000000000000e+04
1.711500000000000000e+04
1.746700000000000000e+04
1.780800000000000000e+04
1.820400000000000000e+04
1.860200000000000000e+04
1.897700000000000000e+04
1.939000000000000000e+04
1.976400000000000000e+04
2.017500000000000000e+04
2.057600000000000000e+04
2.096000000000000000e+04
2.138200000000000000e+04
2.179000000000000000e+04
2.226600000000000000e+04
2.270800000000000000e+04
2.320600000000000000e+04
2.369200000000000000e+04
2.423900000000000000e+04
2.478500000000000000e+04
2.535400000000000000e+04
2.591600000000000000e+04
2.653800000000000000e+04
2.722300000000000000e+04
2.787600000000000000e+04
2.861200000000000000e+04
2.939000000000000000e+04
3.020500000000000000e+04
3.105500000000000000e+04
3.197900000000000000e+04
3.294900000000000000e+04
3.389900000000000000e+04
3.495600000000000000e+04
3.605000000000000000e+04
3.727400000000000000e+04
3.861000000000000000e+04
4.005000000000000000e+04
4.164800000000000000e+04
4.324400000000000000e+04
4.498100000000000000e+04
4.684800000000000000e+04
4.892300000000000000e+04
5.108600000000000000e+04
5.338200000000000000e+04
5.589200000000000000e+04
5.857700000000000000e+04
6.154500000000000000e+04
6.466500000000000000e+04
6.796600000000000000e+04
7.154100000000000000e+04
7.560200000000000000e+04
7.990500000000000000e+04
8.441300000000000000e+04
8.930100000000000000e+04
9.449400000000000000e+04
1.001830000000000000e+05
1.062520000000000000e+05
1.127440000000000000e+05
1.196680000000000000e+05
1.272960000000000000e+05
1.353010000000000000e+05
1.439340000000000000e+05
1.534060000000000000e+05
1.633540000000000000e+05
1.741240000000000000e+05
1.857740000000000000e+05
1.985320000000000000e+05
2.121710000000000000e+05
2.268440000000000000e+05
2.427360000000000000e+05
2.598870000000000000e+05
2.783990000000000000e+05
2.982570000000000000e+05
3.194410000000000000e+05
3.420980000000000000e+05
3.665900000000000000e+05
3.927050000000000000e+05
4.201050000000000000e+05
4.499190000000000000e+05
4.817690000000000000e+05
5.161100000000000000e+05
5.526580000000000000e+05
5.916550000000000000e+05
6.337200000000000000e+05
6.784890000000000000e+05
7.260090000000000000e+05
7.765490000000000000e+05
8.301530000000000000e+05
8.873830000000000000e+05
9.476060000000000000e+05
1.011656000000000000e+06
1.079128000000000000e+06
1.150330000000000000e+06
1.225256000000000000e+06
1.304553000000000000e+06
1.388009000000000000e+06
1.474502000000000000e+06
1.565541000000000000e+06
1.660019000000000000e+06
1.758473000000000000e+06
1.860631000000000000e+06
1.965940000000000000e+06
2.075600000000000000e+06
2.188438000000000000e+06
2.303927000000000000e+06
2.422100000000000000e+06
2.543807000000000000e+06
2.667215000000000000e+06
2.793194000000000000e+06
2.920231000000000000e+06
3.047570000000000000e+06
3.175913000000000000e+06
3.304951000000000000e+06
3.434119000000000000e+06
3.562113000000000000e+06
3.689887000000000000e+06
3.815535000000000000e+06
3.940021000000000000e+06
