1.000000000000000000e+02
2.170000000000000000e+02
3.150000000000000000e+02
3.880000000000000000e+02
4.690000000000000000e+02
5.380000000000000000e+02
6.190000000000000000e+02
6.960000000000000000e+02
7.590000000000000000e+02
8.470000000000000000e+02
9.500000000000000000e+02
1.027000000000000000e+03
1.102000000000000000e+03
1.181000000000000000e+03
1.269000000000000000e+03
1.354000000000000000e+03
1.489000000000000000e+03
1.570000000000000000e+03
1.677000000000000000e+03
1.778000000000000000e+03
1.895000000000000000e+03
2.006000000000000000e+03
2.092000000000000000e+03
2.186000000000000000e+03
2.285000000000000000e+03
2.397000000000000000e+03
2.504000000000000000e+03
2.594000000000000000e+03
2.711000000000000000e+03
2.819000000000000000e+03
2.922000000000000000e+03
3.035000000000000000e+03
3.137000000000000000e+03
3.253000000000000000e+03
3.378000000000000000e+03
3.472000000000000000e+03
3.587000000000000000e+03
3.697000000000000000e+03
3.806000000000000000e+03
3.932000000000000000e+03
4.046000000000000000e+03
4.176000000000000000e+03
4.295000000000000000e+03
4.438000000000000000e+03
4.574000000000000000e+03
4.721000000000000000e+03
4.854000000000000000e+03
5.015000000000000000e+03
5.154000000000000000e+03
5.310000000000000000e+03
5.492000000000000000e+03
5.690000000000000000e+03
5.865000000000000000e+03
6.035000000000000000e+03
6.235000000000000000e+03
6.405000000000000000e+03
6.571000000000000000e+03
6.757000000000000000e+03
6.960000000000000000e+03
7.167000000000000000e+03
7.355000000000000000e+03
7.571000000000000000e+03
7.801000000000000000e+03
8.023000000000000000e+03
8.236000000000000000e+03
8.458000000000000000e+03
8.700000000000000000e+03
8.907000000000000000e+03
9.121000000000000000e+03
9.336000000000000000e+03
9.537000000000000000e+03
9.753000000000000000e+03
9.990000000000000000e+03
1.022100000000000000e+04
1.043500000000000000e+04
1.068800000000000000e+04
1.093300000000000000e+04
1.119700000000000000e+04
1.145600000000000000e+04
1.168900000000000000e+04
1.195200000000000000e+04
1.219300000000000000e+04
1.243400000000000000e+04
1.267100000000000000e+04
1.290700000000000000e+04
1.310200000000000000e+04
1.329700000000000000e+04
1.351000000000000000e+04
1.372100000000000000e+04
1.393700000000000000e+04
1.414000000000000000e+04
1.433900000000000000e+04
1.457100000000000000e+04
1.478900000000000000e+04
1.503600000000000000e+04
1.524300000000000000e+04
1.546500000000000000e+04
1.569600000000000000e+04
1.595800000000000000e+04
1.618400000000000000e+04
1.644000000000000000e+04
1.668700000000000000e+04
1.692700000000000000e+04
1.718500000000000000e+04
1.744300000000000000e+04
1.771600000000000000e+04
1.799700000000000000e+04
1.828900000000000000e+04
1.856300000000000000e+04
1.886400000000000000e+04
1.915800000000000000e+04
1.943800000000000000e+04
1.972700000000000000e+04
1.999800000000000000e+04
2.027500000000000000e+04
2.054000000000000000e+04
2.084700000000000000e+04
2.110300000000000000e+04
2.137100000000000000e+04
2.165800000000000000e+04
2.192600000000000000e+04
2.222000000000000000e+04
2.246800000000000000e+04
2.270600000000000000e+04
2.295900000000000000e+04
2.323100000000000000e+04
2.349200000000000000e+04
2.376800000000000000e+04
2.406500000000000000e+04
2.439000000000000000e+04
2.465900000000000000e+04
2.498100000000000000e+04
2.531800000000000000e+04
2.562600000000000000e+04
2.596400000000000000e+04
2.630600000000000000e+04
2.668700000000000000e+04
2.704500000000000000e+04
2.744000000000000000e+04
2.780000000000000000e+04
2.819100000000000000e+04
2.859400000000000000e+04
2.902400000000000000e+04
2.942400000000000000e+04
2.983000000000000000e+04
3.022700000000000000e+04
3.063500000000000000e+04
3.106800000000000000e+04
3.152000000000000000e+04
3.198600000000000000e+04
3.245700000000000000e+04
3.299800000000000000e+04
3.352800000000000000e+04
3.407200000000000000e+04
3.463400000000000000e+04
3.523100000000000000e+04
3.583600000000000000e+04
3.646900000000000000e+04
3.714100000000000000e+04
3.785200000000000000e+04
3.857900000000000000e+04
3.941400000000000000e+04
4.026900000000000000e+04
4.117700000000000000e+04
4.219600000000000000e+04
4.317000000000000000e+04
4.428500000000000000e+04
4.547500000000000000e+04
4.669600000000000000e+04
4.809600000000000000e+04
4.953200000000000000e+04
5.106400000000000000e+04
5.277500000000000000e+04
5.455900000000000000e+04
5.647000000000000000e+04
5.856000000000000000e+04
6.084700000000000000e+04
6.337500000000000000e+04
6.596200000000000000e+04
6.883900000000000000e+04
7.194800000000000000e+04
7.527100000000000000e+04
7.875500000000000000e+04
8.259000000000000000e+04
8.668700000000000000e+04
9.102200000000000000e+04
9.572100000000000000e+04
1.009980000000000000e+05
1.066330000000000000e+05
1.126350000000000000e+05
1.189860000000000000e+05
1.257320000000000000e+05
1.330750000000000000e+05
1.410400000000000000e+05
1.496240000000000000e+05
1.587580000000000000e+05
1.686690000000000000e+05
1.796060000000000000e+05
1.912920000000000000e+05
2.040110000000000000e+05
