1.000000000000000000e+02
2.280000000000000000e+02
3.160000000000000000e+02
3.910000000000000000e+02
4.790000000000000000e+02
5.730000000000000000e+02
6.620000000000000000e+02
7.330000000000000000e+02
8.170000000000000000e+02
9.050000000000000000e+02
9.840000000000000000e+02
1.087000000000000000e+03
1.201000000000000000e+03
1.289000000000000000e+03
1.394000000000000000e+03
1.497000000000000000e+03
1.614000000000000000e+03
1.723000000000000000e+03
1.854000000000000000e+03
1.955000000000000000e+03
2.062000000000000000e+03
2.168000000000000000e+03
2.286000000000000000e+03
2.411000000000000000e+03
2.539000000000000000e+03
2.649000000000000000e+03
2.777000000000000000e+03
2.914000000000000000e+03
3.053000000000000000e+03
3.220000000000000000e+03
3.365000000000000000e+03
3.480000000000000000e+03
3.635000000000000000e+03
3.799000000000000000e+03
3.954000000000000000e+03
4.115000000000000000e+03
4.284000000000000000e+03
4.460000000000000000e+03
4.648000000000000000e+03
4.830000000000000000e+03
5.010000000000000000e+03
5.214000000000000000e+03
5.379000000000000000e+03
5.597000000000000000e+03
5.783000000000000000e+03
6.019000000000000000e+03
6.224000000000000000e+03
6.438000000000000000e+03
6.650000000000000000e+03
6.874000000000000000e+03
7.095000000000000000e+03
7.342000000000000000e+03
7.583000000000000000e+03
7.830000000000000000e+03
8.106000000000000000e+03
8.340000000000000000e+03
8.595000000000000000e+03
8.866000000000000000e+03
9.122000000000000000e+03
9.387000000000000000e+03
9.663000000000000000e+03
9.921000000000000000e+03
1.019100000000000000e+04
1.048100000000000000e+04
1.080400000000000000e+04
1.111400000000000000e+04
1.141000000000000000e+04
1.172700000000000000e+04
1.200900000000000000e+04
1.233200000000000000e+04
1.262400000000000000e+04
1.290000000000000000e+04
1.315400000000000000e+04
1.344900000000000000e+04
1.375000000000000000e+04
1.403500000000000000e+04
1.436700000000000000e+04
1.468500000000000000e+04
1.499100000000000000e+04
1.529600000000000000e+04
1.562800000000000000e+04
1.592800000000000000e+04
1.624300000000000000e+04
1.657200000000000000e+04
1.692400000000000000e+04
1.724800000000000000e+04
1.761600000000000000e+04
1.794500000000000000e+04
1.834700000000000000e+04
1.871500000000000000e+04
1.906000000000000000e+04
1.944200000000000000e+04
1.982100000000000000e+04
2.019900000000000000e+04
2.062900000000000000e+04
2.104800000000000000e+04
2.152000000000000000e+04
2.195500000000000000e+04
2.242300000000000000e+04
2.293300000000000000e+04
2.340500000000000000e+04
2.394500000000000000e+04
2.451500000000000000e+04
2.509700000000000000e+04
2.569400000000000000e+04
2.632600000000000000e+04
2.694000000000000000e+04
2.760300000000000000e+04
2.829800000000000000e+04
2.907000000000000000e+04
2.984900000000000000e+04
3.064500000000000000e+04
3.151100000000000000e+04
3.238900000000000000e+04
3.332000000000000000e+04
3.428500000000000000e+04
3.539200000000000000e+04
3.656600000000000000e+04
3.780100000000000000e+04
3.911600000000000000e+04
4.052900000000000000e+04
4.202500000000000000e+04
4.366200000000000000e+04
4.540100000000000000e+04
4.727400000000000000e+04
4.934100000000000000e+04
5.149500000000000000e+04
5.390200000000000000e+04
5.639900000000000000e+04
5.912800000000000000e+04
6.204400000000000000e+04
6.518400000000000000e+04
6.859500000000000000e+04
7.234100000000000000e+04
7.625500000000000000e+04
8.057800000000000000e+04
8.514700000000000000e+04
9.018900000000000000e+04
9.556500000000000000e+04
1.013470000000000000e+05
1.075250000000000000e+05
1.144350000000000000e+05
1.217300000000000000e+05
1.294080000000000000e+05
1.375620000000000000e+05
1.467010000000000000e+05
1.565540000000000000e+05
1.669040000000000000e+05
1.782250000000000000e+05
1.902980000000000000e+05
2.033730000000000000e+05
2.171980000000000000e+05
2.321980000000000000e+05
2.484660000000000000e+05
2.655950000000000000e+05
2.840950000000000000e+05
3.041710000000000000e+05
3.257460000000000000e+05
3.487800000000000000e+05
3.736840000000000000e+05
4.004830000000000000e+05
4.290380000000000000e+05
4.596730000000000000e+05
4.927820000000000000e+05
5.276830000000000000e+05
5.652330000000000000e+05
6.052490000000000000e+05
6.482290000000000000e+05
6.938120000000000000e+05
7.422230000000000000e+05
7.938370000000000000e+05
8.485660000000000000e+05
9.065130000000000000e+05
9.678970000000000000e+05
1.033216000000000000e+06
1.101698000000000000e+06
1.173873000000000000e+06
1.249641000000000000e+06
1.329365000000000000e+06
1.412881000000000000e+06
1.500250000000000000e+06
1.590506000000000000e+06
1.685695000000000000e+06
1.784520000000000000e+06
1.886382000000000000e+06
1.992328000000000000e+06
2.101073000000000000e+06
2.213167000000000000e+06
2.328856000000000000e+06
2.446993000000000000e+06
2.568197000000000000e+06
2.691644000000000000e+06
2.817268000000000000e+06
2.944346000000000000e+06
3.071319000000000000e+06
3.199504000000000000e+06
3.327749000000000000e+06
3.455553000000000000e+06
3.582042000000000000e+06
3.707793000000000000e+06
