1.000000000000000000e+02
2.210000000000000000e+02
3.430000000000000000e+02
4.250000000000000000e+02
5.070000000000000000e+02
5.990000000000000000e+02
7.110000000000000000e+02
8.150000000000000000e+02
9.100000000000000000e+02
1.018000000000000000e+03
1.131000000000000000e+03
1.223000000000000000e+03
1.334000000000000000e+03
1.474000000000000000e+03
1.611000000000000000e+03
1.726000000000000000e+03
1.851000000000000000e+03
1.984000000000000000e+03
2.130000000000000000e+03
2.241000000000000000e+03
2.371000000000000000e+03
2.513000000000000000e+03
2.642000000000000000e+03
2.772000000000000000e+03
2.912000000000000000e+03
3.064000000000000000e+03
3.204000000000000000e+03
3.345000000000000000e+03
3.479000000000000000e+03
3.624000000000000000e+03
3.764000000000000000e+03
3.914000000000000000e+03
4.042000000000000000e+03
4.188000000000000000e+03
4.343000000000000000e+03
4.480000000000000000e+03
4.631000000000000000e+03
4.801000000000000000e+03
4.960000000000000000e+03
5.131000000000000000e+03
5.321000000000000000e+03
5.494000000000000000e+03
5.681000000000000000e+03
5.866000000000000000e+03
6.071000000000000000e+03
6.271000000000000000e+03
6.467000000000000000e+03
6.644000000000000000e+03
6.827000000000000000e+03
7.012000000000000000e+03
7.232000000000000000e+03
7.422000000000000000e+03
7.615000000000000000e+03
7.847000000000000000e+03
8.097000000000000000e+03
8.314000000000000000e+03
8.541000000000000000e+03
8.815000000000000000e+03
9.066000000000000000e+03
9.325000000000000000e+03
9.612000000000000000e+03
9.893000000000000000e+03
1.018300000000000000e+04
1.049200000000000000e+04
1.077200000000000000e+04
1.109500000000000000e+04
1.135200000000000000e+04
1.165500000000000000e+04
1.199200000000000000e+04
1.234100000000000000e+04
1.267300000000000000e+04
1.298100000000000000e+04
1.330800000000000000e+04
1.364200000000000000e+04
1.395200000000000000e+04
1.429300000000000000e+04
1.466000000000000000e+04
1.506100000000000000e+04
1.544300000000000000e+04
1.583900000000000000e+04
1.621600000000000000e+04
1.659300000000000000e+04
1.702000000000000000e+04
1.743800000000000000e+04
1.786900000000000000e+04
1.829500000000000000e+04
1.873100000000000000e+04
1.920100000000000000e+04
1.973200000000000000e+04
2.031000000000000000e+04
2.086600000000000000e+04
2.143400000000000000e+04
2.202100000000000000e+04
2.262300000000000000e+04
2.327600000000000000e+04
2.392900000000000000e+04
2.463600000000000000e+04
2.534000000000000000e+04
2.610600000000000000e+04
2.694500000000000000e+04
2.781900000000000000e+04
2.872400000000000000e+04
2.973900000000000000e+04
3.080800000000000000e+04
3.203000000000000000e+04
3.329800000000000000e+04
3.461600000000000000e+04
3.608100000000000000e+04
3.759100000000000000e+04
3.925000000000000000e+04
4.096800000000000000e+04
4.283700000000000000e+04
4.493600000000000000e+04
4.704000000000000000e+04
4.938500000000000000e+04
5.177200000000000000e+04
5.443400000000000000e+04
5.732600000000000000e+04
6.048500000000000000e+04
6.379000000000000000e+04
6.733400000000000000e+04
7.117700000000000000e+04
7.528400000000000000e+04
7.982800000000000000e+04
8.461400000000000000e+04
8.971200000000000000e+04
9.535000000000000000e+04
1.013720000000000000e+05
1.077740000000000000e+05
1.147750000000000000e+05
1.223320000000000000e+05
1.305580000000000000e+05
1.393070000000000000e+05
1.487170000000000000e+05
1.587050000000000000e+05
1.695850000000000000e+05
1.813530000000000000e+05
1.939130000000000000e+05
2.075450000000000000e+05
2.222870000000000000e+05
2.378480000000000000e+05
2.545980000000000000e+05
2.727210000000000000e+05
2.921800000000000000e+05
3.131880000000000000e+05
3.355930000000000000e+05
3.597090000000000000e+05
3.852660000000000000e+05
4.130280000000000000e+05
4.427700000000000000e+05
4.746080000000000000e+05
5.084700000000000000e+05
5.447860000000000000e+05
5.834390000000000000e+05
6.244860000000000000e+05
6.683220000000000000e+05
7.148340000000000000e+05
7.641230000000000000e+05
8.166880000000000000e+05
8.726800000000000000e+05
9.318970000000000000e+05
9.949370000000000000e+05
1.061368000000000000e+06
1.131159000000000000e+06
1.205166000000000000e+06
1.282654000000000000e+06
1.364032000000000000e+06
1.449766000000000000e+06
1.539235000000000000e+06
1.632446000000000000e+06
1.729711000000000000e+06
1.831121000000000000e+06
1.935980000000000000e+06
2.044287000000000000e+06
2.156390000000000000e+06
2.271028000000000000e+06
2.388261000000000000e+06
2.508196000000000000e+06
2.630449000000000000e+06
2.755390000000000000e+06
2.881438000000000000e+06
3.008508000000000000e+06
3.136733000000000000e+06
3.265385000000000000e+06
3.393748000000000000e+06
3.521993000000000000e+06
3.648591000000000000e+06
3.774272000000000000e+06
3.898374000000000000e+06
4.020360000000000000e+06
4.139959000000000000e+06
4.257126000000000000e+06
4.371227000000000000e+06
4.481669000000000000e+06
4.588764000000000000e+06
4.692340000000000000e+06
4.791845000000000000e+06
4.887844000000000000e+06
4.979736000000000000e+06
5.067123000000000000e+06
