1.000000000000000000e+02
2.100000000000000000e+02
3.270000000000000000e+02
4.360000000000000000e+02
5.610000000000000000e+02
6.540000000000000000e+02
7.520000000000000000e+02
8.640000000000000000e+02
9.550000000000000000e+02
1.042000000000000000e+03
1.145000000000000000e+03
1.243000000000000000e+03
1.360000000000000000e+03
1.452000000000000000e+03
1.548000000000000000e+03
1.673000000000000000e+03
1.778000000000000000e+03
1.877000000000000000e+03
1.975000000000000000e+03
2.097000000000000000e+03
2.191000000000000000e+03
2.309000000000000000e+03
2.413000000000000000e+03
2.507000000000000000e+03
2.619000000000000000e+03
2.735000000000000000e+03
2.861000000000000000e+03
3.022000000000000000e+03
3.171000000000000000e+03
3.317000000000000000e+03
3.487000000000000000e+03
3.664000000000000000e+03
3.832000000000000000e+03
4.009000000000000000e+03
4.195000000000000000e+03
4.359000000000000000e+03
4.569000000000000000e+03
4.740000000000000000e+03
4.936000000000000000e+03
5.158000000000000000e+03
5.376000000000000000e+03
5.571000000000000000e+03
5.754000000000000000e+03
5.983000000000000000e+03
6.202000000000000000e+03
6.412000000000000000e+03
6.633000000000000000e+03
6.833000000000000000e+03
7.026000000000000000e+03
7.244000000000000000e+03
7.474000000000000000e+03
7.665000000000000000e+03
7.904000000000000000e+03
8.121000000000000000e+03
8.360000000000000000e+03
8.591000000000000000e+03
8.807000000000000000e+03
9.030000000000000000e+03
9.260000000000000000e+03
9.463000000000000000e+03
9.733000000000000000e+03
9.970000000000000000e+03
1.018500000000000000e+04
1.042600000000000000e+04
1.064900000000000000e+04
1.090700000000000000e+04
1.117000000000000000e+04
1.140300000000000000e+04
1.164500000000000000e+04
1.189500000000000000e+04
1.214300000000000000e+04
1.242400000000000000e+04
1.271500000000000000e+04
1.296700000000000000e+04
1.327100000000000000e+04
1.359900000000000000e+04
1.395700000000000000e+04
1.429900000000000000e+04
1.463400000000000000e+04
1.499600000000000000e+04
1.539800000000000000e+04
1.577900000000000000e+04
1.620900000000000000e+04
1.658500000000000000e+04
1.700200000000000000e+04
1.742200000000000000e+04
1.786800000000000000e+04
1.831800000000000000e+04
1.877300000000000000e+04
1.924100000000000000e+04
1.974700000000000000e+04
2.025300000000000000e+04
2.081500000000000000e+04
2.139300000000000000e+04
2.196100000000000000e+04
2.254900000000000000e+04
2.315700000000000000e+04
2.380500000000000000e+04
2.444800000000000000e+04
2.521600000000000000e+04
2.597300000000000000e+04
2.679200000000000000e+04
2.760600000000000000e+04
2.852900000000000000e+04
2.948500000000000000e+04
3.055500000000000000e+04
3.169200000000000000e+04
3.298000000000000000e+04
3.423800000000000000e+04
3.558100000000000000e+04
3.703100000000000000e+04
3.852000000000000000e+04
4.011200000000000000e+04
4.180400000000000000e+04
4.356400000000000000e+04
4.553700000000000000e+04
4.765800000000000000e+04
4.989700000000000000e+04
5.243600000000000000e+04
5.506800000000000000e+04
5.778600000000000000e+04
6.090700000000000000e+04
6.421200000000000000e+04
6.776200000000000000e+04
7.165900000000000000e+04
7.579900000000000000e+04
8.021000000000000000e+04
8.493400000000000000e+04
9.013200000000000000e+04
9.580100000000000000e+04
1.018500000000000000e+05
1.084210000000000000e+05
1.153340000000000000e+05
1.230170000000000000e+05
1.310420000000000000e+05
1.398010000000000000e+05
1.490860000000000000e+05
1.592480000000000000e+05
1.700400000000000000e+05
1.818310000000000000e+05
1.944350000000000000e+05
2.078620000000000000e+05
2.224070000000000000e+05
2.381010000000000000e+05
2.549530000000000000e+05
2.731440000000000000e+05
2.926520000000000000e+05
3.134630000000000000e+05
3.358080000000000000e+05
3.601740000000000000e+05
3.859460000000000000e+05
4.133710000000000000e+05
4.431590000000000000e+05
4.746830000000000000e+05
5.084020000000000000e+05
5.449130000000000000e+05
5.840900000000000000e+05
6.252040000000000000e+05
6.696650000000000000e+05
7.166230000000000000e+05
7.665730000000000000e+05
8.195790000000000000e+05
8.759120000000000000e+05
9.354610000000000000e+05
9.980390000000000000e+05
1.064376000000000000e+06
1.134607000000000000e+06
1.208151000000000000e+06
1.285914000000000000e+06
1.368095000000000000e+06
1.453316000000000000e+06
1.542544000000000000e+06
1.635293000000000000e+06
1.732359000000000000e+06
1.832913000000000000e+06
1.936978000000000000e+06
2.044696000000000000e+06
2.155420000000000000e+06
2.269670000000000000e+06
2.386494000000000000e+06
2.505825000000000000e+06
2.627803000000000000e+06
2.752156000000000000e+06
2.876959000000000000e+06
3.004212000000000000e+06
3.132260000000000000e+06
3.260186000000000000e+06
3.388071000000000000e+06
3.514728000000000000e+06
3.641336000000000000e+06
3.766660000000000000e+06
3.890537000000000000e+06
4.012263000000000000e+06
4.131076000000000000e+06
4.248058000000000000e+06
4.361951000000000000e+06
4.472049000000000000e+06
4.578850000000000000e+06
4.682560000000000000e+06
4.782256000000000000e+06
