1.000000000000000000e+02
2.190000000000000000e+02
3.190000000000000000e+02
4.000000000000000000e+02
4.860000000000000000e+02
5.690000000000000000e+02
6.340000000000000000e+02
7.140000000000000000e+02
7.990000000000000000e+02
8.710000000000000000e+02
9.360000000000000000e+02
1.029000000000000000e+03
1.093000000000000000e+03
1.173000000000000000e+03
1.248000000000000000e+03
1.336000000000000000e+03
1.425000000000000000e+03
1.503000000000000000e+03
1.606000000000000000e+03
1.699000000000000000e+03
1.813000000000000000e+03
1.905000000000000000e+03
2.024000000000000000e+03
2.128000000000000000e+03
2.254000000000000000e+03
2.373000000000000000e+03
2.512000000000000000e+03
2.624000000000000000e+03
2.747000000000000000e+03
2.855000000000000000e+03
2.976000000000000000e+03
3.066000000000000000e+03
3.178000000000000000e+03
3.306000000000000000e+03
3.444000000000000000e+03
3.578000000000000000e+03
3.707000000000000000e+03
3.824000000000000000e+03
3.951000000000000000e+03
4.056000000000000000e+03
4.193000000000000000e+03
4.322000000000000000e+03
4.420000000000000000e+03
4.569000000000000000e+03
4.708000000000000000e+03
4.826000000000000000e+03
4.977000000000000000e+03
5.092000000000000000e+03
5.207000000000000000e+03
5.320000000000000000e+03
5.435000000000000000e+03
5.569000000000000000e+03
5.705000000000000000e+03
5.838000000000000000e+03
5.975000000000000000e+03
6.094000000000000000e+03
6.241000000000000000e+03
6.386000000000000000e+03
6.544000000000000000e+03
6.735000000000000000e+03
6.888000000000000000e+03
7.062000000000000000e+03
7.242000000000000000e+03
7.418000000000000000e+03
7.599000000000000000e+03
7.768000000000000000e+03
7.957000000000000000e+03
8.156000000000000000e+03
8.388000000000000000e+03
8.607000000000000000e+03
8.829000000000000000e+03
9.055000000000000000e+03
9.308000000000000000e+03
9.568000000000000000e+03
9.829000000000000000e+03
1.011600000000000000e+04
1.041100000000000000e+04
1.068100000000000000e+04
1.097000000000000000e+04
1.125900000000000000e+04
1.157700000000000000e+04
1.188200000000000000e+04
1.217700000000000000e+04
1.246800000000000000e+04
1.276100000000000000e+04
1.306100000000000000e+04
1.334800000000000000e+04
1.364000000000000000e+04
1.396400000000000000e+04
1.428000000000000000e+04
1.458900000000000000e+04
1.493800000000000000e+04
1.533800000000000000e+04
1.575500000000000000e+04
1.610100000000000000e+04
1.646500000000000000e+04
1.686400000000000000e+04
1.728400000000000000e+04
1.769400000000000000e+04
1.806300000000000000e+04
1.845200000000000000e+04
1.889000000000000000e+04
1.930600000000000000e+04
1.974700000000000000e+04
2.024900000000000000e+04
2.075100000000000000e+04
2.125000000000000000e+04
2.179100000000000000e+04
2.239900000000000000e+04
2.296000000000000000e+04
2.360100000000000000e+04
2.427100000000000000e+04
2.490900000000000000e+04
2.566400000000000000e+04
2.647400000000000000e+04
2.730200000000000000e+04
2.823900000000000000e+04
2.918900000000000000e+04
3.019200000000000000e+04
3.133300000000000000e+04
3.260600000000000000e+04
3.392900000000000000e+04
3.533400000000000000e+04
3.682500000000000000e+04
3.845300000000000000e+04
4.014700000000000000e+04
4.202100000000000000e+04
4.395800000000000000e+04
4.605400000000000000e+04
4.831200000000000000e+04
5.068800000000000000e+04
5.329500000000000000e+04
5.611100000000000000e+04
5.898300000000000000e+04
6.213600000000000000e+04
6.554900000000000000e+04
6.935100000000000000e+04
7.337900000000000000e+04
7.764900000000000000e+04
8.212700000000000000e+04
8.721200000000000000e+04
9.259500000000000000e+04
9.839400000000000000e+04
1.046330000000000000e+05
1.113640000000000000e+05
1.186130000000000000e+05
1.264120000000000000e+05
1.348440000000000000e+05
1.439260000000000000e+05
1.537250000000000000e+05
1.643530000000000000e+05
1.757120000000000000e+05
1.881040000000000000e+05
2.013020000000000000e+05
2.155870000000000000e+05
2.309960000000000000e+05
2.473890000000000000e+05
2.651930000000000000e+05
2.842900000000000000e+05
3.047300000000000000e+05
3.269380000000000000e+05
3.503640000000000000e+05
3.754810000000000000e+05
4.024890000000000000e+05
4.315310000000000000e+05
4.623700000000000000e+05
4.953260000000000000e+05
5.303940000000000000e+05
5.679920000000000000e+05
6.079450000000000000e+05
6.504230000000000000e+05
6.961200000000000000e+05
7.443410000000000000e+05
7.956510000000000000e+05
8.506180000000000000e+05
9.084480000000000000e+05
9.701020000000000000e+05
1.035058000000000000e+06
1.103653000000000000e+06
1.175835000000000000e+06
1.252526000000000000e+06
1.333041000000000000e+06
1.417607000000000000e+06
1.505851000000000000e+06
1.597789000000000000e+06
1.693460000000000000e+06
1.792642000000000000e+06
1.896467000000000000e+06
2.004073000000000000e+06
2.114806000000000000e+06
2.229296000000000000e+06
2.347007000000000000e+06
2.466528000000000000e+06
2.589406000000000000e+06
2.713660000000000000e+06
2.839454000000000000e+06
2.965161000000000000e+06
3.093193000000000000e+06
3.222373000000000000e+06
3.350565000000000000e+06
