1.000000000000000000e+02
2.070000000000000000e+02
3.020000000000000000e+02
3.750000000000000000e+02
4.600000000000000000e+02
5.580000000000000000e+02
6.620000000000000000e+02
7.500000000000000000e+02
8.450000000000000000e+02
9.440000000000000000e+02
1.048000000000000000e+03
1.162000000000000000e+03
1.284000000000000000e+03
1.418000000000000000e+03
1.537000000000000000e+03
1.680000000000000000e+03
1.799000000000000000e+03
1.923000000000000000e+03
2.062000000000000000e+03
2.220000000000000000e+03
2.389000000000000000e+03
2.537000000000000000e+03
2.677000000000000000e+03
2.847000000000000000e+03
2.994000000000000000e+03
3.178000000000000000e+03
3.351000000000000000e+03
3.528000000000000000e+03
3.689000000000000000e+03
3.850000000000000000e+03
4.022000000000000000e+03
4.189000000000000000e+03
4.374000000000000000e+03
4.555000000000000000e+03
4.777000000000000000e+03
4.975000000000000000e+03
5.183000000000000000e+03
5.355000000000000000e+03
5.576000000000000000e+03
5.805000000000000000e+03
6.031000000000000000e+03
6.258000000000000000e+03
6.483000000000000000e+03
6.714000000000000000e+03
6.940000000000000000e+03
7.188000000000000000e+03
7.435000000000000000e+03
7.691000000000000000e+03
7.969000000000000000e+03
8.233000000000000000e+03
8.552000000000000000e+03
8.849000000000000000e+03
9.167000000000000000e+03
9.496000000000000000e+03
9.799000000000000000e+03
1.013200000000000000e+04
1.046700000000000000e+04
1.080700000000000000e+04
1.114000000000000000e+04
1.148400000000000000e+04
1.183000000000000000e+04
1.218200000000000000e+04
1.258400000000000000e+04
1.297000000000000000e+04
1.335700000000000000e+04
1.374800000000000000e+04
1.414800000000000000e+04
1.452000000000000000e+04
1.492800000000000000e+04
1.532200000000000000e+04
1.575000000000000000e+04
1.617200000000000000e+04
1.662800000000000000e+04
1.709700000000000000e+04
1.756900000000000000e+04
1.808200000000000000e+04
1.857900000000000000e+04
1.916900000000000000e+04
1.972900000000000000e+04
2.029100000000000000e+04
2.094100000000000000e+04
2.160600000000000000e+04
2.231300000000000000e+04
2.303700000000000000e+04
2.380100000000000000e+04
2.462400000000000000e+04
2.547500000000000000e+04
2.639500000000000000e+04
2.738600000000000000e+04
2.841200000000000000e+04
2.952100000000000000e+04
3.068600000000000000e+04
3.195900000000000000e+04
3.323300000000000000e+04
3.461300000000000000e+04
3.605000000000000000e+04
3.767000000000000000e+04
3.935000000000000000e+04
4.116700000000000000e+04
4.306800000000000000e+04
4.512100000000000000e+04
4.731500000000000000e+04
4.969200000000000000e+04
5.228800000000000000e+04
5.495400000000000000e+04
5.779700000000000000e+04
6.098100000000000000e+04
6.445700000000000000e+04
6.814700000000000000e+04
7.217000000000000000e+04
7.640200000000000000e+04
8.110100000000000000e+04
8.598400000000000000e+04
9.133100000000000000e+04
9.700600000000000000e+04
1.032940000000000000e+05
1.099640000000000000e+05
1.171340000000000000e+05
1.248890000000000000e+05
1.333880000000000000e+05
1.424100000000000000e+05
1.521600000000000000e+05
1.628210000000000000e+05
1.739690000000000000e+05
1.860010000000000000e+05
1.991020000000000000e+05
2.131750000000000000e+05
2.282210000000000000e+05
2.445480000000000000e+05
2.617410000000000000e+05
2.802960000000000000e+05
3.004510000000000000e+05
3.220210000000000000e+05
3.454600000000000000e+05
3.702120000000000000e+05
3.970520000000000000e+05
4.258620000000000000e+05
4.566510000000000000e+05
4.896430000000000000e+05
5.249880000000000000e+05
5.627880000000000000e+05
6.032690000000000000e+05
6.460100000000000000e+05
6.915850000000000000e+05
7.404660000000000000e+05
7.919960000000000000e+05
8.472470000000000000e+05
9.057430000000000000e+05
9.674430000000000000e+05
1.032632000000000000e+06
1.101530000000000000e+06
1.174468000000000000e+06
1.251424000000000000e+06
1.332052000000000000e+06
1.416528000000000000e+06
1.505270000000000000e+06
1.597539000000000000e+06
1.693920000000000000e+06
1.793561000000000000e+06
1.897909000000000000e+06
2.005192000000000000e+06
2.115857000000000000e+06
2.230007000000000000e+06
2.347311000000000000e+06
2.466508000000000000e+06
2.588127000000000000e+06
2.712097000000000000e+06
2.837482000000000000e+06
2.964898000000000000e+06
3.092926000000000000e+06
3.221801000000000000e+06
3.350210000000000000e+06
3.479218000000000000e+06
3.606741000000000000e+06
3.733688000000000000e+06
3.858694000000000000e+06
3.982137000000000000e+06
4.102785000000000000e+06
4.221094000000000000e+06
4.336345000000000000e+06
4.448122000000000000e+06
4.556756000000000000e+06
4.661962000000000000e+06
4.763214000000000000e+06
4.860852000000000000e+06
4.954683000000000000e+06
5.044722000000000000e+06
5.130071000000000000e+06
5.211398000000000000e+06
5.288243000000000000e+06
5.360946000000000000e+06
5.429596000000000000e+06
5.495117000000000000e+06
5.556042000000000000e+06
5.613784000000000000e+06
5.667828000000000000e+06
5.718325000000000000e+06
5.765932000000000000e+06
5.810430000000000000e+06
5.851678000000000000e+06
