1.000000000000000000e+02
2.240000000000000000e+02
3.200000000000000000e+02
4.100000000000000000e+02
5.190000000000000000e+02
6.070000000000000000e+02
7.200000000000000000e+02
8.200000000000000000e+02
8.850000000000000000e+02
9.890000000000000000e+02
1.066000000000000000e+03
1.156000000000000000e+03
1.246000000000000000e+03
1.330000000000000000e+03
1.433000000000000000e+03
1.530000000000000000e+03
1.616000000000000000e+03
1.707000000000000000e+03
1.802000000000000000e+03
1.900000000000000000e+03
1.998000000000000000e+03
2.106000000000000000e+03
2.197000000000000000e+03
2.287000000000000000e+03
2.376000000000000000e+03
2.473000000000000000e+03
2.582000000000000000e+03
2.695000000000000000e+03
2.809000000000000000e+03
2.912000000000000000e+03
3.017000000000000000e+03
3.127000000000000000e+03
3.219000000000000000e+03
3.325000000000000000e+03
3.452000000000000000e+03
3.559000000000000000e+03
3.677000000000000000e+03
3.787000000000000000e+03
3.899000000000000000e+03
4.018000000000000000e+03
4.137000000000000000e+03
4.247000000000000000e+03
4.377000000000000000e+03
4.500000000000000000e+03
4.645000000000000000e+03
4.768000000000000000e+03
4.886000000000000000e+03
5.013000000000000000e+03
5.141000000000000000e+03
5.274000000000000000e+03
5.410000000000000000e+03
5.566000000000000000e+03
5.697000000000000000e+03
5.839000000000000000e+03
5.983000000000000000e+03
6.107000000000000000e+03
6.249000000000000000e+03
6.388000000000000000e+03
6.541000000000000000e+03
6.689000000000000000e+03
6.833000000000000000e+03
6.978000000000000000e+03
7.170000000000000000e+03
7.326000000000000000e+03
7.515000000000000000e+03
7.686000000000000000e+03
7.844000000000000000e+03
8.006000000000000000e+03
8.210000000000000000e+03
8.393000000000000000e+03
8.562000000000000000e+03
8.766000000000000000e+03
8.954000000000000000e+03
9.140000000000000000e+03
9.368000000000000000e+03
9.585000000000000000e+03
9.754000000000000000e+03
9.966000000000000000e+03
1.015700000000000000e+04
1.036200000000000000e+04
1.058100000000000000e+04
1.080200000000000000e+04
1.102200000000000000e+04
1.123300000000000000e+04
1.148200000000000000e+04
1.171600000000000000e+04
1.192400000000000000e+04
1.216400000000000000e+04
1.239600000000000000e+04
1.263100000000000000e+04
1.286300000000000000e+04
1.310300000000000000e+04
1.334900000000000000e+04
1.362200000000000000e+04
1.387400000000000000e+04
1.413100000000000000e+04
1.437200000000000000e+04
1.467100000000000000e+04
1.493500000000000000e+04
1.523900000000000000e+04
1.553600000000000000e+04
1.584600000000000000e+04
1.616000000000000000e+04
1.649200000000000000e+04
1.677700000000000000e+04
1.706700000000000000e+04
1.740000000000000000e+04
1.771300000000000000e+04
1.805200000000000000e+04
1.837500000000000000e+04
1.872700000000000000e+04
1.908400000000000000e+04
1.942900000000000000e+04
1.976800000000000000e+04
2.008800000000000000e+04
2.043700000000000000e+04
2.081300000000000000e+04
2.118400000000000000e+04
2.152200000000000000e+04
2.190100000000000000e+04
2.226000000000000000e+04
2.265500000000000000e+04
2.305700000000000000e+04
2.347800000000000000e+04
2.391200000000000000e+04
2.438300000000000000e+04
2.486500000000000000e+04
2.537500000000000000e+04
2.589200000000000000e+04
2.642100000000000000e+04
2.699100000000000000e+04
2.759800000000000000e+04
2.824200000000000000e+04
2.893100000000000000e+04
2.964600000000000000e+04
3.049000000000000000e+04
3.130400000000000000e+04
3.209000000000000000e+04
3.300700000000000000e+04
3.393000000000000000e+04
3.493900000000000000e+04
3.600100000000000000e+04
3.714500000000000000e+04
3.837300000000000000e+04
3.964700000000000000e+04
4.104000000000000000e+04
4.249800000000000000e+04
4.400400000000000000e+04
4.578100000000000000e+04
4.766100000000000000e+04
4.967500000000000000e+04
5.182800000000000000e+04
5.419700000000000000e+04
5.655500000000000000e+04
5.923800000000000000e+04
6.202900000000000000e+04
6.497500000000000000e+04
6.820700000000000000e+04
7.160400000000000000e+04
7.522800000000000000e+04
7.923000000000000000e+04
8.350300000000000000e+04
8.816100000000000000e+04
9.316100000000000000e+04
9.846100000000000000e+04
1.041380000000000000e+05
1.103620000000000000e+05
1.172140000000000000e+05
1.244280000000000000e+05
1.323040000000000000e+05
1.408260000000000000e+05
1.499470000000000000e+05
1.599040000000000000e+05
1.706350000000000000e+05
1.821580000000000000e+05
1.945410000000000000e+05
2.080720000000000000e+05
2.225010000000000000e+05
2.381380000000000000e+05
2.547800000000000000e+05
2.727810000000000000e+05
2.918880000000000000e+05
3.125510000000000000e+05
3.347170000000000000e+05
3.589220000000000000e+05
3.846210000000000000e+05
4.124730000000000000e+05
4.420340000000000000e+05
4.736690000000000000e+05
5.072900000000000000e+05
5.433900000000000000e+05
5.815390000000000000e+05
6.224410000000000000e+05
6.658090000000000000e+05
7.124200000000000000e+05
7.617470000000000000e+05
8.141820000000000000e+05
8.698990000000000000e+05
9.291440000000000000e+05
9.914290000000000000e+05
