1.000000000000000000e+02
2.220000000000000000e+02
3.240000000000000000e+02
4.150000000000000000e+02
4.900000000000000000e+02
5.690000000000000000e+02
6.770000000000000000e+02
7.860000000000000000e+02
8.760000000000000000e+02
9.890000000000000000e+02
1.081000000000000000e+03
1.163000000000000000e+03
1.255000000000000000e+03
1.354000000000000000e+03
1.448000000000000000e+03
1.548000000000000000e+03
1.662000000000000000e+03
1.792000000000000000e+03
1.882000000000000000e+03
1.983000000000000000e+03
2.096000000000000000e+03
2.192000000000000000e+03
2.314000000000000000e+03
2.419000000000000000e+03
2.523000000000000000e+03
2.631000000000000000e+03
2.740000000000000000e+03
2.842000000000000000e+03
2.964000000000000000e+03
3.062000000000000000e+03
3.157000000000000000e+03
3.263000000000000000e+03
3.396000000000000000e+03
3.522000000000000000e+03
3.651000000000000000e+03
3.793000000000000000e+03
3.926000000000000000e+03
4.076000000000000000e+03
4.221000000000000000e+03
4.350000000000000000e+03
4.488000000000000000e+03
4.628000000000000000e+03
4.790000000000000000e+03
4.929000000000000000e+03
5.085000000000000000e+03
5.249000000000000000e+03
5.450000000000000000e+03
5.634000000000000000e+03
5.775000000000000000e+03
5.946000000000000000e+03
6.131000000000000000e+03
6.337000000000000000e+03
6.514000000000000000e+03
6.723000000000000000e+03
6.930000000000000000e+03
7.163000000000000000e+03
7.368000000000000000e+03
7.590000000000000000e+03
7.830000000000000000e+03
8.035000000000000000e+03
8.277000000000000000e+03
8.509000000000000000e+03
8.733000000000000000e+03
8.958000000000000000e+03
9.154000000000000000e+03
9.375000000000000000e+03
9.629000000000000000e+03
9.840000000000000000e+03
1.006400000000000000e+04
1.031400000000000000e+04
1.057300000000000000e+04
1.081500000000000000e+04
1.107600000000000000e+04
1.134300000000000000e+04
1.161900000000000000e+04
1.187600000000000000e+04
1.214600000000000000e+04
1.241400000000000000e+04
1.269500000000000000e+04
1.301800000000000000e+04
1.329900000000000000e+04
1.361500000000000000e+04
1.393300000000000000e+04
1.424400000000000000e+04
1.458300000000000000e+04
1.491300000000000000e+04
1.527600000000000000e+04
1.559700000000000000e+04
1.597400000000000000e+04
1.631700000000000000e+04
1.668400000000000000e+04
1.704700000000000000e+04
1.743000000000000000e+04
1.780500000000000000e+04
1.816900000000000000e+04
1.853700000000000000e+04
1.890100000000000000e+04
1.929100000000000000e+04
1.970700000000000000e+04
2.013600000000000000e+04
2.058100000000000000e+04
2.103600000000000000e+04
2.152300000000000000e+04
2.199000000000000000e+04
2.250300000000000000e+04
2.302800000000000000e+04
2.363700000000000000e+04
2.420700000000000000e+04
2.483400000000000000e+04
2.553500000000000000e+04
2.623500000000000000e+04
2.695500000000000000e+04
2.774900000000000000e+04
2.848900000000000000e+04
2.939700000000000000e+04
3.027100000000000000e+04
3.119400000000000000e+04
3.217700000000000000e+04
3.318100000000000000e+04
3.431700000000000000e+04
3.547300000000000000e+04
3.673600000000000000e+04
3.807300000000000000e+04
3.950500000000000000e+04
4.105400000000000000e+04
4.280300000000000000e+04
4.459900000000000000e+04
4.654600000000000000e+04
4.867700000000000000e+04
5.104100000000000000e+04
5.346100000000000000e+04
5.607800000000000000e+04
5.887200000000000000e+04
6.182700000000000000e+04
6.503800000000000000e+04
6.855500000000000000e+04
7.247200000000000000e+04
7.659400000000000000e+04
8.098200000000000000e+04
8.574700000000000000e+04
9.083700000000000000e+04
9.637800000000000000e+04
1.022790000000000000e+05
1.086950000000000000e+05
1.155360000000000000e+05
1.230500000000000000e+05
1.311710000000000000e+05
1.398460000000000000e+05
1.489230000000000000e+05
1.589790000000000000e+05
1.696880000000000000e+05
1.811890000000000000e+05
1.936780000000000000e+05
2.070160000000000000e+05
2.217090000000000000e+05
2.372930000000000000e+05
2.538430000000000000e+05
2.716190000000000000e+05
2.908520000000000000e+05
3.115200000000000000e+05
3.335360000000000000e+05
3.569720000000000000e+05
3.824760000000000000e+05
4.097890000000000000e+05
4.390820000000000000e+05
4.702280000000000000e+05
5.038310000000000000e+05
5.398990000000000000e+05
5.781770000000000000e+05
6.194930000000000000e+05
6.631050000000000000e+05
7.093190000000000000e+05
7.588180000000000000e+05
8.110760000000000000e+05
8.667260000000000000e+05
9.257170000000000000e+05
9.882460000000000000e+05
1.054585000000000000e+06
1.124275000000000000e+06
1.198286000000000000e+06
1.275960000000000000e+06
1.357645000000000000e+06
1.443706000000000000e+06
1.533166000000000000e+06
1.626067000000000000e+06
1.723629000000000000e+06
1.824450000000000000e+06
1.929104000000000000e+06
2.037387000000000000e+06
2.149260000000000000e+06
2.264240000000000000e+06
2.382850000000000000e+06
2.503024000000000000e+06
2.625450000000000000e+06
2.749848000000000000e+06
2.876306000000000000e+06
3.003606000000000000e+06
3.131940000000000000e+06
3.260121000000000000e+06
3.388811000000000000e+06
