1.000000000000000000e+02
2.070000000000000000e+02
3.100000000000000000e+02
4.100000000000000000e+02
4.840000000000000000e+02
5.630000000000000000e+02
6.640000000000000000e+02
7.860000000000000000e+02
8.990000000000000000e+02
1.017000000000000000e+03
1.131000000000000000e+03
1.235000000000000000e+03
1.360000000000000000e+03
1.469000000000000000e+03
1.595000000000000000e+03
1.712000000000000000e+03
1.827000000000000000e+03
1.959000000000000000e+03
2.068000000000000000e+03
2.197000000000000000e+03
2.320000000000000000e+03
2.447000000000000000e+03
2.571000000000000000e+03
2.704000000000000000e+03
2.838000000000000000e+03
2.968000000000000000e+03
3.098000000000000000e+03
3.262000000000000000e+03
3.413000000000000000e+03
3.576000000000000000e+03
3.759000000000000000e+03
3.919000000000000000e+03
4.093000000000000000e+03
4.273000000000000000e+03
4.446000000000000000e+03
4.629000000000000000e+03
4.813000000000000000e+03
5.029000000000000000e+03
5.235000000000000000e+03
5.410000000000000000e+03
5.576000000000000000e+03
5.765000000000000000e+03
5.947000000000000000e+03
6.134000000000000000e+03
6.330000000000000000e+03
6.503000000000000000e+03
6.730000000000000000e+03
6.901000000000000000e+03
7.063000000000000000e+03
7.256000000000000000e+03
7.447000000000000000e+03
7.659000000000000000e+03
7.842000000000000000e+03
8.056000000000000000e+03
8.227000000000000000e+03
8.471000000000000000e+03
8.700000000000000000e+03
8.923000000000000000e+03
9.183000000000000000e+03
9.412000000000000000e+03
9.668000000000000000e+03
9.950000000000000000e+03
1.023700000000000000e+04
1.050100000000000000e+04
1.078300000000000000e+04
1.106800000000000000e+04
1.136100000000000000e+04
1.166300000000000000e+04
1.192500000000000000e+04
1.218600000000000000e+04
1.251200000000000000e+04
1.281900000000000000e+04
1.313700000000000000e+04
1.343000000000000000e+04
1.376300000000000000e+04
1.408100000000000000e+04
1.439700000000000000e+04
1.473400000000000000e+04
1.508600000000000000e+04
1.543700000000000000e+04
1.578700000000000000e+04
1.616100000000000000e+04
1.653900000000000000e+04
1.693900000000000000e+04
1.732700000000000000e+04
1.773300000000000000e+04
1.814300000000000000e+04
1.856100000000000000e+04
1.900200000000000000e+04
1.948300000000000000e+04
1.996400000000000000e+04
2.043000000000000000e+04
2.091300000000000000e+04
2.140700000000000000e+04
2.190000000000000000e+04
2.241700000000000000e+04
2.294600000000000000e+04
2.351800000000000000e+04
2.416800000000000000e+04
2.479900000000000000e+04
2.540900000000000000e+04
2.608500000000000000e+04
2.680700000000000000e+04
2.750700000000000000e+04
2.830100000000000000e+04
2.910100000000000000e+04
2.996200000000000000e+04
3.093500000000000000e+04
3.187700000000000000e+04
3.297700000000000000e+04
3.408800000000000000e+04
3.526300000000000000e+04
3.648600000000000000e+04
3.781500000000000000e+04
3.920900000000000000e+04
4.078100000000000000e+04
4.248400000000000000e+04
4.422600000000000000e+04
4.611300000000000000e+04
4.810200000000000000e+04
5.032900000000000000e+04
5.275000000000000000e+04
5.523200000000000000e+04
5.791500000000000000e+04
6.084700000000000000e+04
6.402300000000000000e+04
6.749900000000000000e+04
7.131000000000000000e+04
7.526500000000000000e+04
7.959100000000000000e+04
8.433700000000000000e+04
8.928500000000000000e+04
9.474000000000000000e+04
1.006210000000000000e+05
1.068890000000000000e+05
1.135130000000000000e+05
1.207070000000000000e+05
1.285280000000000000e+05
1.367860000000000000e+05
1.457480000000000000e+05
1.553720000000000000e+05
1.656000000000000000e+05
1.768020000000000000e+05
1.889510000000000000e+05
2.016220000000000000e+05
2.155080000000000000e+05
2.304300000000000000e+05
2.465620000000000000e+05
2.639430000000000000e+05
2.824870000000000000e+05
3.027830000000000000e+05
3.244420000000000000e+05
3.477080000000000000e+05
3.727640000000000000e+05
3.995690000000000000e+05
4.285740000000000000e+05
4.590850000000000000e+05
4.917900000000000000e+05
5.268670000000000000e+05
5.641680000000000000e+05
6.039010000000000000e+05
6.464760000000000000e+05
6.921000000000000000e+05
7.407060000000000000e+05
7.918860000000000000e+05
8.467600000000000000e+05
9.047780000000000000e+05
9.661580000000000000e+05
1.031763000000000000e+06
1.100521000000000000e+06
1.172807000000000000e+06
1.249508000000000000e+06
1.330112000000000000e+06
1.414085000000000000e+06
1.502402000000000000e+06
1.594660000000000000e+06
1.690529000000000000e+06
1.790610000000000000e+06
1.894095000000000000e+06
2.001591000000000000e+06
2.112430000000000000e+06
2.226782000000000000e+06
2.344075000000000000e+06
2.464050000000000000e+06
2.586180000000000000e+06
2.711158000000000000e+06
2.837619000000000000e+06
2.964843000000000000e+06
3.092704000000000000e+06
3.221034000000000000e+06
3.349622000000000000e+06
3.478518000000000000e+06
3.606386000000000000e+06
3.733464000000000000e+06
3.858328000000000000e+06
3.981914000000000000e+06
4.102865000000000000e+06
4.220822000000000000e+06
4.336169000000000000e+06
4.448126000000000000e+06
