0.000000000000000000e+00
0.000000000000000000e+00
0.000000000000000000e+00
7.000000000000000000e+00
3.100000000000000000e+01
7.300000000000000000e+01
1.260000000000000000e+02
2.140000000000000000e+02
2.960000000000000000e+02
3.950000000000000000e+02
4.780000000000000000e+02
6.030000000000000000e+02
6.820000000000000000e+02
8.140000000000000000e+02
9.180000000000000000e+02
1.029000000000000000e+03
1.127000000000000000e+03
1.243000000000000000e+03
1.362000000000000000e+03
1.475000000000000000e+03
1.575000000000000000e+03
1.705000000000000000e+03
1.813000000000000000e+03
1.930000000000000000e+03
2.066000000000000000e+03
2.189000000000000000e+03
2.311000000000000000e+03
2.459000000000000000e+03
2.561000000000000000e+03
2.717000000000000000e+03
2.840000000000000000e+03
3.007000000000000000e+03
3.146000000000000000e+03
3.292000000000000000e+03
3.427000000000000000e+03
3.556000000000000000e+03
3.689000000000000000e+03
3.818000000000000000e+03
3.939000000000000000e+03
4.062000000000000000e+03
4.199000000000000000e+03
4.318000000000000000e+03
4.449000000000000000e+03
4.586000000000000000e+03
4.721000000000000000e+03
4.873000000000000000e+03
5.004000000000000000e+03
5.165000000000000000e+03
5.307000000000000000e+03
5.454000000000000000e+03
5.602000000000000000e+03
5.772000000000000000e+03
5.952000000000000000e+03
6.123000000000000000e+03
6.313000000000000000e+03
6.502000000000000000e+03
6.678000000000000000e+03
6.873000000000000000e+03
7.071000000000000000e+03
7.274000000000000000e+03
7.465000000000000000e+03
7.653000000000000000e+03
7.827000000000000000e+03
8.007000000000000000e+03
8.217000000000000000e+03
8.448000000000000000e+03
8.662000000000000000e+03
8.907000000000000000e+03
9.119000000000000000e+03
9.369000000000000000e+03
9.616000000000000000e+03
9.868000000000000000e+03
1.010900000000000000e+04
1.036800000000000000e+04
1.061400000000000000e+04
1.086400000000000000e+04
1.110500000000000000e+04
1.135500000000000000e+04
1.159200000000000000e+04
1.183900000000000000e+04
1.207600000000000000e+04
1.233100000000000000e+04
1.257100000000000000e+04
1.287200000000000000e+04
1.314800000000000000e+04
1.344800000000000000e+04
1.371700000000000000e+04
1.401500000000000000e+04
1.430000000000000000e+04
1.459400000000000000e+04
1.488500000000000000e+04
1.521700000000000000e+04
1.552000000000000000e+04
1.585700000000000000e+04
1.618600000000000000e+04
1.649500000000000000e+04
1.681500000000000000e+04
1.716200000000000000e+04
1.747400000000000000e+04
1.781100000000000000e+04
1.814200000000000000e+04
1.848500000000000000e+04
1.881000000000000000e+04
1.914900000000000000e+04
1.949700000000000000e+04
1.982100000000000000e+04
2.015300000000000000e+04
2.050300000000000000e+04
2.086100000000000000e+04
2.120700000000000000e+04
2.156900000000000000e+04
2.194800000000000000e+04
2.234900000000000000e+04
2.272500000000000000e+04
2.308900000000000000e+04
2.348000000000000000e+04
2.386500000000000000e+04
2.424700000000000000e+04
2.461500000000000000e+04
2.500600000000000000e+04
2.541700000000000000e+04
2.588200000000000000e+04
2.629600000000000000e+04
2.672400000000000000e+04
2.716300000000000000e+04
2.760900000000000000e+04
2.806300000000000000e+04
2.852000000000000000e+04
2.899700000000000000e+04
2.947400000000000000e+04
2.993500000000000000e+04
3.044400000000000000e+04
3.094400000000000000e+04
3.146300000000000000e+04
3.194800000000000000e+04
3.247600000000000000e+04
3.301600000000000000e+04
3.357300000000000000e+04
3.411000000000000000e+04
3.465700000000000000e+04
3.518300000000000000e+04
3.575100000000000000e+04
3.630800000000000000e+04
3.690900000000000000e+04
3.751300000000000000e+04
3.812700000000000000e+04
3.876500000000000000e+04
3.939000000000000000e+04
4.001300000000000000e+04
4.064200000000000000e+04
4.127000000000000000e+04
4.188200000000000000e+04
4.251500000000000000e+04
4.316800000000000000e+04
4.381200000000000000e+04
4.450100000000000000e+04
4.519900000000000000e+04
4.589200000000000000e+04
4.660100000000000000e+04
4.728700000000000000e+04
4.802500000000000000e+04
4.874700000000000000e+04
4.948500000000000000e+04
5.022500000000000000e+04
5.099600000000000000e+04
5.173900000000000000e+04
5.253000000000000000e+04
5.331400000000000000e+04
5.407700000000000000e+04
5.484400000000000000e+04
5.562200000000000000e+04
5.642900000000000000e+04
5.722900000000000000e+04
5.802900000000000000e+04
5.885000000000000000e+04
5.967600000000000000e+04
6.054100000000000000e+04
6.136100000000000000e+04
6.221800000000000000e+04
6.307600000000000000e+04
6.392400000000000000e+04
6.478900000000000000e+04
6.565800000000000000e+04
6.653100000000000000e+04
6.740700000000000000e+04
6.827400000000000000e+04
6.916500000000000000e+04
7.006700000000000000e+04
7.094600000000000000e+04
7.183200000000000000e+04
7.272600000000000000e+04
7.362100000000000000e+04
7.451300000000000000e+04
7.543000000000000000e+04
7.634800000000000000e+04
7.725600000000000000e+04
7.815600000000000000e+04
7.908000000000000000e+04
7.999900000000000000e+04
8.092600000000000000e+04
