0.000000000000000000e+00
0.000000000000000000e+00
0.000000000000000000e+00
1.100000000000000000e+01
3.100000000000000000e+01
7.400000000000000000e+01
1.450000000000000000e+02
2.170000000000000000e+02
3.250000000000000000e+02
4.210000000000000000e+02
5.380000000000000000e+02
6.610000000000000000e+02
7.860000000000000000e+02
8.990000000000000000e+02
1.020000000000000000e+03
1.143000000000000000e+03
1.280000000000000000e+03
1.387000000000000000e+03
1.513000000000000000e+03
1.647000000000000000e+03
1.778000000000000000e+03
1.922000000000000000e+03
2.053000000000000000e+03
2.225000000000000000e+03
2.386000000000000000e+03
2.552000000000000000e+03
2.728000000000000000e+03
2.897000000000000000e+03
3.078000000000000000e+03
3.256000000000000000e+03
3.462000000000000000e+03
3.651000000000000000e+03
3.846000000000000000e+03
4.039000000000000000e+03
4.250000000000000000e+03
4.423000000000000000e+03
4.626000000000000000e+03
4.806000000000000000e+03
5.014000000000000000e+03
5.181000000000000000e+03
5.376000000000000000e+03
5.539000000000000000e+03
5.730000000000000000e+03
5.910000000000000000e+03
6.104000000000000000e+03
6.321000000000000000e+03
6.517000000000000000e+03
6.713000000000000000e+03
6.897000000000000000e+03
7.086000000000000000e+03
7.278000000000000000e+03
7.440000000000000000e+03
7.657000000000000000e+03
7.839000000000000000e+03
8.090000000000000000e+03
8.306000000000000000e+03
8.566000000000000000e+03
8.808000000000000000e+03
9.070000000000000000e+03
9.338000000000000000e+03
9.589000000000000000e+03
9.868000000000000000e+03
1.015200000000000000e+04
1.040300000000000000e+04
1.069000000000000000e+04
1.097600000000000000e+04
1.127300000000000000e+04
1.156500000000000000e+04
1.188200000000000000e+04
1.217600000000000000e+04
1.248800000000000000e+04
1.283200000000000000e+04
1.317800000000000000e+04
1.349900000000000000e+04
1.381700000000000000e+04
1.415300000000000000e+04
1.449100000000000000e+04
1.481100000000000000e+04
1.512800000000000000e+04
1.548800000000000000e+04
1.583100000000000000e+04
1.615600000000000000e+04
1.649200000000000000e+04
1.682200000000000000e+04
1.719400000000000000e+04
1.755100000000000000e+04
1.789000000000000000e+04
1.826500000000000000e+04
1.860900000000000000e+04
1.898100000000000000e+04
1.935700000000000000e+04
1.972600000000000000e+04
2.012200000000000000e+04
2.049800000000000000e+04
2.089400000000000000e+04
2.129800000000000000e+04
2.169800000000000000e+04
2.212000000000000000e+04
2.252900000000000000e+04
2.296200000000000000e+04
2.338400000000000000e+04
2.381500000000000000e+04
2.425400000000000000e+04
2.470700000000000000e+04
2.512800000000000000e+04
2.558300000000000000e+04
2.603800000000000000e+04
2.650800000000000000e+04
2.698800000000000000e+04
2.745700000000000000e+04
2.794300000000000000e+04
2.843800000000000000e+04
2.894200000000000000e+04
2.944000000000000000e+04
2.992200000000000000e+04
3.048700000000000000e+04
3.102700000000000000e+04
3.157200000000000000e+04
3.210300000000000000e+04
3.262100000000000000e+04
3.317400000000000000e+04
3.377200000000000000e+04
3.435000000000000000e+04
3.496000000000000000e+04
3.554700000000000000e+04
3.615800000000000000e+04
3.675200000000000000e+04
3.738100000000000000e+04
3.801500000000000000e+04
3.864500000000000000e+04
3.928100000000000000e+04
3.994200000000000000e+04
4.059600000000000000e+04
4.127700000000000000e+04
4.195900000000000000e+04
4.262300000000000000e+04
4.328600000000000000e+04
4.398900000000000000e+04
4.471200000000000000e+04
4.542200000000000000e+04
4.612600000000000000e+04
4.683300000000000000e+04
4.758900000000000000e+04
4.834000000000000000e+04
4.911900000000000000e+04
4.989500000000000000e+04
5.069600000000000000e+04
5.147300000000000000e+04
5.224800000000000000e+04
5.305400000000000000e+04
5.386200000000000000e+04
5.467600000000000000e+04
5.550400000000000000e+04
5.632500000000000000e+04
5.715800000000000000e+04
5.799200000000000000e+04
5.883500000000000000e+04
5.970200000000000000e+04
6.056000000000000000e+04
6.142500000000000000e+04
6.227900000000000000e+04
6.312600000000000000e+04
6.399100000000000000e+04
6.485100000000000000e+04
6.573300000000000000e+04
6.662000000000000000e+04
6.750900000000000000e+04
6.839300000000000000e+04
6.928500000000000000e+04
7.017500000000000000e+04
7.107100000000000000e+04
7.198200000000000000e+04
7.290000000000000000e+04
7.380900000000000000e+04
7.471200000000000000e+04
7.560100000000000000e+04
7.651400000000000000e+04
7.744600000000000000e+04
7.836000000000000000e+04
7.928500000000000000e+04
8.020900000000000000e+04
8.114400000000000000e+04
8.206500000000000000e+04
8.299200000000000000e+04
8.392300000000000000e+04
8.485200000000000000e+04
8.579000000000000000e+04
8.671800000000000000e+04
8.765100000000000000e+04
8.858900000000000000e+04
8.954000000000000000e+04
9.049000000000000000e+04
9.143200000000000000e+04
9.235900000000000000e+04
9.330000000000000000e+04
9.424900000000000000e+04
9.519500000000000000e+04
9.614500000000000000e+04
9.708600000000000000e+04
9.802400000000000000e+04
