0.000000000000000000e+00
0.000000000000000000e+00
0.000000000000000000e+00
5.000000000000000000e+00
3.100000000000000000e+01
6.700000000000000000e+01
1.190000000000000000e+02
1.960000000000000000e+02
2.820000000000000000e+02
3.890000000000000000e+02
4.970000000000000000e+02
5.900000000000000000e+02
6.870000000000000000e+02
7.900000000000000000e+02
8.980000000000000000e+02
9.870000000000000000e+02
1.093000000000000000e+03
1.196000000000000000e+03
1.316000000000000000e+03
1.428000000000000000e+03
1.557000000000000000e+03
1.671000000000000000e+03
1.830000000000000000e+03
1.970000000000000000e+03
2.118000000000000000e+03
2.245000000000000000e+03
2.362000000000000000e+03
2.464000000000000000e+03
2.584000000000000000e+03
2.700000000000000000e+03
2.833000000000000000e+03
2.947000000000000000e+03
3.083000000000000000e+03
3.205000000000000000e+03
3.358000000000000000e+03
3.497000000000000000e+03
3.656000000000000000e+03
3.805000000000000000e+03
3.964000000000000000e+03
4.140000000000000000e+03
4.302000000000000000e+03
4.443000000000000000e+03
4.585000000000000000e+03
4.731000000000000000e+03
4.879000000000000000e+03
5.031000000000000000e+03
5.180000000000000000e+03
5.358000000000000000e+03
5.525000000000000000e+03
5.710000000000000000e+03
5.909000000000000000e+03
6.107000000000000000e+03
6.318000000000000000e+03
6.500000000000000000e+03
6.688000000000000000e+03
6.860000000000000000e+03
7.048000000000000000e+03
7.246000000000000000e+03
7.442000000000000000e+03
7.667000000000000000e+03
7.910000000000000000e+03
8.157000000000000000e+03
8.402000000000000000e+03
8.680000000000000000e+03
8.947000000000000000e+03
9.208000000000000000e+03
9.483000000000000000e+03
9.740000000000000000e+03
1.001200000000000000e+04
1.026200000000000000e+04
1.058100000000000000e+04
1.087200000000000000e+04
1.116200000000000000e+04
1.152300000000000000e+04
1.183500000000000000e+04
1.213500000000000000e+04
1.245000000000000000e+04
1.279300000000000000e+04
1.313300000000000000e+04
1.347200000000000000e+04
1.379700000000000000e+04
1.413300000000000000e+04
1.447400000000000000e+04
1.480400000000000000e+04
1.513400000000000000e+04
1.549200000000000000e+04
1.587400000000000000e+04
1.628100000000000000e+04
1.663900000000000000e+04
1.702800000000000000e+04
1.737900000000000000e+04
1.776100000000000000e+04
1.816100000000000000e+04
1.857000000000000000e+04
1.895600000000000000e+04
1.937100000000000000e+04
1.976600000000000000e+04
2.017900000000000000e+04
2.059200000000000000e+04
2.098800000000000000e+04
2.144100000000000000e+04
2.190400000000000000e+04
2.233700000000000000e+04
2.279600000000000000e+04
2.325800000000000000e+04
2.367300000000000000e+04
2.413700000000000000e+04
2.459800000000000000e+04
2.503400000000000000e+04
2.551500000000000000e+04
2.605800000000000000e+04
2.656000000000000000e+04
2.707700000000000000e+04
2.760200000000000000e+04
2.810600000000000000e+04
2.864800000000000000e+04
2.920500000000000000e+04
2.972900000000000000e+04
3.029600000000000000e+04
3.088000000000000000e+04
3.146800000000000000e+04
3.206200000000000000e+04
3.265600000000000000e+04
3.327300000000000000e+04
3.389700000000000000e+04
3.449100000000000000e+04
3.510500000000000000e+04
3.573900000000000000e+04
3.638200000000000000e+04
3.703800000000000000e+04
3.768800000000000000e+04
3.835700000000000000e+04
3.901500000000000000e+04
3.971100000000000000e+04
4.039700000000000000e+04
4.111300000000000000e+04
4.182500000000000000e+04
4.257700000000000000e+04
4.330600000000000000e+04
4.404000000000000000e+04
4.481200000000000000e+04
4.556100000000000000e+04
4.633400000000000000e+04
4.710500000000000000e+04
4.788900000000000000e+04
4.867300000000000000e+04
4.944000000000000000e+04
5.024100000000000000e+04
5.102000000000000000e+04
5.181100000000000000e+04
5.261000000000000000e+04
5.341000000000000000e+04
5.424700000000000000e+04
5.508300000000000000e+04
5.592200000000000000e+04
5.677000000000000000e+04
5.763800000000000000e+04
5.849500000000000000e+04
5.935300000000000000e+04
6.022300000000000000e+04
6.108100000000000000e+04
6.193600000000000000e+04
6.282900000000000000e+04
6.370100000000000000e+04
6.458400000000000000e+04
6.549000000000000000e+04
6.638500000000000000e+04
6.727400000000000000e+04
6.818500000000000000e+04
6.909900000000000000e+04
7.001100000000000000e+04
7.093100000000000000e+04
7.185300000000000000e+04
7.276100000000000000e+04
7.367400000000000000e+04
7.460900000000000000e+04
7.554300000000000000e+04
7.648000000000000000e+04
7.741900000000000000e+04
7.834200000000000000e+04
7.927900000000000000e+04
8.021600000000000000e+04
8.115800000000000000e+04
8.208600000000000000e+04
8.302400000000000000e+04
8.396400000000000000e+04
8.490700000000000000e+04
8.584100000000000000e+04
8.679200000000000000e+04
8.773500000000000000e+04
8.867800000000000000e+04
8.961900000000000000e+04
9.056100000000000000e+04
9.150500000000000000e+04
9.245000000000000000e+04
9.339000000000000000e+04
9.433900000000000000e+04
9.528400000000000000e+04
9.622600000000000000e+04
9.717000000000000000e+04
