0.000000000000000000e+00
0.000000000000000000e+00
0.000000000000000000e+00
7.000000000000000000e+00
4.100000000000000000e+01
9.200000000000000000e+01
1.620000000000000000e+02
2.490000000000000000e+02
3.400000000000000000e+02
4.270000000000000000e+02
5.370000000000000000e+02
6.370000000000000000e+02
7.460000000000000000e+02
8.500000000000000000e+02
9.480000000000000000e+02
1.041000000000000000e+03
1.132000000000000000e+03
1.220000000000000000e+03
1.329000000000000000e+03
1.426000000000000000e+03
1.543000000000000000e+03
1.646000000000000000e+03
1.749000000000000000e+03
1.873000000000000000e+03
1.961000000000000000e+03
2.094000000000000000e+03
2.199000000000000000e+03
2.342000000000000000e+03
2.437000000000000000e+03
2.558000000000000000e+03
2.648000000000000000e+03
2.751000000000000000e+03
2.854000000000000000e+03
2.971000000000000000e+03
3.088000000000000000e+03
3.219000000000000000e+03
3.335000000000000000e+03
3.480000000000000000e+03
3.617000000000000000e+03
3.756000000000000000e+03
3.888000000000000000e+03
4.027000000000000000e+03
4.158000000000000000e+03
4.312000000000000000e+03
4.443000000000000000e+03
4.597000000000000000e+03
4.736000000000000000e+03
4.886000000000000000e+03
5.025000000000000000e+03
5.187000000000000000e+03
5.312000000000000000e+03
5.466000000000000000e+03
5.611000000000000000e+03
5.787000000000000000e+03
5.948000000000000000e+03
6.107000000000000000e+03
6.257000000000000000e+03
6.415000000000000000e+03
6.553000000000000000e+03
6.724000000000000000e+03
6.875000000000000000e+03
7.053000000000000000e+03
7.214000000000000000e+03
7.409000000000000000e+03
7.575000000000000000e+03
7.765000000000000000e+03
7.955000000000000000e+03
8.173000000000000000e+03
8.354000000000000000e+03
8.558000000000000000e+03
8.744000000000000000e+03
8.930000000000000000e+03
9.116000000000000000e+03
9.297000000000000000e+03
9.504000000000000000e+03
9.709000000000000000e+03
9.916000000000000000e+03
1.014300000000000000e+04
1.034600000000000000e+04
1.057500000000000000e+04
1.077500000000000000e+04
1.101000000000000000e+04
1.124900000000000000e+04
1.148300000000000000e+04
1.171200000000000000e+04
1.194600000000000000e+04
1.216700000000000000e+04
1.238900000000000000e+04
1.257900000000000000e+04
1.282300000000000000e+04
1.305500000000000000e+04
1.331800000000000000e+04
1.356800000000000000e+04
1.382900000000000000e+04
1.411500000000000000e+04
1.437300000000000000e+04
1.465200000000000000e+04
1.497200000000000000e+04
1.528500000000000000e+04
1.558600000000000000e+04
1.591100000000000000e+04
1.623500000000000000e+04
1.658400000000000000e+04
1.687500000000000000e+04
1.721700000000000000e+04
1.752500000000000000e+04
1.784600000000000000e+04
1.815300000000000000e+04
1.847300000000000000e+04
1.884100000000000000e+04
1.919100000000000000e+04
1.951300000000000000e+04
1.985800000000000000e+04
2.021900000000000000e+04
2.057400000000000000e+04
2.092700000000000000e+04
2.126800000000000000e+04
2.159500000000000000e+04
2.194500000000000000e+04
2.230200000000000000e+04
2.266500000000000000e+04
2.303400000000000000e+04
2.341400000000000000e+04
2.382500000000000000e+04
2.421800000000000000e+04
2.461000000000000000e+04
2.500900000000000000e+04
2.539900000000000000e+04
2.578800000000000000e+04
2.618400000000000000e+04
2.660200000000000000e+04
2.702400000000000000e+04
2.742000000000000000e+04
2.786900000000000000e+04
2.831800000000000000e+04
2.875000000000000000e+04
2.920500000000000000e+04
2.967400000000000000e+04
3.012900000000000000e+04
3.063800000000000000e+04
3.110300000000000000e+04
3.158900000000000000e+04
3.211300000000000000e+04
3.261800000000000000e+04
3.315100000000000000e+04
3.367100000000000000e+04
3.420500000000000000e+04
3.472900000000000000e+04
3.526400000000000000e+04
3.580500000000000000e+04
3.635900000000000000e+04
3.693800000000000000e+04
3.752400000000000000e+04
3.810700000000000000e+04
3.869800000000000000e+04
3.929800000000000000e+04
3.991500000000000000e+04
4.053100000000000000e+04
4.115900000000000000e+04
4.177000000000000000e+04
4.239200000000000000e+04
4.305000000000000000e+04
4.371600000000000000e+04
4.437100000000000000e+04
4.507400000000000000e+04
4.573900000000000000e+04
4.644600000000000000e+04
4.716500000000000000e+04
4.786900000000000000e+04
4.860600000000000000e+04
4.934500000000000000e+04
5.006900000000000000e+04
5.079300000000000000e+04
5.155000000000000000e+04
5.231700000000000000e+04
5.305900000000000000e+04
5.383200000000000000e+04
5.460500000000000000e+04
5.540300000000000000e+04
5.620700000000000000e+04
5.700800000000000000e+04
5.778700000000000000e+04
5.859600000000000000e+04
5.940600000000000000e+04
6.023300000000000000e+04
6.106700000000000000e+04
6.188800000000000000e+04
6.273100000000000000e+04
6.358300000000000000e+04
6.442100000000000000e+04
6.528600000000000000e+04
6.613200000000000000e+04
6.700100000000000000e+04
6.784400000000000000e+04
6.873000000000000000e+04
6.958600000000000000e+04
7.047100000000000000e+04
7.137400000000000000e+04
7.226100000000000000e+04
7.314700000000000000e+04
