0.000000000000000000e+00
0.000000000000000000e+00
0.000000000000000000e+00
9.000000000000000000e+00
3.800000000000000000e+01
8.900000000000000000e+01
1.490000000000000000e+02
2.210000000000000000e+02
3.060000000000000000e+02
4.170000000000000000e+02
5.160000000000000000e+02
6.200000000000000000e+02
7.280000000000000000e+02
8.470000000000000000e+02
9.480000000000000000e+02
1.048000000000000000e+03
1.166000000000000000e+03
1.285000000000000000e+03
1.410000000000000000e+03
1.547000000000000000e+03
1.682000000000000000e+03
1.817000000000000000e+03
1.955000000000000000e+03
2.081000000000000000e+03
2.214000000000000000e+03
2.340000000000000000e+03
2.482000000000000000e+03
2.620000000000000000e+03
2.761000000000000000e+03
2.918000000000000000e+03
3.095000000000000000e+03
3.278000000000000000e+03
3.469000000000000000e+03
3.650000000000000000e+03
3.848000000000000000e+03
4.029000000000000000e+03
4.218000000000000000e+03
4.400000000000000000e+03
4.578000000000000000e+03
4.797000000000000000e+03
4.968000000000000000e+03
5.192000000000000000e+03
5.398000000000000000e+03
5.595000000000000000e+03
5.788000000000000000e+03
5.962000000000000000e+03
6.139000000000000000e+03
6.291000000000000000e+03
6.461000000000000000e+03
6.639000000000000000e+03
6.835000000000000000e+03
7.038000000000000000e+03
7.285000000000000000e+03
7.534000000000000000e+03
7.800000000000000000e+03
8.047000000000000000e+03
8.269000000000000000e+03
8.486000000000000000e+03
8.720000000000000000e+03
8.959000000000000000e+03
9.204000000000000000e+03
9.474000000000000000e+03
9.726000000000000000e+03
1.002100000000000000e+04
1.029400000000000000e+04
1.059600000000000000e+04
1.087300000000000000e+04
1.117400000000000000e+04
1.144600000000000000e+04
1.175200000000000000e+04
1.202400000000000000e+04
1.232400000000000000e+04
1.261800000000000000e+04
1.292400000000000000e+04
1.320000000000000000e+04
1.351100000000000000e+04
1.376400000000000000e+04
1.408100000000000000e+04
1.436500000000000000e+04
1.467100000000000000e+04
1.498500000000000000e+04
1.528800000000000000e+04
1.562100000000000000e+04
1.592800000000000000e+04
1.623400000000000000e+04
1.653700000000000000e+04
1.685500000000000000e+04
1.713700000000000000e+04
1.744800000000000000e+04
1.773600000000000000e+04
1.805900000000000000e+04
1.838400000000000000e+04
1.872700000000000000e+04
1.906500000000000000e+04
1.941100000000000000e+04
1.976500000000000000e+04
2.010200000000000000e+04
2.044200000000000000e+04
2.080100000000000000e+04
2.114700000000000000e+04
2.150500000000000000e+04
2.184800000000000000e+04
2.219300000000000000e+04
2.255900000000000000e+04
2.295100000000000000e+04
2.332500000000000000e+04
2.370400000000000000e+04
2.408800000000000000e+04
2.445400000000000000e+04
2.484500000000000000e+04
2.521700000000000000e+04
2.560200000000000000e+04
2.600200000000000000e+04
2.641200000000000000e+04
2.684700000000000000e+04
2.726100000000000000e+04
2.766400000000000000e+04
2.810300000000000000e+04
2.854400000000000000e+04
2.896900000000000000e+04
2.945000000000000000e+04
2.989100000000000000e+04
3.036300000000000000e+04
3.082200000000000000e+04
3.130700000000000000e+04
3.177700000000000000e+04
3.226700000000000000e+04
3.276600000000000000e+04
3.327900000000000000e+04
3.377800000000000000e+04
3.431100000000000000e+04
3.483900000000000000e+04
3.535400000000000000e+04
3.588800000000000000e+04
3.641200000000000000e+04
3.697800000000000000e+04
3.755900000000000000e+04
3.814900000000000000e+04
3.872400000000000000e+04
3.929000000000000000e+04
3.987100000000000000e+04
4.048300000000000000e+04
4.110400000000000000e+04
4.173700000000000000e+04
4.240000000000000000e+04
4.302400000000000000e+04
4.370400000000000000e+04
4.435900000000000000e+04
4.503600000000000000e+04
4.570800000000000000e+04
4.640300000000000000e+04
4.711800000000000000e+04
4.782300000000000000e+04
4.855400000000000000e+04
4.928900000000000000e+04
5.002600000000000000e+04
5.078600000000000000e+04
5.152400000000000000e+04
5.229400000000000000e+04
5.305700000000000000e+04
5.382200000000000000e+04
5.456500000000000000e+04
5.535400000000000000e+04
5.612100000000000000e+04
5.693300000000000000e+04
5.773100000000000000e+04
5.851300000000000000e+04
5.933300000000000000e+04
6.015200000000000000e+04
6.099300000000000000e+04
6.182600000000000000e+04
6.267000000000000000e+04
6.352300000000000000e+04
6.437900000000000000e+04
6.524200000000000000e+04
6.609000000000000000e+04
6.696500000000000000e+04
6.785300000000000000e+04
6.873800000000000000e+04
6.962100000000000000e+04
7.052000000000000000e+04
7.140600000000000000e+04
7.229300000000000000e+04
7.319700000000000000e+04
7.409600000000000000e+04
7.500300000000000000e+04
7.589600000000000000e+04
7.681600000000000000e+04
7.773400000000000000e+04
7.864700000000000000e+04
7.957300000000000000e+04
8.048800000000000000e+04
8.141700000000000000e+04
8.233000000000000000e+04
8.324500000000000000e+04
8.417700000000000000e+04
8.510900000000000000e+04
8.605100000000000000e+04
8.698200000000000000e+04
8.791500000000000000e+04
