0.000000000000000000e+00
0.000000000000000000e+00
0.000000000000000000e+00
7.000000000000000000e+00
2.800000000000000000e+01
7.300000000000000000e+01
1.220000000000000000e+02
2.040000000000000000e+02
2.830000000000000000e+02
3.700000000000000000e+02
4.460000000000000000e+02
5.420000000000000000e+02
6.370000000000000000e+02
7.430000000000000000e+02
8.420000000000000000e+02
9.640000000000000000e+02
1.072000000000000000e+03
1.187000000000000000e+03
1.298000000000000000e+03
1.426000000000000000e+03
1.550000000000000000e+03
1.670000000000000000e+03
1.787000000000000000e+03
1.906000000000000000e+03
2.017000000000000000e+03
2.151000000000000000e+03
2.269000000000000000e+03
2.423000000000000000e+03
2.557000000000000000e+03
2.718000000000000000e+03
2.848000000000000000e+03
3.002000000000000000e+03
3.138000000000000000e+03
3.271000000000000000e+03
3.402000000000000000e+03
3.551000000000000000e+03
3.706000000000000000e+03
3.877000000000000000e+03
4.028000000000000000e+03
4.197000000000000000e+03
4.370000000000000000e+03
4.563000000000000000e+03
4.755000000000000000e+03
4.963000000000000000e+03
5.182000000000000000e+03
5.382000000000000000e+03
5.614000000000000000e+03
5.814000000000000000e+03
6.005000000000000000e+03
6.193000000000000000e+03
6.380000000000000000e+03
6.576000000000000000e+03
6.776000000000000000e+03
6.990000000000000000e+03
7.186000000000000000e+03
7.402000000000000000e+03
7.635000000000000000e+03
7.860000000000000000e+03
8.061000000000000000e+03
8.277000000000000000e+03
8.506000000000000000e+03
8.727000000000000000e+03
8.952000000000000000e+03
9.194000000000000000e+03
9.445000000000000000e+03
9.718000000000000000e+03
9.989000000000000000e+03
1.025200000000000000e+04
1.051800000000000000e+04
1.078300000000000000e+04
1.105800000000000000e+04
1.133900000000000000e+04
1.161500000000000000e+04
1.191000000000000000e+04
1.216300000000000000e+04
1.245700000000000000e+04
1.272600000000000000e+04
1.304000000000000000e+04
1.334300000000000000e+04
1.366700000000000000e+04
1.400100000000000000e+04
1.431300000000000000e+04
1.462300000000000000e+04
1.492500000000000000e+04
1.525200000000000000e+04
1.560300000000000000e+04
1.593800000000000000e+04
1.625500000000000000e+04
1.656600000000000000e+04
1.690300000000000000e+04
1.722000000000000000e+04
1.755800000000000000e+04
1.785700000000000000e+04
1.820000000000000000e+04
1.854000000000000000e+04
1.888100000000000000e+04
1.920600000000000000e+04
1.955100000000000000e+04
1.989200000000000000e+04
2.023700000000000000e+04
2.059800000000000000e+04
2.094000000000000000e+04
2.129600000000000000e+04
2.164300000000000000e+04
2.202900000000000000e+04
2.241100000000000000e+04
2.275900000000000000e+04
2.310600000000000000e+04
2.347300000000000000e+04
2.386400000000000000e+04
2.426800000000000000e+04
2.465400000000000000e+04
2.509500000000000000e+04
2.550500000000000000e+04
2.594400000000000000e+04
2.638300000000000000e+04
2.683400000000000000e+04
2.730700000000000000e+04
2.774400000000000000e+04
2.818900000000000000e+04
2.865700000000000000e+04
2.911800000000000000e+04
2.960100000000000000e+04
3.008900000000000000e+04
3.058200000000000000e+04
3.107300000000000000e+04
3.157100000000000000e+04
3.208300000000000000e+04
3.260300000000000000e+04
3.313100000000000000e+04
3.366000000000000000e+04
3.419600000000000000e+04
3.477100000000000000e+04
3.534300000000000000e+04
3.591500000000000000e+04
3.649300000000000000e+04
3.706300000000000000e+04
3.764200000000000000e+04
3.824300000000000000e+04
3.885800000000000000e+04
3.947800000000000000e+04
4.009400000000000000e+04
4.070200000000000000e+04
4.133600000000000000e+04
4.198300000000000000e+04
4.263600000000000000e+04
4.329400000000000000e+04
4.394900000000000000e+04
4.464200000000000000e+04
4.532500000000000000e+04
4.604100000000000000e+04
4.674900000000000000e+04
4.746300000000000000e+04
4.820000000000000000e+04
4.894100000000000000e+04
4.971000000000000000e+04
5.043900000000000000e+04
5.116100000000000000e+04
5.194100000000000000e+04
5.269300000000000000e+04
5.345600000000000000e+04
5.423500000000000000e+04
5.502800000000000000e+04
5.583000000000000000e+04
5.662900000000000000e+04
5.745000000000000000e+04
5.826700000000000000e+04
5.908600000000000000e+04
5.989300000000000000e+04
6.074500000000000000e+04
6.156700000000000000e+04
6.238700000000000000e+04
6.325200000000000000e+04
6.411100000000000000e+04
6.496300000000000000e+04
6.582900000000000000e+04
6.670100000000000000e+04
6.759200000000000000e+04
6.846600000000000000e+04
6.935300000000000000e+04
7.023700000000000000e+04
7.112700000000000000e+04
7.203700000000000000e+04
7.291600000000000000e+04
7.382200000000000000e+04
7.473000000000000000e+04
7.562700000000000000e+04
7.655100000000000000e+04
7.746200000000000000e+04
7.837100000000000000e+04
7.927700000000000000e+04
8.019100000000000000e+04
8.110500000000000000e+04
8.202100000000000000e+04
8.293400000000000000e+04
8.385800000000000000e+04
8.479500000000000000e+04
8.572700000000000000e+04
8.665300000000000000e+04
8.756800000000000000e+04
