0.000000000000000000e+00
0.000000000000000000e+00
0.000000000000000000e+00
2.000000000000000000e+01
4.900000000000000000e+01
9.900000000000000000e+01
1.630000000000000000e+02
2.410000000000000000e+02
3.450000000000000000e+02
4.420000000000000000e+02
5.480000000000000000e+02
6.490000000000000000e+02
7.570000000000000000e+02
8.600000000000000000e+02
9.630000000000000000e+02
1.059000000000000000e+03
1.156000000000000000e+03
1.250000000000000000e+03
1.347000000000000000e+03
1.426000000000000000e+03
1.517000000000000000e+03
1.599000000000000000e+03
1.678000000000000000e+03
1.757000000000000000e+03
1.844000000000000000e+03
1.919000000000000000e+03
2.004000000000000000e+03
2.082000000000000000e+03
2.168000000000000000e+03
2.257000000000000000e+03
2.355000000000000000e+03
2.462000000000000000e+03
2.547000000000000000e+03
2.651000000000000000e+03
2.739000000000000000e+03
2.847000000000000000e+03
2.945000000000000000e+03
3.071000000000000000e+03
3.189000000000000000e+03
3.317000000000000000e+03
3.421000000000000000e+03
3.548000000000000000e+03
3.657000000000000000e+03
3.762000000000000000e+03
3.887000000000000000e+03
3.996000000000000000e+03
4.118000000000000000e+03
4.222000000000000000e+03
4.364000000000000000e+03
4.475000000000000000e+03
4.624000000000000000e+03
4.745000000000000000e+03
4.887000000000000000e+03
5.024000000000000000e+03
5.148000000000000000e+03
5.273000000000000000e+03
5.397000000000000000e+03
5.517000000000000000e+03
5.652000000000000000e+03
5.776000000000000000e+03
5.937000000000000000e+03
6.089000000000000000e+03
6.233000000000000000e+03
6.397000000000000000e+03
6.571000000000000000e+03
6.776000000000000000e+03
6.975000000000000000e+03
7.204000000000000000e+03
7.425000000000000000e+03
7.639000000000000000e+03
7.839000000000000000e+03
8.039000000000000000e+03
8.268000000000000000e+03
8.482000000000000000e+03
8.721000000000000000e+03
8.951000000000000000e+03
9.192000000000000000e+03
9.484000000000000000e+03
9.723000000000000000e+03
1.004700000000000000e+04
1.032000000000000000e+04
1.061600000000000000e+04
1.091700000000000000e+04
1.119200000000000000e+04
1.149700000000000000e+04
1.174000000000000000e+04
1.202200000000000000e+04
1.228100000000000000e+04
1.256100000000000000e+04
1.281900000000000000e+04
1.311300000000000000e+04
1.336300000000000000e+04
1.364700000000000000e+04
1.389900000000000000e+04
1.419600000000000000e+04
1.448600000000000000e+04
1.479100000000000000e+04
1.508900000000000000e+04
1.538700000000000000e+04
1.568600000000000000e+04
1.598100000000000000e+04
1.630500000000000000e+04
1.662000000000000000e+04
1.691900000000000000e+04
1.724100000000000000e+04
1.759800000000000000e+04
1.793100000000000000e+04
1.824400000000000000e+04
1.855800000000000000e+04
1.892900000000000000e+04
1.927000000000000000e+04
1.964100000000000000e+04
1.997800000000000000e+04
2.030900000000000000e+04
2.065600000000000000e+04
2.102500000000000000e+04
2.139800000000000000e+04
2.177000000000000000e+04
2.214300000000000000e+04
2.254800000000000000e+04
2.292100000000000000e+04
2.330900000000000000e+04
2.371500000000000000e+04
2.413200000000000000e+04
2.454100000000000000e+04
2.496900000000000000e+04
2.540000000000000000e+04
2.584500000000000000e+04
2.626600000000000000e+04
2.669900000000000000e+04
2.713300000000000000e+04
2.760500000000000000e+04
2.805900000000000000e+04
2.849500000000000000e+04
2.899700000000000000e+04
2.950100000000000000e+04
2.997500000000000000e+04
3.045300000000000000e+04
3.097500000000000000e+04
3.150800000000000000e+04
3.205300000000000000e+04
3.257200000000000000e+04
3.307000000000000000e+04
3.361500000000000000e+04
3.415900000000000000e+04
3.469100000000000000e+04
3.523900000000000000e+04
3.580100000000000000e+04
3.637200000000000000e+04
3.696700000000000000e+04
3.757100000000000000e+04
3.817700000000000000e+04
3.878700000000000000e+04
3.942000000000000000e+04
4.004700000000000000e+04
4.066200000000000000e+04
4.130600000000000000e+04
4.196000000000000000e+04
4.262400000000000000e+04
4.330300000000000000e+04
4.397800000000000000e+04
4.466100000000000000e+04
4.534700000000000000e+04
4.607000000000000000e+04
4.679700000000000000e+04
4.753300000000000000e+04
4.825600000000000000e+04
4.898400000000000000e+04
4.972200000000000000e+04
5.046900000000000000e+04
5.123600000000000000e+04
5.202800000000000000e+04
5.281600000000000000e+04
5.361500000000000000e+04
5.438400000000000000e+04
5.520900000000000000e+04
5.600900000000000000e+04
5.683700000000000000e+04
5.764800000000000000e+04
5.846400000000000000e+04
5.929000000000000000e+04
6.012500000000000000e+04
6.095800000000000000e+04
6.180200000000000000e+04
6.266100000000000000e+04
6.352500000000000000e+04
6.438900000000000000e+04
6.526600000000000000e+04
6.613200000000000000e+04
6.699800000000000000e+04
6.787300000000000000e+04
6.878200000000000000e+04
6.967000000000000000e+04
7.055100000000000000e+04
7.144200000000000000e+04
7.234300000000000000e+04
7.324500000000000000e+04
7.416100000000000000e+04
7.507900000000000000e+04
7.600000000000000000e+04
