0.000000000000000000e+00
0.000000000000000000e+00
0.000000000000000000e+00
1.500000000000000000e+01
4.200000000000000000e+01
9.600000000000000000e+01
1.640000000000000000e+02
2.510000000000000000e+02
3.410000000000000000e+02
4.290000000000000000e+02
5.330000000000000000e+02
6.310000000000000000e+02
7.420000000000000000e+02
8.310000000000000000e+02
9.290000000000000000e+02
1.018000000000000000e+03
1.116000000000000000e+03
1.203000000000000000e+03
1.295000000000000000e+03
1.394000000000000000e+03
1.509000000000000000e+03
1.600000000000000000e+03
1.696000000000000000e+03
1.789000000000000000e+03
1.888000000000000000e+03
1.976000000000000000e+03
2.086000000000000000e+03
2.184000000000000000e+03
2.303000000000000000e+03
2.398000000000000000e+03
2.531000000000000000e+03
2.638000000000000000e+03
2.745000000000000000e+03
2.828000000000000000e+03
2.933000000000000000e+03
3.031000000000000000e+03
3.129000000000000000e+03
3.227000000000000000e+03
3.338000000000000000e+03
3.454000000000000000e+03
3.592000000000000000e+03
3.702000000000000000e+03
3.846000000000000000e+03
3.973000000000000000e+03
4.089000000000000000e+03
4.210000000000000000e+03
4.323000000000000000e+03
4.456000000000000000e+03
4.595000000000000000e+03
4.739000000000000000e+03
4.875000000000000000e+03
5.020000000000000000e+03
5.181000000000000000e+03
5.316000000000000000e+03
5.454000000000000000e+03
5.602000000000000000e+03
5.754000000000000000e+03
5.899000000000000000e+03
6.052000000000000000e+03
6.196000000000000000e+03
6.358000000000000000e+03
6.506000000000000000e+03
6.662000000000000000e+03
6.813000000000000000e+03
6.968000000000000000e+03
7.146000000000000000e+03
7.322000000000000000e+03
7.509000000000000000e+03
7.696000000000000000e+03
7.909000000000000000e+03
8.079000000000000000e+03
8.323000000000000000e+03
8.478000000000000000e+03
8.676000000000000000e+03
8.855000000000000000e+03
9.065000000000000000e+03
9.287000000000000000e+03
9.498000000000000000e+03
9.742000000000000000e+03
9.979000000000000000e+03
1.020800000000000000e+04
1.042600000000000000e+04
1.066000000000000000e+04
1.087900000000000000e+04
1.111000000000000000e+04
1.136900000000000000e+04
1.159800000000000000e+04
1.186600000000000000e+04
1.212700000000000000e+04
1.244600000000000000e+04
1.269600000000000000e+04
1.298300000000000000e+04
1.329900000000000000e+04
1.360900000000000000e+04
1.390100000000000000e+04
1.416600000000000000e+04
1.446800000000000000e+04
1.476800000000000000e+04
1.507700000000000000e+04
1.535300000000000000e+04
1.565800000000000000e+04
1.594400000000000000e+04
1.623200000000000000e+04
1.651100000000000000e+04
1.681800000000000000e+04
1.710500000000000000e+04
1.744400000000000000e+04
1.775900000000000000e+04
1.811700000000000000e+04
1.846900000000000000e+04
1.880000000000000000e+04
1.909400000000000000e+04
1.941100000000000000e+04
1.975900000000000000e+04
2.010000000000000000e+04
2.043100000000000000e+04
2.077000000000000000e+04
2.114400000000000000e+04
2.148700000000000000e+04
2.186200000000000000e+04
2.220700000000000000e+04
2.257800000000000000e+04
2.296800000000000000e+04
2.334500000000000000e+04
2.373100000000000000e+04
2.411200000000000000e+04
2.449400000000000000e+04
2.487300000000000000e+04
2.528000000000000000e+04
2.569000000000000000e+04
2.610000000000000000e+04
2.654200000000000000e+04
2.697300000000000000e+04
2.741000000000000000e+04
2.785200000000000000e+04
2.831600000000000000e+04
2.880500000000000000e+04
2.928100000000000000e+04
2.974100000000000000e+04
3.023200000000000000e+04
3.075000000000000000e+04
3.125500000000000000e+04
3.174200000000000000e+04
3.224400000000000000e+04
3.275100000000000000e+04
3.328000000000000000e+04
3.381100000000000000e+04
3.435900000000000000e+04
3.492200000000000000e+04
3.546900000000000000e+04
3.602800000000000000e+04
3.660600000000000000e+04
3.719700000000000000e+04
3.778600000000000000e+04
3.839000000000000000e+04
3.899400000000000000e+04
3.962200000000000000e+04
4.021700000000000000e+04
4.085100000000000000e+04
4.150200000000000000e+04
4.213600000000000000e+04
4.279600000000000000e+04
4.345700000000000000e+04
4.412500000000000000e+04
4.478000000000000000e+04
4.547400000000000000e+04
4.616300000000000000e+04
4.686800000000000000e+04
4.759100000000000000e+04
4.830300000000000000e+04
4.902800000000000000e+04
4.980400000000000000e+04
5.055400000000000000e+04
5.130900000000000000e+04
5.205800000000000000e+04
5.284100000000000000e+04
5.363200000000000000e+04
5.443100000000000000e+04
5.524000000000000000e+04
5.603100000000000000e+04
5.683000000000000000e+04
5.764800000000000000e+04
5.847900000000000000e+04
5.928700000000000000e+04
6.013300000000000000e+04
6.096300000000000000e+04
6.181500000000000000e+04
6.264400000000000000e+04
6.350700000000000000e+04
6.437100000000000000e+04
6.525000000000000000e+04
6.611200000000000000e+04
6.699000000000000000e+04
6.788300000000000000e+04
6.875800000000000000e+04
6.964300000000000000e+04
7.053600000000000000e+04
7.144500000000000000e+04
7.233500000000000000e+04
7.323400000000000000e+04
