0.000000000000000000e+00
0.000000000000000000e+00
0.000000000000000000e+00
1.300000000000000000e+01
4.900000000000000000e+01
9.600000000000000000e+01
1.780000000000000000e+02
2.590000000000000000e+02
3.550000000000000000e+02
4.420000000000000000e+02
5.450000000000000000e+02
6.410000000000000000e+02
7.610000000000000000e+02
8.530000000000000000e+02
9.650000000000000000e+02
1.059000000000000000e+03
1.143000000000000000e+03
1.225000000000000000e+03
1.314000000000000000e+03
1.407000000000000000e+03
1.489000000000000000e+03
1.588000000000000000e+03
1.669000000000000000e+03
1.773000000000000000e+03
1.868000000000000000e+03
1.996000000000000000e+03
2.106000000000000000e+03
2.242000000000000000e+03
2.359000000000000000e+03
2.478000000000000000e+03
2.601000000000000000e+03
2.721000000000000000e+03
2.835000000000000000e+03
2.979000000000000000e+03
3.098000000000000000e+03
3.240000000000000000e+03
3.358000000000000000e+03
3.455000000000000000e+03
3.559000000000000000e+03
3.670000000000000000e+03
3.779000000000000000e+03
3.906000000000000000e+03
4.055000000000000000e+03
4.200000000000000000e+03
4.349000000000000000e+03
4.505000000000000000e+03
4.665000000000000000e+03
4.818000000000000000e+03
4.990000000000000000e+03
5.141000000000000000e+03
5.313000000000000000e+03
5.484000000000000000e+03
5.660000000000000000e+03
5.836000000000000000e+03
6.010000000000000000e+03
6.180000000000000000e+03
6.360000000000000000e+03
6.556000000000000000e+03
6.718000000000000000e+03
6.933000000000000000e+03
7.116000000000000000e+03
7.354000000000000000e+03
7.549000000000000000e+03
7.793000000000000000e+03
7.967000000000000000e+03
8.189000000000000000e+03
8.371000000000000000e+03
8.595000000000000000e+03
8.776000000000000000e+03
9.012000000000000000e+03
9.247000000000000000e+03
9.493000000000000000e+03
9.735000000000000000e+03
9.999000000000000000e+03
1.028400000000000000e+04
1.055600000000000000e+04
1.085000000000000000e+04
1.112000000000000000e+04
1.142800000000000000e+04
1.169600000000000000e+04
1.200400000000000000e+04
1.227100000000000000e+04
1.256600000000000000e+04
1.284000000000000000e+04
1.315600000000000000e+04
1.344800000000000000e+04
1.376100000000000000e+04
1.407100000000000000e+04
1.439800000000000000e+04
1.473400000000000000e+04
1.503800000000000000e+04
1.533800000000000000e+04
1.566100000000000000e+04
1.599900000000000000e+04
1.632900000000000000e+04
1.663700000000000000e+04
1.694700000000000000e+04
1.728200000000000000e+04
1.761100000000000000e+04
1.794500000000000000e+04
1.830700000000000000e+04
1.867000000000000000e+04
1.902800000000000000e+04
1.936500000000000000e+04
1.972100000000000000e+04
2.005200000000000000e+04
2.041400000000000000e+04
2.079700000000000000e+04
2.115900000000000000e+04
2.155000000000000000e+04
2.195100000000000000e+04
2.233400000000000000e+04
2.270300000000000000e+04
2.310700000000000000e+04
2.350800000000000000e+04
2.391000000000000000e+04
2.429900000000000000e+04
2.470700000000000000e+04
2.512100000000000000e+04
2.556100000000000000e+04
2.600200000000000000e+04
2.643700000000000000e+04
2.686100000000000000e+04
2.732300000000000000e+04
2.777100000000000000e+04
2.822800000000000000e+04
2.868900000000000000e+04
2.916200000000000000e+04
2.965700000000000000e+04
3.014100000000000000e+04
3.062000000000000000e+04
3.113300000000000000e+04
3.166800000000000000e+04
3.221200000000000000e+04
3.276400000000000000e+04
3.331000000000000000e+04
3.383900000000000000e+04
3.442600000000000000e+04
3.498400000000000000e+04
3.556700000000000000e+04
3.616000000000000000e+04
3.675200000000000000e+04
3.735100000000000000e+04
3.796200000000000000e+04
3.858500000000000000e+04
3.922700000000000000e+04
3.985300000000000000e+04
4.048500000000000000e+04
4.111400000000000000e+04
4.176800000000000000e+04
4.245200000000000000e+04
4.313400000000000000e+04
4.382900000000000000e+04
4.452800000000000000e+04
4.524000000000000000e+04
4.595200000000000000e+04
4.663000000000000000e+04
4.735100000000000000e+04
4.805900000000000000e+04
4.879700000000000000e+04
4.952100000000000000e+04
5.028300000000000000e+04
5.105600000000000000e+04
5.183600000000000000e+04
5.264100000000000000e+04
5.341900000000000000e+04
5.421900000000000000e+04
5.502000000000000000e+04
5.581400000000000000e+04
5.662700000000000000e+04
5.745000000000000000e+04
5.826700000000000000e+04
5.908900000000000000e+04
5.991700000000000000e+04
6.075900000000000000e+04
6.160500000000000000e+04
6.245000000000000000e+04
6.330500000000000000e+04
6.417500000000000000e+04
6.502500000000000000e+04
6.590000000000000000e+04
6.679000000000000000e+04
6.766900000000000000e+04
6.853200000000000000e+04
6.942200000000000000e+04
7.032000000000000000e+04
7.121100000000000000e+04
7.209800000000000000e+04
7.298600000000000000e+04
7.388500000000000000e+04
7.478500000000000000e+04
7.570100000000000000e+04
7.659500000000000000e+04
7.750100000000000000e+04
7.842100000000000000e+04
7.934400000000000000e+04
8.026800000000000000e+04
8.119100000000000000e+04
8.211200000000000000e+04
8.304000000000000000e+04
