0.000000000000000000e+00
0.000000000000000000e+00
0.000000000000000000e+00
1.300000000000000000e+01
3.800000000000000000e+01
8.000000000000000000e+01
1.420000000000000000e+02
2.140000000000000000e+02
2.970000000000000000e+02
3.880000000000000000e+02
4.910000000000000000e+02
5.950000000000000000e+02
6.830000000000000000e+02
7.840000000000000000e+02
8.730000000000000000e+02
9.620000000000000000e+02
1.038000000000000000e+03
1.113000000000000000e+03
1.198000000000000000e+03
1.283000000000000000e+03
1.370000000000000000e+03
1.457000000000000000e+03
1.542000000000000000e+03
1.645000000000000000e+03
1.739000000000000000e+03
1.831000000000000000e+03
1.926000000000000000e+03
2.009000000000000000e+03
2.105000000000000000e+03
2.199000000000000000e+03
2.303000000000000000e+03
2.398000000000000000e+03
2.493000000000000000e+03
2.620000000000000000e+03
2.740000000000000000e+03
2.872000000000000000e+03
2.999000000000000000e+03
3.098000000000000000e+03
3.210000000000000000e+03
3.307000000000000000e+03
3.405000000000000000e+03
3.508000000000000000e+03
3.628000000000000000e+03
3.751000000000000000e+03
3.894000000000000000e+03
4.031000000000000000e+03
4.180000000000000000e+03
4.354000000000000000e+03
4.516000000000000000e+03
4.693000000000000000e+03
4.865000000000000000e+03
5.045000000000000000e+03
5.236000000000000000e+03
5.435000000000000000e+03
5.628000000000000000e+03
5.827000000000000000e+03
6.019000000000000000e+03
6.218000000000000000e+03
6.413000000000000000e+03
6.608000000000000000e+03
6.812000000000000000e+03
7.044000000000000000e+03
7.278000000000000000e+03
7.516000000000000000e+03
7.749000000000000000e+03
7.999000000000000000e+03
8.218000000000000000e+03
8.482000000000000000e+03
8.693000000000000000e+03
8.976000000000000000e+03
9.215000000000000000e+03
9.520000000000000000e+03
9.782000000000000000e+03
1.007500000000000000e+04
1.034200000000000000e+04
1.067000000000000000e+04
1.095900000000000000e+04
1.127400000000000000e+04
1.158100000000000000e+04
1.191500000000000000e+04
1.223000000000000000e+04
1.256200000000000000e+04
1.289400000000000000e+04
1.322200000000000000e+04
1.355300000000000000e+04
1.387200000000000000e+04
1.419800000000000000e+04
1.452800000000000000e+04
1.484700000000000000e+04
1.516000000000000000e+04
1.552000000000000000e+04
1.588300000000000000e+04
1.622900000000000000e+04
1.657100000000000000e+04
1.692000000000000000e+04
1.727900000000000000e+04
1.764000000000000000e+04
1.801100000000000000e+04
1.840700000000000000e+04
1.878200000000000000e+04
1.915100000000000000e+04
1.954100000000000000e+04
1.992100000000000000e+04
2.031300000000000000e+04
2.071000000000000000e+04
2.109500000000000000e+04
2.149900000000000000e+04
2.191700000000000000e+04
2.232000000000000000e+04
2.275000000000000000e+04
2.319500000000000000e+04
2.364700000000000000e+04
2.409800000000000000e+04
2.455700000000000000e+04
2.504000000000000000e+04
2.552200000000000000e+04
2.600500000000000000e+04
2.649200000000000000e+04
2.699400000000000000e+04
2.751400000000000000e+04
2.800700000000000000e+04
2.853100000000000000e+04
2.905100000000000000e+04
2.958600000000000000e+04
3.010500000000000000e+04
3.063900000000000000e+04
3.118500000000000000e+04
3.176200000000000000e+04
3.232700000000000000e+04
3.288600000000000000e+04
3.348900000000000000e+04
3.409600000000000000e+04
3.468300000000000000e+04
3.531000000000000000e+04
3.592900000000000000e+04
3.652100000000000000e+04
3.717600000000000000e+04
3.782100000000000000e+04
3.845800000000000000e+04
3.911300000000000000e+04
3.980400000000000000e+04
4.048300000000000000e+04
4.117900000000000000e+04
4.186100000000000000e+04
4.258400000000000000e+04
4.332900000000000000e+04
4.403300000000000000e+04
4.473800000000000000e+04
4.550300000000000000e+04
4.623500000000000000e+04
4.699800000000000000e+04
4.774900000000000000e+04
4.852400000000000000e+04
4.930100000000000000e+04
5.007000000000000000e+04
5.084300000000000000e+04
5.165400000000000000e+04
5.244800000000000000e+04
5.325200000000000000e+04
5.407700000000000000e+04
5.490900000000000000e+04
5.575700000000000000e+04
5.661900000000000000e+04
5.746700000000000000e+04
5.830800000000000000e+04
5.916100000000000000e+04
6.000800000000000000e+04
6.084500000000000000e+04
6.171200000000000000e+04
6.260700000000000000e+04
6.348300000000000000e+04
6.435900000000000000e+04
6.524700000000000000e+04
6.612300000000000000e+04
6.703500000000000000e+04
6.794500000000000000e+04
6.884500000000000000e+04
6.975000000000000000e+04
7.068200000000000000e+04
7.158600000000000000e+04
7.250400000000000000e+04
7.342300000000000000e+04
7.434400000000000000e+04
7.526100000000000000e+04
7.619000000000000000e+04
7.712100000000000000e+04
7.804400000000000000e+04
7.898100000000000000e+04
7.992100000000000000e+04
8.085500000000000000e+04
8.178000000000000000e+04
8.270600000000000000e+04
8.363800000000000000e+04
8.456300000000000000e+04
8.550500000000000000e+04
8.645800000000000000e+04
8.738700000000000000e+04
8.831200000000000000e+04
8.924900000000000000e+04
9.018600000000000000e+04
