0.000000000000000000e+00
0.000000000000000000e+00
0.000000000000000000e+00
1.000000000000000000e+01
3.600000000000000000e+01
9.000000000000000000e+01
1.510000000000000000e+02
2.520000000000000000e+02
3.540000000000000000e+02
4.580000000000000000e+02
5.610000000000000000e+02
6.620000000000000000e+02
7.560000000000000000e+02
8.530000000000000000e+02
9.340000000000000000e+02
1.035000000000000000e+03
1.109000000000000000e+03
1.223000000000000000e+03
1.316000000000000000e+03
1.442000000000000000e+03
1.547000000000000000e+03
1.672000000000000000e+03
1.771000000000000000e+03
1.887000000000000000e+03
1.985000000000000000e+03
2.090000000000000000e+03
2.190000000000000000e+03
2.287000000000000000e+03
2.375000000000000000e+03
2.483000000000000000e+03
2.582000000000000000e+03
2.717000000000000000e+03
2.860000000000000000e+03
3.012000000000000000e+03
3.160000000000000000e+03
3.312000000000000000e+03
3.467000000000000000e+03
3.639000000000000000e+03
3.826000000000000000e+03
3.985000000000000000e+03
4.160000000000000000e+03
4.326000000000000000e+03
4.526000000000000000e+03
4.709000000000000000e+03
4.918000000000000000e+03
5.097000000000000000e+03
5.323000000000000000e+03
5.520000000000000000e+03
5.741000000000000000e+03
5.923000000000000000e+03
6.146000000000000000e+03
6.323000000000000000e+03
6.504000000000000000e+03
6.712000000000000000e+03
6.932000000000000000e+03
7.142000000000000000e+03
7.356000000000000000e+03
7.572000000000000000e+03
7.799000000000000000e+03
8.013000000000000000e+03
8.248000000000000000e+03
8.454000000000000000e+03
8.685000000000000000e+03
8.940000000000000000e+03
9.154000000000000000e+03
9.425000000000000000e+03
9.643000000000000000e+03
9.896000000000000000e+03
1.011300000000000000e+04
1.035100000000000000e+04
1.058600000000000000e+04
1.082700000000000000e+04
1.104700000000000000e+04
1.127600000000000000e+04
1.150900000000000000e+04
1.174500000000000000e+04
1.201200000000000000e+04
1.226600000000000000e+04
1.255500000000000000e+04
1.285100000000000000e+04
1.313700000000000000e+04
1.344100000000000000e+04
1.373500000000000000e+04
1.408300000000000000e+04
1.442900000000000000e+04
1.473900000000000000e+04
1.508200000000000000e+04
1.542000000000000000e+04
1.578100000000000000e+04
1.612500000000000000e+04
1.643400000000000000e+04
1.679200000000000000e+04
1.715100000000000000e+04
1.750800000000000000e+04
1.785400000000000000e+04
1.821600000000000000e+04
1.858500000000000000e+04
1.892900000000000000e+04
1.930200000000000000e+04
1.971400000000000000e+04
2.010000000000000000e+04
2.047500000000000000e+04
2.085100000000000000e+04
2.122600000000000000e+04
2.163000000000000000e+04
2.202100000000000000e+04
2.243600000000000000e+04
2.286900000000000000e+04
2.328100000000000000e+04
2.371300000000000000e+04
2.414600000000000000e+04
2.459800000000000000e+04
2.507200000000000000e+04
2.555100000000000000e+04
2.603400000000000000e+04
2.648000000000000000e+04
2.694600000000000000e+04
2.741900000000000000e+04
2.790500000000000000e+04
2.838100000000000000e+04
2.886300000000000000e+04
2.938500000000000000e+04
2.991200000000000000e+04
3.043500000000000000e+04
3.095500000000000000e+04
3.148900000000000000e+04
3.204000000000000000e+04
3.258900000000000000e+04
3.311900000000000000e+04
3.369100000000000000e+04
3.426200000000000000e+04
3.484600000000000000e+04
3.547000000000000000e+04
3.603600000000000000e+04
3.666900000000000000e+04
3.727200000000000000e+04
3.790700000000000000e+04
3.853500000000000000e+04
3.917300000000000000e+04
3.984000000000000000e+04
4.051900000000000000e+04
4.122200000000000000e+04
4.192000000000000000e+04
4.261100000000000000e+04
4.334100000000000000e+04
4.405200000000000000e+04
4.477400000000000000e+04
4.552100000000000000e+04
4.626700000000000000e+04
4.699000000000000000e+04
4.772900000000000000e+04
4.847100000000000000e+04
4.922500000000000000e+04
4.998600000000000000e+04
5.077800000000000000e+04
5.155800000000000000e+04
5.233600000000000000e+04
5.315500000000000000e+04
5.396700000000000000e+04
5.477700000000000000e+04
5.557900000000000000e+04
5.640000000000000000e+04
5.722700000000000000e+04
5.806000000000000000e+04
5.890600000000000000e+04
5.973700000000000000e+04
6.058900000000000000e+04
6.146100000000000000e+04
6.232000000000000000e+04
6.319300000000000000e+04
6.405800000000000000e+04
6.492000000000000000e+04
6.580200000000000000e+04
6.666800000000000000e+04
6.757600000000000000e+04
6.847500000000000000e+04
6.935800000000000000e+04
7.024900000000000000e+04
7.114200000000000000e+04
7.203700000000000000e+04
7.294800000000000000e+04
7.385500000000000000e+04
7.474700000000000000e+04
7.567900000000000000e+04
7.659900000000000000e+04
7.750600000000000000e+04
7.843100000000000000e+04
7.935800000000000000e+04
8.027900000000000000e+04
8.121000000000000000e+04
8.213300000000000000e+04
8.304900000000000000e+04
8.397500000000000000e+04
8.492100000000000000e+04
8.585100000000000000e+04
8.679500000000000000e+04
8.774500000000000000e+04
8.869400000000000000e+04
8.962100000000000000e+04
9.056400000000000000e+04
