0.000000000000000000e+00
0.000000000000000000e+00
0.000000000000000000e+00
9.000000000000000000e+00
3.200000000000000000e+01
7.600000000000000000e+01
1.470000000000000000e+02
2.310000000000000000e+02
3.520000000000000000e+02
4.500000000000000000e+02
5.640000000000000000e+02
6.700000000000000000e+02
7.850000000000000000e+02
8.710000000000000000e+02
9.870000000000000000e+02
1.074000000000000000e+03
1.181000000000000000e+03
1.290000000000000000e+03
1.407000000000000000e+03
1.517000000000000000e+03
1.622000000000000000e+03
1.733000000000000000e+03
1.846000000000000000e+03
1.957000000000000000e+03
2.061000000000000000e+03
2.181000000000000000e+03
2.291000000000000000e+03
2.407000000000000000e+03
2.523000000000000000e+03
2.655000000000000000e+03
2.769000000000000000e+03
2.888000000000000000e+03
3.024000000000000000e+03
3.149000000000000000e+03
3.290000000000000000e+03
3.428000000000000000e+03
3.589000000000000000e+03
3.759000000000000000e+03
3.922000000000000000e+03
4.099000000000000000e+03
4.261000000000000000e+03
4.438000000000000000e+03
4.621000000000000000e+03
4.815000000000000000e+03
5.035000000000000000e+03
5.243000000000000000e+03
5.450000000000000000e+03
5.653000000000000000e+03
5.881000000000000000e+03
6.096000000000000000e+03
6.335000000000000000e+03
6.573000000000000000e+03
6.801000000000000000e+03
7.023000000000000000e+03
7.246000000000000000e+03
7.489000000000000000e+03
7.709000000000000000e+03
7.940000000000000000e+03
8.194000000000000000e+03
8.427000000000000000e+03
8.703000000000000000e+03
8.946000000000000000e+03
9.206000000000000000e+03
9.509000000000000000e+03
9.764000000000000000e+03
1.005000000000000000e+04
1.034300000000000000e+04
1.065600000000000000e+04
1.096000000000000000e+04
1.127200000000000000e+04
1.159000000000000000e+04
1.192200000000000000e+04
1.224400000000000000e+04
1.255900000000000000e+04
1.287700000000000000e+04
1.321100000000000000e+04
1.349300000000000000e+04
1.382000000000000000e+04
1.416200000000000000e+04
1.449100000000000000e+04
1.483700000000000000e+04
1.515300000000000000e+04
1.548200000000000000e+04
1.581800000000000000e+04
1.615600000000000000e+04
1.652400000000000000e+04
1.687100000000000000e+04
1.723200000000000000e+04
1.759800000000000000e+04
1.796900000000000000e+04
1.834400000000000000e+04
1.871500000000000000e+04
1.908500000000000000e+04
1.948500000000000000e+04
1.987900000000000000e+04
2.026300000000000000e+04
2.063600000000000000e+04
2.104300000000000000e+04
2.143500000000000000e+04
2.186100000000000000e+04
2.230000000000000000e+04
2.275700000000000000e+04
2.320900000000000000e+04
2.365700000000000000e+04
2.410200000000000000e+04
2.455800000000000000e+04
2.502000000000000000e+04
2.549100000000000000e+04
2.596900000000000000e+04
2.642900000000000000e+04
2.690300000000000000e+04
2.736800000000000000e+04
2.788400000000000000e+04
2.838400000000000000e+04
2.893300000000000000e+04
2.946700000000000000e+04
2.999900000000000000e+04
3.053900000000000000e+04
3.107300000000000000e+04
3.161200000000000000e+04
3.217900000000000000e+04
3.274100000000000000e+04
3.333400000000000000e+04
3.390400000000000000e+04
3.450600000000000000e+04
3.510300000000000000e+04
3.575100000000000000e+04
3.636300000000000000e+04
3.699600000000000000e+04
3.764100000000000000e+04
3.827200000000000000e+04
3.891400000000000000e+04
3.958700000000000000e+04
4.026200000000000000e+04
4.093600000000000000e+04
4.165700000000000000e+04
4.237200000000000000e+04
4.306900000000000000e+04
4.378300000000000000e+04
4.450300000000000000e+04
4.525200000000000000e+04
4.598800000000000000e+04
4.671100000000000000e+04
4.747800000000000000e+04
4.824700000000000000e+04
4.903600000000000000e+04
4.981100000000000000e+04
5.057600000000000000e+04
5.136300000000000000e+04
5.218200000000000000e+04
5.299000000000000000e+04
5.380800000000000000e+04
5.463500000000000000e+04
5.545700000000000000e+04
5.630000000000000000e+04
5.713900000000000000e+04
5.798100000000000000e+04
5.882800000000000000e+04
5.970300000000000000e+04
6.056100000000000000e+04
6.141400000000000000e+04
6.228200000000000000e+04
6.316500000000000000e+04
6.403200000000000000e+04
6.492500000000000000e+04
6.582000000000000000e+04
6.672000000000000000e+04
6.760800000000000000e+04
6.852900000000000000e+04
6.942000000000000000e+04
7.032400000000000000e+04
7.122700000000000000e+04
7.214900000000000000e+04
7.305200000000000000e+04
7.396400000000000000e+04
7.489000000000000000e+04
7.582200000000000000e+04
7.673900000000000000e+04
7.764700000000000000e+04
7.857900000000000000e+04
7.951800000000000000e+04
8.046600000000000000e+04
8.139600000000000000e+04
8.233100000000000000e+04
8.326500000000000000e+04
8.420000000000000000e+04
8.513400000000000000e+04
8.607300000000000000e+04
8.702000000000000000e+04
8.796100000000000000e+04
8.889700000000000000e+04
8.983800000000000000e+04
9.076700000000000000e+04
9.171700000000000000e+04
9.267500000000000000e+04
9.362500000000000000e+04
9.455000000000000000e+04
9.550200000000000000e+04
9.645700000000000000e+04
9.742100000000000000e+04
