0.000000000000000000e+00
0.000000000000000000e+00
0.000000000000000000e+00
1.500000000000000000e+01
4.500000000000000000e+01
9.000000000000000000e+01
1.550000000000000000e+02
2.310000000000000000e+02
3.200000000000000000e+02
4.130000000000000000e+02
4.970000000000000000e+02
5.820000000000000000e+02
6.680000000000000000e+02
7.660000000000000000e+02
8.490000000000000000e+02
9.630000000000000000e+02
1.042000000000000000e+03
1.147000000000000000e+03
1.247000000000000000e+03
1.328000000000000000e+03
1.423000000000000000e+03
1.516000000000000000e+03
1.637000000000000000e+03
1.780000000000000000e+03
1.910000000000000000e+03
2.043000000000000000e+03
2.177000000000000000e+03
2.312000000000000000e+03
2.430000000000000000e+03
2.565000000000000000e+03
2.695000000000000000e+03
2.836000000000000000e+03
2.995000000000000000e+03
3.143000000000000000e+03
3.308000000000000000e+03
3.476000000000000000e+03
3.647000000000000000e+03
3.814000000000000000e+03
3.967000000000000000e+03
4.114000000000000000e+03
4.275000000000000000e+03
4.440000000000000000e+03
4.592000000000000000e+03
4.772000000000000000e+03
4.966000000000000000e+03
5.161000000000000000e+03
5.362000000000000000e+03
5.579000000000000000e+03
5.759000000000000000e+03
5.949000000000000000e+03
6.136000000000000000e+03
6.338000000000000000e+03
6.552000000000000000e+03
6.759000000000000000e+03
6.967000000000000000e+03
7.195000000000000000e+03
7.415000000000000000e+03
7.619000000000000000e+03
7.860000000000000000e+03
8.078000000000000000e+03
8.318000000000000000e+03
8.537000000000000000e+03
8.725000000000000000e+03
8.924000000000000000e+03
9.118000000000000000e+03
9.330000000000000000e+03
9.554000000000000000e+03
9.771000000000000000e+03
9.996000000000000000e+03
1.023400000000000000e+04
1.046000000000000000e+04
1.071600000000000000e+04
1.096400000000000000e+04
1.120500000000000000e+04
1.145700000000000000e+04
1.171700000000000000e+04
1.201000000000000000e+04
1.229700000000000000e+04
1.257500000000000000e+04
1.287000000000000000e+04
1.317500000000000000e+04
1.348400000000000000e+04
1.376700000000000000e+04
1.406200000000000000e+04
1.435800000000000000e+04
1.469600000000000000e+04
1.501300000000000000e+04
1.530700000000000000e+04
1.561400000000000000e+04
1.591100000000000000e+04
1.622800000000000000e+04
1.656100000000000000e+04
1.685500000000000000e+04
1.718000000000000000e+04
1.751300000000000000e+04
1.784000000000000000e+04
1.816900000000000000e+04
1.850600000000000000e+04
1.882800000000000000e+04
1.916200000000000000e+04
1.951300000000000000e+04
1.986800000000000000e+04
2.022500000000000000e+04
2.055800000000000000e+04
2.090200000000000000e+04
2.124500000000000000e+04
2.160100000000000000e+04
2.194400000000000000e+04
2.230500000000000000e+04
2.266300000000000000e+04
2.303600000000000000e+04
2.341100000000000000e+04
2.376000000000000000e+04
2.413500000000000000e+04
2.450400000000000000e+04
2.489000000000000000e+04
2.526700000000000000e+04
2.565700000000000000e+04
2.604500000000000000e+04
2.642800000000000000e+04
2.685600000000000000e+04
2.729200000000000000e+04
2.772600000000000000e+04
2.814400000000000000e+04
2.861600000000000000e+04
2.905900000000000000e+04
2.953000000000000000e+04
2.999900000000000000e+04
3.046800000000000000e+04
3.095400000000000000e+04
3.146100000000000000e+04
3.192700000000000000e+04
3.242100000000000000e+04
3.292500000000000000e+04
3.347800000000000000e+04
3.400100000000000000e+04
3.454300000000000000e+04
3.509200000000000000e+04
3.563500000000000000e+04
3.621100000000000000e+04
3.676400000000000000e+04
3.736000000000000000e+04
3.794800000000000000e+04
3.851000000000000000e+04
3.910900000000000000e+04
3.972800000000000000e+04
4.036300000000000000e+04
4.098700000000000000e+04
4.162800000000000000e+04
4.226000000000000000e+04
4.291100000000000000e+04
4.358000000000000000e+04
4.424400000000000000e+04
4.490600000000000000e+04
4.558400000000000000e+04
4.630200000000000000e+04
4.702000000000000000e+04
4.773800000000000000e+04
4.846600000000000000e+04
4.920900000000000000e+04
4.995900000000000000e+04
5.069900000000000000e+04
5.143400000000000000e+04
5.221500000000000000e+04
5.298000000000000000e+04
5.375700000000000000e+04
5.455200000000000000e+04
5.530800000000000000e+04
5.610000000000000000e+04
5.689600000000000000e+04
5.770300000000000000e+04
5.851900000000000000e+04
5.935700000000000000e+04
6.018900000000000000e+04
6.103700000000000000e+04
6.186900000000000000e+04
6.269800000000000000e+04
6.356900000000000000e+04
6.440100000000000000e+04
6.528000000000000000e+04
6.615300000000000000e+04
6.702300000000000000e+04
6.790900000000000000e+04
6.878500000000000000e+04
6.965500000000000000e+04
7.055800000000000000e+04
7.145000000000000000e+04
7.235000000000000000e+04
7.323400000000000000e+04
7.414900000000000000e+04
7.505900000000000000e+04
7.598100000000000000e+04
7.689800000000000000e+04
7.780600000000000000e+04
7.873500000000000000e+04
7.966300000000000000e+04
8.057800000000000000e+04
8.149100000000000000e+04
8.242500000000000000e+04
8.334500000000000000e+04
