0.000000000000000000e+00
0.000000000000000000e+00
0.000000000000000000e+00
7.000000000000000000e+00
2.800000000000000000e+01
5.800000000000000000e+01
1.340000000000000000e+02
1.920000000000000000e+02
2.880000000000000000e+02
3.710000000000000000e+02
4.790000000000000000e+02
5.710000000000000000e+02
6.650000000000000000e+02
7.610000000000000000e+02
8.440000000000000000e+02
9.350000000000000000e+02
1.017000000000000000e+03
1.110000000000000000e+03
1.196000000000000000e+03
1.287000000000000000e+03
1.372000000000000000e+03
1.462000000000000000e+03
1.545000000000000000e+03
1.645000000000000000e+03
1.731000000000000000e+03
1.834000000000000000e+03
1.922000000000000000e+03
2.017000000000000000e+03
2.117000000000000000e+03
2.212000000000000000e+03
2.320000000000000000e+03
2.428000000000000000e+03
2.522000000000000000e+03
2.643000000000000000e+03
2.724000000000000000e+03
2.818000000000000000e+03
2.905000000000000000e+03
2.986000000000000000e+03
3.080000000000000000e+03
3.200000000000000000e+03
3.290000000000000000e+03
3.397000000000000000e+03
3.518000000000000000e+03
3.649000000000000000e+03
3.788000000000000000e+03
3.940000000000000000e+03
4.076000000000000000e+03
4.200000000000000000e+03
4.357000000000000000e+03
4.497000000000000000e+03
4.653000000000000000e+03
4.836000000000000000e+03
5.005000000000000000e+03
5.207000000000000000e+03
5.380000000000000000e+03
5.562000000000000000e+03
5.746000000000000000e+03
5.944000000000000000e+03
6.100000000000000000e+03
6.273000000000000000e+03
6.450000000000000000e+03
6.648000000000000000e+03
6.870000000000000000e+03
7.080000000000000000e+03
7.326000000000000000e+03
7.525000000000000000e+03
7.771000000000000000e+03
7.970000000000000000e+03
8.216000000000000000e+03
8.403000000000000000e+03
8.639000000000000000e+03
8.842000000000000000e+03
9.085000000000000000e+03
9.330000000000000000e+03
9.569000000000000000e+03
9.815000000000000000e+03
1.007800000000000000e+04
1.035900000000000000e+04
1.062900000000000000e+04
1.093400000000000000e+04
1.121400000000000000e+04
1.151600000000000000e+04
1.181200000000000000e+04
1.209900000000000000e+04
1.242200000000000000e+04
1.272700000000000000e+04
1.305000000000000000e+04
1.337300000000000000e+04
1.367200000000000000e+04
1.399500000000000000e+04
1.431400000000000000e+04
1.460200000000000000e+04
1.489300000000000000e+04
1.517600000000000000e+04
1.552800000000000000e+04
1.584800000000000000e+04
1.614000000000000000e+04
1.646500000000000000e+04
1.680100000000000000e+04
1.715300000000000000e+04
1.746500000000000000e+04
1.780100000000000000e+04
1.812300000000000000e+04
1.847400000000000000e+04
1.880900000000000000e+04
1.916700000000000000e+04
1.951200000000000000e+04
1.986300000000000000e+04
2.019300000000000000e+04
2.052700000000000000e+04
2.089000000000000000e+04
2.122600000000000000e+04
2.160100000000000000e+04
2.198600000000000000e+04
2.234900000000000000e+04
2.272200000000000000e+04
2.309400000000000000e+04
2.348100000000000000e+04
2.386200000000000000e+04
2.427200000000000000e+04
2.466700000000000000e+04
2.505500000000000000e+04
2.545900000000000000e+04
2.586500000000000000e+04
2.628700000000000000e+04
2.674100000000000000e+04
2.720600000000000000e+04
2.768200000000000000e+04
2.815800000000000000e+04
2.862800000000000000e+04
2.911400000000000000e+04
2.958900000000000000e+04
3.007500000000000000e+04
3.055700000000000000e+04
3.110000000000000000e+04
3.162300000000000000e+04
3.213600000000000000e+04
3.263900000000000000e+04
3.317800000000000000e+04
3.371400000000000000e+04
3.423600000000000000e+04
3.478400000000000000e+04
3.535200000000000000e+04
3.594500000000000000e+04
3.653100000000000000e+04
3.711900000000000000e+04
3.772400000000000000e+04
3.831900000000000000e+04
3.890200000000000000e+04
3.952600000000000000e+04
4.014200000000000000e+04
4.077700000000000000e+04
4.141800000000000000e+04
4.206000000000000000e+04
4.273000000000000000e+04
4.336700000000000000e+04
4.404700000000000000e+04
4.473000000000000000e+04
4.542600000000000000e+04
4.613900000000000000e+04
4.686100000000000000e+04
4.759400000000000000e+04
4.831700000000000000e+04
4.906500000000000000e+04
4.981100000000000000e+04
5.056300000000000000e+04
5.130200000000000000e+04
5.207000000000000000e+04
5.283600000000000000e+04
5.361900000000000000e+04
5.442500000000000000e+04
5.522700000000000000e+04
5.602000000000000000e+04
5.685500000000000000e+04
5.766400000000000000e+04
5.848100000000000000e+04
5.931300000000000000e+04
6.015700000000000000e+04
6.100800000000000000e+04
6.185000000000000000e+04
6.268800000000000000e+04
6.353800000000000000e+04
6.438200000000000000e+04
6.526000000000000000e+04
6.611500000000000000e+04
6.698400000000000000e+04
6.785100000000000000e+04
6.871500000000000000e+04
6.961000000000000000e+04
7.050300000000000000e+04
7.139700000000000000e+04
7.229100000000000000e+04
7.319600000000000000e+04
7.409200000000000000e+04
7.499900000000000000e+04
7.590000000000000000e+04
7.681600000000000000e+04
7.773900000000000000e+04
7.865500000000000000e+04
7.958200000000000000e+04
