0.000000000000000000e+00
0.000000000000000000e+00
0.000000000000000000e+00
7.000000000000000000e+00
2.700000000000000000e+01
7.600000000000000000e+01
1.300000000000000000e+02
2.070000000000000000e+02
2.920000000000000000e+02
3.990000000000000000e+02
5.020000000000000000e+02
6.030000000000000000e+02
7.120000000000000000e+02
8.120000000000000000e+02
9.300000000000000000e+02
1.040000000000000000e+03
1.159000000000000000e+03
1.284000000000000000e+03
1.394000000000000000e+03
1.503000000000000000e+03
1.630000000000000000e+03
1.762000000000000000e+03
1.900000000000000000e+03
2.055000000000000000e+03
2.197000000000000000e+03
2.340000000000000000e+03
2.494000000000000000e+03
2.634000000000000000e+03
2.782000000000000000e+03
2.932000000000000000e+03
3.093000000000000000e+03
3.263000000000000000e+03
3.417000000000000000e+03
3.579000000000000000e+03
3.747000000000000000e+03
3.932000000000000000e+03
4.110000000000000000e+03
4.314000000000000000e+03
4.528000000000000000e+03
4.761000000000000000e+03
4.998000000000000000e+03
5.237000000000000000e+03
5.483000000000000000e+03
5.694000000000000000e+03
5.931000000000000000e+03
6.167000000000000000e+03
6.408000000000000000e+03
6.663000000000000000e+03
6.933000000000000000e+03
7.210000000000000000e+03
7.490000000000000000e+03
7.768000000000000000e+03
8.025000000000000000e+03
8.321000000000000000e+03
8.608000000000000000e+03
8.918000000000000000e+03
9.214000000000000000e+03
9.527000000000000000e+03
9.857000000000000000e+03
1.019500000000000000e+04
1.051900000000000000e+04
1.084700000000000000e+04
1.116500000000000000e+04
1.148800000000000000e+04
1.181200000000000000e+04
1.215700000000000000e+04
1.245900000000000000e+04
1.279500000000000000e+04
1.314400000000000000e+04
1.351700000000000000e+04
1.388100000000000000e+04
1.420400000000000000e+04
1.455200000000000000e+04
1.489500000000000000e+04
1.526700000000000000e+04
1.561900000000000000e+04
1.598500000000000000e+04
1.633700000000000000e+04
1.670900000000000000e+04
1.708900000000000000e+04
1.745000000000000000e+04
1.785500000000000000e+04
1.825800000000000000e+04
1.869500000000000000e+04
1.909200000000000000e+04
1.949300000000000000e+04
1.989500000000000000e+04
2.034100000000000000e+04
2.076500000000000000e+04
2.121300000000000000e+04
2.164700000000000000e+04
2.211400000000000000e+04
2.257800000000000000e+04
2.303100000000000000e+04
2.346700000000000000e+04
2.394500000000000000e+04
2.441100000000000000e+04
2.487300000000000000e+04
2.537400000000000000e+04
2.587700000000000000e+04
2.640200000000000000e+04
2.693300000000000000e+04
2.748200000000000000e+04
2.803300000000000000e+04
2.858000000000000000e+04
2.916700000000000000e+04
2.970800000000000000e+04
3.027400000000000000e+04
3.083600000000000000e+04
3.143200000000000000e+04
3.207000000000000000e+04
3.266600000000000000e+04
3.326700000000000000e+04
3.388800000000000000e+04
3.452000000000000000e+04
3.514300000000000000e+04
3.579900000000000000e+04
3.646200000000000000e+04
3.711900000000000000e+04
3.780400000000000000e+04
3.847900000000000000e+04
3.916300000000000000e+04
3.988500000000000000e+04
4.059600000000000000e+04
4.132700000000000000e+04
4.203100000000000000e+04
4.277700000000000000e+04
4.350700000000000000e+04
4.426900000000000000e+04
4.503500000000000000e+04
4.582500000000000000e+04
4.660200000000000000e+04
4.739200000000000000e+04
4.818400000000000000e+04
4.899000000000000000e+04
4.979400000000000000e+04
5.059600000000000000e+04
5.137500000000000000e+04
5.220200000000000000e+04
5.301400000000000000e+04
5.383400000000000000e+04
5.465000000000000000e+04
5.549800000000000000e+04
5.635400000000000000e+04
5.720800000000000000e+04
5.805600000000000000e+04
5.892700000000000000e+04
5.979500000000000000e+04
6.066600000000000000e+04
6.152200000000000000e+04
6.240600000000000000e+04
6.329200000000000000e+04
6.419000000000000000e+04
6.507700000000000000e+04
6.596600000000000000e+04
6.687700000000000000e+04
6.778800000000000000e+04
6.870200000000000000e+04
6.962700000000000000e+04
7.054700000000000000e+04
7.147000000000000000e+04
7.238100000000000000e+04
7.329500000000000000e+04
7.421300000000000000e+04
7.514200000000000000e+04
7.604900000000000000e+04
7.698600000000000000e+04
7.793200000000000000e+04
7.886500000000000000e+04
7.979500000000000000e+04
8.071500000000000000e+04
8.165700000000000000e+04
8.259100000000000000e+04
8.352700000000000000e+04
8.446400000000000000e+04
8.538400000000000000e+04
8.631500000000000000e+04
8.726300000000000000e+04
8.820000000000000000e+04
8.914600000000000000e+04
9.009800000000000000e+04
9.105000000000000000e+04
9.198900000000000000e+04
9.293100000000000000e+04
9.389100000000000000e+04
9.482100000000000000e+04
9.578000000000000000e+04
9.673100000000000000e+04
9.768000000000000000e+04
9.862800000000000000e+04
9.956700000000000000e+04
1.005170000000000000e+05
1.014670000000000000e+05
1.024100000000000000e+05
1.033540000000000000e+05
1.042940000000000000e+05
1.052460000000000000e+05
1.061900000000000000e+05
1.071400000000000000e+05
1.080850000000000000e+05
