0.000000000000000000e+00
0.000000000000000000e+00
0.000000000000000000e+00
1.100000000000000000e+01
4.600000000000000000e+01
8.800000000000000000e+01
1.660000000000000000e+02
2.200000000000000000e+02
2.870000000000000000e+02
3.610000000000000000e+02
4.450000000000000000e+02
5.320000000000000000e+02
6.080000000000000000e+02
6.940000000000000000e+02
7.680000000000000000e+02
8.440000000000000000e+02
9.350000000000000000e+02
1.024000000000000000e+03
1.132000000000000000e+03
1.235000000000000000e+03
1.328000000000000000e+03
1.416000000000000000e+03
1.505000000000000000e+03
1.593000000000000000e+03
1.699000000000000000e+03
1.793000000000000000e+03
1.885000000000000000e+03
1.993000000000000000e+03
2.107000000000000000e+03
2.241000000000000000e+03
2.366000000000000000e+03
2.471000000000000000e+03
2.602000000000000000e+03
2.711000000000000000e+03
2.818000000000000000e+03
2.924000000000000000e+03
3.045000000000000000e+03
3.153000000000000000e+03
3.279000000000000000e+03
3.389000000000000000e+03
3.518000000000000000e+03
3.651000000000000000e+03
3.792000000000000000e+03
3.937000000000000000e+03
4.075000000000000000e+03
4.253000000000000000e+03
4.404000000000000000e+03
4.572000000000000000e+03
4.727000000000000000e+03
4.889000000000000000e+03
5.073000000000000000e+03
5.219000000000000000e+03
5.388000000000000000e+03
5.569000000000000000e+03
5.781000000000000000e+03
6.001000000000000000e+03
6.209000000000000000e+03
6.411000000000000000e+03
6.619000000000000000e+03
6.812000000000000000e+03
6.984000000000000000e+03
7.186000000000000000e+03
7.387000000000000000e+03
7.589000000000000000e+03
7.795000000000000000e+03
7.994000000000000000e+03
8.206000000000000000e+03
8.428000000000000000e+03
8.684000000000000000e+03
8.936000000000000000e+03
9.202000000000000000e+03
9.448000000000000000e+03
9.725000000000000000e+03
9.979000000000000000e+03
1.024100000000000000e+04
1.049900000000000000e+04
1.076000000000000000e+04
1.099600000000000000e+04
1.129100000000000000e+04
1.154100000000000000e+04
1.182600000000000000e+04
1.211800000000000000e+04
1.245900000000000000e+04
1.280100000000000000e+04
1.312500000000000000e+04
1.345500000000000000e+04
1.379600000000000000e+04
1.410000000000000000e+04
1.441900000000000000e+04
1.475200000000000000e+04
1.512100000000000000e+04
1.547000000000000000e+04
1.582000000000000000e+04
1.613500000000000000e+04
1.646000000000000000e+04
1.680000000000000000e+04
1.718900000000000000e+04
1.757000000000000000e+04
1.791000000000000000e+04
1.824500000000000000e+04
1.861400000000000000e+04
1.896800000000000000e+04
1.934400000000000000e+04
1.973200000000000000e+04
2.011400000000000000e+04
2.049800000000000000e+04
2.091200000000000000e+04
2.130800000000000000e+04
2.173100000000000000e+04
2.214400000000000000e+04
2.254700000000000000e+04
2.297900000000000000e+04
2.342200000000000000e+04
2.385800000000000000e+04
2.429000000000000000e+04
2.473700000000000000e+04
2.520800000000000000e+04
2.566200000000000000e+04
2.612300000000000000e+04
2.659700000000000000e+04
2.708300000000000000e+04
2.756900000000000000e+04
2.804200000000000000e+04
2.856600000000000000e+04
2.909600000000000000e+04
2.961100000000000000e+04
3.013800000000000000e+04
3.065400000000000000e+04
3.119700000000000000e+04
3.172800000000000000e+04
3.229800000000000000e+04
3.286000000000000000e+04
3.342200000000000000e+04
3.402600000000000000e+04
3.461800000000000000e+04
3.523000000000000000e+04
3.583800000000000000e+04
3.647600000000000000e+04
3.710600000000000000e+04
3.774200000000000000e+04
3.840400000000000000e+04
3.904700000000000000e+04
3.973000000000000000e+04
4.038100000000000000e+04
4.106400000000000000e+04
4.174700000000000000e+04
4.244500000000000000e+04
4.315500000000000000e+04
4.386500000000000000e+04
4.458700000000000000e+04
4.530000000000000000e+04
4.603900000000000000e+04
4.679200000000000000e+04
4.752200000000000000e+04
4.829500000000000000e+04
4.904800000000000000e+04
4.979200000000000000e+04
5.059600000000000000e+04
5.137100000000000000e+04
5.215800000000000000e+04
5.295900000000000000e+04
5.379000000000000000e+04
5.462000000000000000e+04
5.546000000000000000e+04
5.629400000000000000e+04
5.712200000000000000e+04
5.797400000000000000e+04
5.884000000000000000e+04
5.970000000000000000e+04
6.055700000000000000e+04
6.139800000000000000e+04
6.227700000000000000e+04
6.315500000000000000e+04
6.402400000000000000e+04
6.490700000000000000e+04
6.577900000000000000e+04
6.666500000000000000e+04
6.754900000000000000e+04
6.843900000000000000e+04
6.933900000000000000e+04
7.024300000000000000e+04
7.115200000000000000e+04
7.204900000000000000e+04
7.296000000000000000e+04
7.386800000000000000e+04
7.477500000000000000e+04
7.571100000000000000e+04
7.663000000000000000e+04
7.755500000000000000e+04
7.847900000000000000e+04
7.941200000000000000e+04
8.034100000000000000e+04
8.126800000000000000e+04
8.221200000000000000e+04
8.313700000000000000e+04
8.407700000000000000e+04
8.500200000000000000e+04
8.594700000000000000e+04
8.689700000000000000e+04
8.783500000000000000e+04
