0.000000000000000000e+00
0.000000000000000000e+00
0.000000000000000000e+00
4.000000000000000000e+00
2.800000000000000000e+01
7.800000000000000000e+01
1.300000000000000000e+02
1.970000000000000000e+02
2.640000000000000000e+02
3.530000000000000000e+02
4.350000000000000000e+02
5.180000000000000000e+02
6.110000000000000000e+02
7.130000000000000000e+02
7.830000000000000000e+02
8.670000000000000000e+02
9.470000000000000000e+02
1.038000000000000000e+03
1.115000000000000000e+03
1.211000000000000000e+03
1.291000000000000000e+03
1.382000000000000000e+03
1.477000000000000000e+03
1.581000000000000000e+03
1.672000000000000000e+03
1.791000000000000000e+03
1.896000000000000000e+03
2.007000000000000000e+03
2.116000000000000000e+03
2.220000000000000000e+03
2.335000000000000000e+03
2.429000000000000000e+03
2.531000000000000000e+03
2.633000000000000000e+03
2.737000000000000000e+03
2.836000000000000000e+03
2.944000000000000000e+03
3.056000000000000000e+03
3.180000000000000000e+03
3.306000000000000000e+03
3.454000000000000000e+03
3.565000000000000000e+03
3.719000000000000000e+03
3.847000000000000000e+03
3.964000000000000000e+03
4.088000000000000000e+03
4.198000000000000000e+03
4.329000000000000000e+03
4.452000000000000000e+03
4.584000000000000000e+03
4.698000000000000000e+03
4.822000000000000000e+03
4.944000000000000000e+03
5.086000000000000000e+03
5.258000000000000000e+03
5.399000000000000000e+03
5.598000000000000000e+03
5.741000000000000000e+03
5.937000000000000000e+03
6.073000000000000000e+03
6.253000000000000000e+03
6.400000000000000000e+03
6.558000000000000000e+03
6.706000000000000000e+03
6.850000000000000000e+03
6.993000000000000000e+03
7.123000000000000000e+03
7.287000000000000000e+03
7.462000000000000000e+03
7.613000000000000000e+03
7.793000000000000000e+03
7.933000000000000000e+03
8.123000000000000000e+03
8.297000000000000000e+03
8.472000000000000000e+03
8.638000000000000000e+03
8.819000000000000000e+03
9.011000000000000000e+03
9.183000000000000000e+03
9.388000000000000000e+03
9.574000000000000000e+03
9.784000000000000000e+03
9.999000000000000000e+03
1.020200000000000000e+04
1.039700000000000000e+04
1.061400000000000000e+04
1.084000000000000000e+04
1.105800000000000000e+04
1.130200000000000000e+04
1.154000000000000000e+04
1.178200000000000000e+04
1.203000000000000000e+04
1.228200000000000000e+04
1.253300000000000000e+04
1.278300000000000000e+04
1.305100000000000000e+04
1.332200000000000000e+04
1.361600000000000000e+04
1.389200000000000000e+04
1.420400000000000000e+04
1.450700000000000000e+04
1.485200000000000000e+04
1.516800000000000000e+04
1.546000000000000000e+04
1.579100000000000000e+04
1.615700000000000000e+04
1.644500000000000000e+04
1.676700000000000000e+04
1.713600000000000000e+04
1.748100000000000000e+04
1.780500000000000000e+04
1.815400000000000000e+04
1.852200000000000000e+04
1.886600000000000000e+04
1.920500000000000000e+04
1.957500000000000000e+04
1.994500000000000000e+04
2.035600000000000000e+04
2.075600000000000000e+04
2.113600000000000000e+04
2.151300000000000000e+04
2.191000000000000000e+04
2.228500000000000000e+04
2.271500000000000000e+04
2.310800000000000000e+04
2.353500000000000000e+04
2.393800000000000000e+04
2.435900000000000000e+04
2.481000000000000000e+04
2.526000000000000000e+04
2.571200000000000000e+04
2.617100000000000000e+04
2.663000000000000000e+04
2.710400000000000000e+04
2.754400000000000000e+04
2.799600000000000000e+04
2.847900000000000000e+04
2.897800000000000000e+04
2.945300000000000000e+04
2.997900000000000000e+04
3.049400000000000000e+04
3.101300000000000000e+04
3.153500000000000000e+04
3.206500000000000000e+04
3.263100000000000000e+04
3.319800000000000000e+04
3.377900000000000000e+04
3.435000000000000000e+04
3.495300000000000000e+04
3.551500000000000000e+04
3.609900000000000000e+04
3.671300000000000000e+04
3.734700000000000000e+04
3.797000000000000000e+04
3.858400000000000000e+04
3.919900000000000000e+04
3.986000000000000000e+04
4.049900000000000000e+04
4.116400000000000000e+04
4.181900000000000000e+04
4.251000000000000000e+04
4.316800000000000000e+04
4.385800000000000000e+04
4.456800000000000000e+04
4.527200000000000000e+04
4.598200000000000000e+04
4.670900000000000000e+04
4.743300000000000000e+04
4.816500000000000000e+04
4.891800000000000000e+04
4.966800000000000000e+04
5.041700000000000000e+04
5.118500000000000000e+04
5.197100000000000000e+04
5.276400000000000000e+04
5.356700000000000000e+04
5.437600000000000000e+04
5.518800000000000000e+04
5.598400000000000000e+04
5.680900000000000000e+04
5.761800000000000000e+04
5.845900000000000000e+04
5.930200000000000000e+04
6.015000000000000000e+04
6.100400000000000000e+04
6.187000000000000000e+04
6.274800000000000000e+04
6.363100000000000000e+04
6.449500000000000000e+04
6.538000000000000000e+04
6.625400000000000000e+04
6.713400000000000000e+04
6.802200000000000000e+04
6.893300000000000000e+04
6.982500000000000000e+04
7.073000000000000000e+04
7.164700000000000000e+04
7.254800000000000000e+04
7.345400000000000000e+04
7.436800000000000000e+04
