0.000000000000000000e+00
0.000000000000000000e+00
0.000000000000000000e+00
1.200000000000000000e+01
3.900000000000000000e+01
8.600000000000000000e+01
1.510000000000000000e+02
2.140000000000000000e+02
3.090000000000000000e+02
3.900000000000000000e+02
4.970000000000000000e+02
5.910000000000000000e+02
6.880000000000000000e+02
8.050000000000000000e+02
8.910000000000000000e+02
9.840000000000000000e+02
1.073000000000000000e+03
1.149000000000000000e+03
1.209000000000000000e+03
1.287000000000000000e+03
1.360000000000000000e+03
1.453000000000000000e+03
1.535000000000000000e+03
1.623000000000000000e+03
1.712000000000000000e+03
1.798000000000000000e+03
1.876000000000000000e+03
1.961000000000000000e+03
2.033000000000000000e+03
2.122000000000000000e+03
2.194000000000000000e+03
2.279000000000000000e+03
2.351000000000000000e+03
2.433000000000000000e+03
2.511000000000000000e+03
2.577000000000000000e+03
2.646000000000000000e+03
2.730000000000000000e+03
2.794000000000000000e+03
2.881000000000000000e+03
2.951000000000000000e+03
3.027000000000000000e+03
3.099000000000000000e+03
3.188000000000000000e+03
3.253000000000000000e+03
3.349000000000000000e+03
3.425000000000000000e+03
3.518000000000000000e+03
3.591000000000000000e+03
3.683000000000000000e+03
3.750000000000000000e+03
3.841000000000000000e+03
3.913000000000000000e+03
3.982000000000000000e+03
4.070000000000000000e+03
4.146000000000000000e+03
4.250000000000000000e+03
4.330000000000000000e+03
4.422000000000000000e+03
4.515000000000000000e+03
4.582000000000000000e+03
4.671000000000000000e+03
4.747000000000000000e+03
4.854000000000000000e+03
4.931000000000000000e+03
5.034000000000000000e+03
5.115000000000000000e+03
5.225000000000000000e+03
5.328000000000000000e+03
5.436000000000000000e+03
5.556000000000000000e+03
5.680000000000000000e+03
5.838000000000000000e+03
5.972000000000000000e+03
6.099000000000000000e+03
6.235000000000000000e+03
6.358000000000000000e+03
6.492000000000000000e+03
6.628000000000000000e+03
6.784000000000000000e+03
6.934000000000000000e+03
7.071000000000000000e+03
7.188000000000000000e+03
7.325000000000000000e+03
7.463000000000000000e+03
7.624000000000000000e+03
7.766000000000000000e+03
7.910000000000000000e+03
8.074000000000000000e+03
8.234000000000000000e+03
8.399000000000000000e+03
8.569000000000000000e+03
8.736000000000000000e+03
8.910000000000000000e+03
9.090000000000000000e+03
9.281000000000000000e+03
9.477000000000000000e+03
9.667000000000000000e+03
9.855000000000000000e+03
1.002600000000000000e+04
1.020400000000000000e+04
1.039000000000000000e+04
1.057700000000000000e+04
1.074700000000000000e+04
1.094600000000000000e+04
1.111700000000000000e+04
1.128600000000000000e+04
1.145100000000000000e+04
1.162600000000000000e+04
1.181200000000000000e+04
1.200900000000000000e+04
1.219700000000000000e+04
1.240100000000000000e+04
1.260000000000000000e+04
1.281000000000000000e+04
1.305100000000000000e+04
1.326800000000000000e+04
1.353500000000000000e+04
1.374700000000000000e+04
1.401500000000000000e+04
1.423700000000000000e+04
1.451000000000000000e+04
1.476700000000000000e+04
1.504900000000000000e+04
1.531400000000000000e+04
1.554500000000000000e+04
1.583100000000000000e+04
1.610100000000000000e+04
1.639500000000000000e+04
1.667100000000000000e+04
1.696800000000000000e+04
1.726400000000000000e+04
1.756300000000000000e+04
1.785800000000000000e+04
1.814900000000000000e+04
1.843900000000000000e+04
1.873000000000000000e+04
1.902200000000000000e+04
1.930900000000000000e+04
1.963600000000000000e+04
1.998700000000000000e+04
2.028500000000000000e+04
2.062700000000000000e+04
2.095100000000000000e+04
2.128100000000000000e+04
2.162000000000000000e+04
2.193500000000000000e+04
2.224100000000000000e+04
2.258300000000000000e+04
2.292100000000000000e+04
2.327800000000000000e+04
2.362000000000000000e+04
2.396500000000000000e+04
2.433400000000000000e+04
2.468900000000000000e+04
2.504100000000000000e+04
2.537600000000000000e+04
2.573900000000000000e+04
2.610300000000000000e+04
2.646400000000000000e+04
2.682600000000000000e+04
2.721800000000000000e+04
2.762000000000000000e+04
2.801900000000000000e+04
2.841000000000000000e+04
2.883300000000000000e+04
2.927400000000000000e+04
2.968700000000000000e+04
3.011100000000000000e+04
3.053700000000000000e+04
3.097800000000000000e+04
3.140300000000000000e+04
3.182000000000000000e+04
3.226100000000000000e+04
3.272000000000000000e+04
3.319900000000000000e+04
3.368600000000000000e+04
3.416100000000000000e+04
3.465100000000000000e+04
3.512900000000000000e+04
3.562500000000000000e+04
3.615800000000000000e+04
3.665400000000000000e+04
3.719400000000000000e+04
3.769700000000000000e+04
3.824100000000000000e+04
3.881200000000000000e+04
3.938000000000000000e+04
3.993700000000000000e+04
4.050400000000000000e+04
4.109400000000000000e+04
4.167000000000000000e+04
4.227100000000000000e+04
4.287900000000000000e+04
4.350300000000000000e+04
4.412300000000000000e+04
4.474200000000000000e+04
4.537500000000000000e+04
4.601500000000000000e+04
4.665800000000000000e+04
