0.000000000000000000e+00
0.000000000000000000e+00
0.000000000000000000e+00
1.600000000000000000e+01
3.900000000000000000e+01
1.020000000000000000e+02
1.550000000000000000e+02
2.330000000000000000e+02
3.060000000000000000e+02
3.960000000000000000e+02
4.690000000000000000e+02
5.450000000000000000e+02
6.290000000000000000e+02
7.180000000000000000e+02
8.070000000000000000e+02
8.930000000000000000e+02
9.890000000000000000e+02
1.073000000000000000e+03
1.142000000000000000e+03
1.243000000000000000e+03
1.320000000000000000e+03
1.408000000000000000e+03
1.498000000000000000e+03
1.611000000000000000e+03
1.705000000000000000e+03
1.800000000000000000e+03
1.890000000000000000e+03
1.962000000000000000e+03
2.050000000000000000e+03
2.144000000000000000e+03
2.235000000000000000e+03
2.325000000000000000e+03
2.427000000000000000e+03
2.516000000000000000e+03
2.600000000000000000e+03
2.684000000000000000e+03
2.768000000000000000e+03
2.846000000000000000e+03
2.919000000000000000e+03
3.003000000000000000e+03
3.103000000000000000e+03
3.191000000000000000e+03
3.292000000000000000e+03
3.375000000000000000e+03
3.470000000000000000e+03
3.559000000000000000e+03
3.646000000000000000e+03
3.734000000000000000e+03
3.814000000000000000e+03
3.891000000000000000e+03
3.985000000000000000e+03
4.076000000000000000e+03
4.194000000000000000e+03
4.287000000000000000e+03
4.403000000000000000e+03
4.500000000000000000e+03
4.619000000000000000e+03
4.719000000000000000e+03
4.839000000000000000e+03
4.939000000000000000e+03
5.076000000000000000e+03
5.192000000000000000e+03
5.318000000000000000e+03
5.435000000000000000e+03
5.579000000000000000e+03
5.699000000000000000e+03
5.844000000000000000e+03
5.965000000000000000e+03
6.093000000000000000e+03
6.203000000000000000e+03
6.349000000000000000e+03
6.482000000000000000e+03
6.637000000000000000e+03
6.760000000000000000e+03
6.894000000000000000e+03
7.024000000000000000e+03
7.173000000000000000e+03
7.302000000000000000e+03
7.451000000000000000e+03
7.600000000000000000e+03
7.741000000000000000e+03
7.905000000000000000e+03
8.053000000000000000e+03
8.208000000000000000e+03
8.368000000000000000e+03
8.500000000000000000e+03
8.669000000000000000e+03
8.820000000000000000e+03
8.974000000000000000e+03
9.130000000000000000e+03
9.324000000000000000e+03
9.505000000000000000e+03
9.716000000000000000e+03
9.893000000000000000e+03
1.008800000000000000e+04
1.023900000000000000e+04
1.044100000000000000e+04
1.059500000000000000e+04
1.077900000000000000e+04
1.096500000000000000e+04
1.117900000000000000e+04
1.140900000000000000e+04
1.164800000000000000e+04
1.189600000000000000e+04
1.216000000000000000e+04
1.244700000000000000e+04
1.268900000000000000e+04
1.296900000000000000e+04
1.327800000000000000e+04
1.358900000000000000e+04
1.391300000000000000e+04
1.426100000000000000e+04
1.457600000000000000e+04
1.485600000000000000e+04
1.518300000000000000e+04
1.550300000000000000e+04
1.582900000000000000e+04
1.616600000000000000e+04
1.648700000000000000e+04
1.681000000000000000e+04
1.712600000000000000e+04
1.747700000000000000e+04
1.781200000000000000e+04
1.819100000000000000e+04
1.854100000000000000e+04
1.893200000000000000e+04
1.928200000000000000e+04
1.964000000000000000e+04
1.999200000000000000e+04
2.033600000000000000e+04
2.067700000000000000e+04
2.106700000000000000e+04
2.146200000000000000e+04
2.184300000000000000e+04
2.222000000000000000e+04
2.258200000000000000e+04
2.298600000000000000e+04
2.338600000000000000e+04
2.379500000000000000e+04
2.420000000000000000e+04
2.460100000000000000e+04
2.503800000000000000e+04
2.550200000000000000e+04
2.596400000000000000e+04
2.640000000000000000e+04
2.685300000000000000e+04
2.732900000000000000e+04
2.778600000000000000e+04
2.825900000000000000e+04
2.874800000000000000e+04
2.925100000000000000e+04
2.975300000000000000e+04
3.026300000000000000e+04
3.076300000000000000e+04
3.126500000000000000e+04
3.180700000000000000e+04
3.232500000000000000e+04
3.286900000000000000e+04
3.341400000000000000e+04
3.396300000000000000e+04
3.451500000000000000e+04
3.509400000000000000e+04
3.566600000000000000e+04
3.622600000000000000e+04
3.682900000000000000e+04
3.745100000000000000e+04
3.806100000000000000e+04
3.866300000000000000e+04
3.929000000000000000e+04
3.991200000000000000e+04
4.056000000000000000e+04
4.122400000000000000e+04
4.190000000000000000e+04
4.259700000000000000e+04
4.329500000000000000e+04
4.397800000000000000e+04
4.467600000000000000e+04
4.537500000000000000e+04
4.606800000000000000e+04
4.682800000000000000e+04
4.754300000000000000e+04
4.829400000000000000e+04
4.903200000000000000e+04
4.979100000000000000e+04
5.054200000000000000e+04
5.132300000000000000e+04
5.212300000000000000e+04
5.289700000000000000e+04
5.366900000000000000e+04
5.444400000000000000e+04
5.526400000000000000e+04
5.607000000000000000e+04
5.687800000000000000e+04
5.770500000000000000e+04
5.853700000000000000e+04
5.938000000000000000e+04
6.022700000000000000e+04
6.107400000000000000e+04
6.193500000000000000e+04
6.278600000000000000e+04
