0.000000000000000000e+00
0.000000000000000000e+00
0.000000000000000000e+00
6.000000000000000000e+00
2.800000000000000000e+01
6.300000000000000000e+01
1.140000000000000000e+02
2.060000000000000000e+02
2.980000000000000000e+02
3.930000000000000000e+02
4.980000000000000000e+02
6.050000000000000000e+02
7.170000000000000000e+02
8.380000000000000000e+02
9.320000000000000000e+02
1.048000000000000000e+03
1.153000000000000000e+03
1.248000000000000000e+03
1.361000000000000000e+03
1.468000000000000000e+03
1.584000000000000000e+03
1.686000000000000000e+03
1.806000000000000000e+03
1.928000000000000000e+03
2.039000000000000000e+03
2.152000000000000000e+03
2.261000000000000000e+03
2.387000000000000000e+03
2.483000000000000000e+03
2.603000000000000000e+03
2.747000000000000000e+03
2.877000000000000000e+03
3.038000000000000000e+03
3.193000000000000000e+03
3.358000000000000000e+03
3.521000000000000000e+03
3.662000000000000000e+03
3.820000000000000000e+03
3.974000000000000000e+03
4.125000000000000000e+03
4.289000000000000000e+03
4.462000000000000000e+03
4.631000000000000000e+03
4.789000000000000000e+03
4.985000000000000000e+03
5.153000000000000000e+03
5.365000000000000000e+03
5.550000000000000000e+03
5.757000000000000000e+03
5.970000000000000000e+03
6.175000000000000000e+03
6.386000000000000000e+03
6.608000000000000000e+03
6.832000000000000000e+03
7.076000000000000000e+03
7.296000000000000000e+03
7.572000000000000000e+03
7.827000000000000000e+03
8.090000000000000000e+03
8.370000000000000000e+03
8.677000000000000000e+03
8.958000000000000000e+03
9.228000000000000000e+03
9.507000000000000000e+03
9.766000000000000000e+03
1.004400000000000000e+04
1.037300000000000000e+04
1.067700000000000000e+04
1.099200000000000000e+04
1.133700000000000000e+04
1.168900000000000000e+04
1.200700000000000000e+04
1.231400000000000000e+04
1.261000000000000000e+04
1.293400000000000000e+04
1.327300000000000000e+04
1.360100000000000000e+04
1.391800000000000000e+04
1.426600000000000000e+04
1.462900000000000000e+04
1.497400000000000000e+04
1.532200000000000000e+04
1.565800000000000000e+04
1.601900000000000000e+04
1.637400000000000000e+04
1.670800000000000000e+04
1.706600000000000000e+04
1.743900000000000000e+04
1.779700000000000000e+04
1.816300000000000000e+04
1.854800000000000000e+04
1.894300000000000000e+04
1.934500000000000000e+04
1.973800000000000000e+04
2.013200000000000000e+04
2.053700000000000000e+04
2.090300000000000000e+04
2.129100000000000000e+04
2.172600000000000000e+04
2.215300000000000000e+04
2.258100000000000000e+04
2.301900000000000000e+04
2.350000000000000000e+04
2.395700000000000000e+04
2.440400000000000000e+04
2.486700000000000000e+04
2.531500000000000000e+04
2.578100000000000000e+04
2.624700000000000000e+04
2.671800000000000000e+04
2.722200000000000000e+04
2.772100000000000000e+04
2.825900000000000000e+04
2.879200000000000000e+04
2.929700000000000000e+04
2.982100000000000000e+04
3.037500000000000000e+04
3.095000000000000000e+04
3.152400000000000000e+04
3.210700000000000000e+04
3.268600000000000000e+04
3.327000000000000000e+04
3.387800000000000000e+04
3.448900000000000000e+04
3.508600000000000000e+04
3.570900000000000000e+04
3.631800000000000000e+04
3.695600000000000000e+04
3.759700000000000000e+04
3.824300000000000000e+04
3.889400000000000000e+04
3.958200000000000000e+04
4.027000000000000000e+04
4.096300000000000000e+04
4.164800000000000000e+04
4.238400000000000000e+04
4.308900000000000000e+04
4.382100000000000000e+04
4.457100000000000000e+04
4.531800000000000000e+04
4.605900000000000000e+04
4.681300000000000000e+04
4.758700000000000000e+04
4.834800000000000000e+04
4.912700000000000000e+04
4.989400000000000000e+04
5.069800000000000000e+04
5.151000000000000000e+04
5.232900000000000000e+04
5.312500000000000000e+04
5.396200000000000000e+04
5.479500000000000000e+04
5.563800000000000000e+04
5.646800000000000000e+04
5.730700000000000000e+04
5.815100000000000000e+04
5.899600000000000000e+04
5.985700000000000000e+04
6.072700000000000000e+04
6.161800000000000000e+04
6.250800000000000000e+04
6.337100000000000000e+04
6.425100000000000000e+04
6.512700000000000000e+04
6.602300000000000000e+04
6.690500000000000000e+04
6.778500000000000000e+04
6.868800000000000000e+04
6.960000000000000000e+04
7.050800000000000000e+04
7.141500000000000000e+04
7.231800000000000000e+04
7.322900000000000000e+04
7.415900000000000000e+04
7.508600000000000000e+04
7.599800000000000000e+04
7.692100000000000000e+04
7.784000000000000000e+04
7.877200000000000000e+04
7.970800000000000000e+04
8.062800000000000000e+04
8.155800000000000000e+04
8.248300000000000000e+04
8.341500000000000000e+04
8.432800000000000000e+04
8.527000000000000000e+04
8.619800000000000000e+04
8.713800000000000000e+04
8.808000000000000000e+04
8.902700000000000000e+04
8.996400000000000000e+04
9.090300000000000000e+04
9.183200000000000000e+04
9.278000000000000000e+04
9.372300000000000000e+04
9.467600000000000000e+04
9.562800000000000000e+04
9.656000000000000000e+04
9.749700000000000000e+04
9.844400000000000000e+04
