0.000000000000000000e+00
0.000000000000000000e+00
0.000000000000000000e+00
1.200000000000000000e+01
3.800000000000000000e+01
9.600000000000000000e+01
1.500000000000000000e+02
2.090000000000000000e+02
2.910000000000000000e+02
3.720000000000000000e+02
4.610000000000000000e+02
5.530000000000000000e+02
6.650000000000000000e+02
7.610000000000000000e+02
8.720000000000000000e+02
9.780000000000000000e+02
1.092000000000000000e+03
1.202000000000000000e+03
1.298000000000000000e+03
1.413000000000000000e+03
1.507000000000000000e+03
1.641000000000000000e+03
1.741000000000000000e+03
1.871000000000000000e+03
1.974000000000000000e+03
2.090000000000000000e+03
2.198000000000000000e+03
2.321000000000000000e+03
2.442000000000000000e+03
2.570000000000000000e+03
2.714000000000000000e+03
2.864000000000000000e+03
3.032000000000000000e+03
3.167000000000000000e+03
3.327000000000000000e+03
3.472000000000000000e+03
3.659000000000000000e+03
3.811000000000000000e+03
4.004000000000000000e+03
4.176000000000000000e+03
4.369000000000000000e+03
4.571000000000000000e+03
4.804000000000000000e+03
5.004000000000000000e+03
5.189000000000000000e+03
5.398000000000000000e+03
5.580000000000000000e+03
5.795000000000000000e+03
5.955000000000000000e+03
6.163000000000000000e+03
6.361000000000000000e+03
6.561000000000000000e+03
6.757000000000000000e+03
6.955000000000000000e+03
7.184000000000000000e+03
7.393000000000000000e+03
7.641000000000000000e+03
7.851000000000000000e+03
8.116000000000000000e+03
8.346000000000000000e+03
8.610000000000000000e+03
8.832000000000000000e+03
9.072000000000000000e+03
9.308000000000000000e+03
9.559000000000000000e+03
9.773000000000000000e+03
1.004200000000000000e+04
1.029400000000000000e+04
1.058400000000000000e+04
1.084700000000000000e+04
1.111400000000000000e+04
1.138800000000000000e+04
1.167300000000000000e+04
1.196500000000000000e+04
1.229000000000000000e+04
1.261100000000000000e+04
1.291800000000000000e+04
1.323900000000000000e+04
1.356500000000000000e+04
1.385500000000000000e+04
1.419000000000000000e+04
1.450000000000000000e+04
1.484500000000000000e+04
1.516900000000000000e+04
1.543900000000000000e+04
1.579200000000000000e+04
1.614300000000000000e+04
1.648500000000000000e+04
1.681400000000000000e+04
1.715500000000000000e+04
1.749800000000000000e+04
1.783600000000000000e+04
1.819400000000000000e+04
1.856400000000000000e+04
1.894300000000000000e+04
1.927000000000000000e+04
1.962000000000000000e+04
1.996800000000000000e+04
2.034100000000000000e+04
2.070300000000000000e+04
2.108900000000000000e+04
2.150600000000000000e+04
2.190000000000000000e+04
2.228300000000000000e+04
2.269600000000000000e+04
2.310000000000000000e+04
2.349000000000000000e+04
2.390900000000000000e+04
2.435700000000000000e+04
2.476900000000000000e+04
2.518200000000000000e+04
2.564100000000000000e+04
2.612800000000000000e+04
2.660000000000000000e+04
2.703300000000000000e+04
2.750600000000000000e+04
2.797400000000000000e+04
2.847000000000000000e+04
2.898600000000000000e+04
2.946800000000000000e+04
2.999100000000000000e+04
3.048900000000000000e+04
3.103300000000000000e+04
3.155100000000000000e+04
3.207700000000000000e+04
3.263100000000000000e+04
3.319300000000000000e+04
3.374200000000000000e+04
3.429900000000000000e+04
3.490200000000000000e+04
3.548900000000000000e+04
3.608600000000000000e+04
3.671400000000000000e+04
3.736300000000000000e+04
3.800900000000000000e+04
3.861700000000000000e+04
3.927200000000000000e+04
3.992000000000000000e+04
4.057800000000000000e+04
4.123600000000000000e+04
4.191100000000000000e+04
4.259500000000000000e+04
4.330600000000000000e+04
4.397800000000000000e+04
4.471100000000000000e+04
4.543000000000000000e+04
4.615700000000000000e+04
4.687600000000000000e+04
4.763300000000000000e+04
4.838600000000000000e+04
4.913500000000000000e+04
4.989300000000000000e+04
5.066400000000000000e+04
5.143800000000000000e+04
5.221700000000000000e+04
5.298900000000000000e+04
5.378500000000000000e+04
5.460800000000000000e+04
5.541300000000000000e+04
5.622800000000000000e+04
5.705500000000000000e+04
5.789100000000000000e+04
5.870800000000000000e+04
5.955400000000000000e+04
6.039500000000000000e+04
6.123200000000000000e+04
6.208800000000000000e+04
6.295600000000000000e+04
6.382000000000000000e+04
6.470700000000000000e+04
6.559700000000000000e+04
6.648400000000000000e+04
6.736400000000000000e+04
6.825700000000000000e+04
6.915800000000000000e+04
7.006100000000000000e+04
7.095200000000000000e+04
7.186000000000000000e+04
7.277400000000000000e+04
7.368400000000000000e+04
7.458700000000000000e+04
7.549300000000000000e+04
7.642200000000000000e+04
7.734100000000000000e+04
7.826100000000000000e+04
7.919300000000000000e+04
8.011100000000000000e+04
8.103900000000000000e+04
8.197700000000000000e+04
8.291200000000000000e+04
8.383300000000000000e+04
8.477000000000000000e+04
8.571800000000000000e+04
8.665800000000000000e+04
8.760300000000000000e+04
8.854300000000000000e+04
8.948000000000000000e+04
9.042900000000000000e+04
9.137900000000000000e+04
9.232800000000000000e+04
