0.000000000000000000e+00
0.000000000000000000e+00
0.000000000000000000e+00
1.400000000000000000e+01
4.600000000000000000e+01
1.020000000000000000e+02
1.600000000000000000e+02
2.450000000000000000e+02
3.330000000000000000e+02
4.370000000000000000e+02
5.270000000000000000e+02
6.290000000000000000e+02
7.310000000000000000e+02
8.280000000000000000e+02
9.490000000000000000e+02
1.037000000000000000e+03
1.169000000000000000e+03
1.270000000000000000e+03
1.411000000000000000e+03
1.515000000000000000e+03
1.641000000000000000e+03
1.761000000000000000e+03
1.900000000000000000e+03
2.022000000000000000e+03
2.172000000000000000e+03
2.314000000000000000e+03
2.448000000000000000e+03
2.577000000000000000e+03
2.731000000000000000e+03
2.877000000000000000e+03
3.011000000000000000e+03
3.147000000000000000e+03
3.275000000000000000e+03
3.392000000000000000e+03
3.522000000000000000e+03
3.619000000000000000e+03
3.772000000000000000e+03
3.905000000000000000e+03
4.081000000000000000e+03
4.228000000000000000e+03
4.404000000000000000e+03
4.573000000000000000e+03
4.753000000000000000e+03
4.949000000000000000e+03
5.115000000000000000e+03
5.305000000000000000e+03
5.475000000000000000e+03
5.694000000000000000e+03
5.875000000000000000e+03
6.104000000000000000e+03
6.293000000000000000e+03
6.509000000000000000e+03
6.685000000000000000e+03
6.888000000000000000e+03
7.084000000000000000e+03
7.291000000000000000e+03
7.489000000000000000e+03
7.701000000000000000e+03
7.919000000000000000e+03
8.135000000000000000e+03
8.346000000000000000e+03
8.556000000000000000e+03
8.766000000000000000e+03
8.993000000000000000e+03
9.202000000000000000e+03
9.433000000000000000e+03
9.676000000000000000e+03
9.925000000000000000e+03
1.014800000000000000e+04
1.038100000000000000e+04
1.064200000000000000e+04
1.090300000000000000e+04
1.119100000000000000e+04
1.145300000000000000e+04
1.170700000000000000e+04
1.197300000000000000e+04
1.222300000000000000e+04
1.247300000000000000e+04
1.272000000000000000e+04
1.294100000000000000e+04
1.319400000000000000e+04
1.343600000000000000e+04
1.367400000000000000e+04
1.392000000000000000e+04
1.415900000000000000e+04
1.442500000000000000e+04
1.467400000000000000e+04
1.494900000000000000e+04
1.520400000000000000e+04
1.547900000000000000e+04
1.572600000000000000e+04
1.597400000000000000e+04
1.627400000000000000e+04
1.656400000000000000e+04
1.686700000000000000e+04
1.717600000000000000e+04
1.749300000000000000e+04
1.780700000000000000e+04
1.813100000000000000e+04
1.846000000000000000e+04
1.880900000000000000e+04
1.910900000000000000e+04
1.942700000000000000e+04
1.978000000000000000e+04
2.014000000000000000e+04
2.050500000000000000e+04
2.085700000000000000e+04
2.122000000000000000e+04
2.157600000000000000e+04
2.193300000000000000e+04
2.231400000000000000e+04
2.269300000000000000e+04
2.305900000000000000e+04
2.344600000000000000e+04
2.382400000000000000e+04
2.419900000000000000e+04
2.454700000000000000e+04
2.493600000000000000e+04
2.533900000000000000e+04
2.578100000000000000e+04
2.621600000000000000e+04
2.663200000000000000e+04
2.706800000000000000e+04
2.747200000000000000e+04
2.791500000000000000e+04
2.835600000000000000e+04
2.881400000000000000e+04
2.926900000000000000e+04
2.973100000000000000e+04
3.020400000000000000e+04
3.068900000000000000e+04
3.117200000000000000e+04
3.164600000000000000e+04
3.214700000000000000e+04
3.265800000000000000e+04
3.319400000000000000e+04
3.373200000000000000e+04
3.429600000000000000e+04
3.486600000000000000e+04
3.539200000000000000e+04
3.594000000000000000e+04
3.647600000000000000e+04
3.703600000000000000e+04
3.760400000000000000e+04
3.820000000000000000e+04
3.878700000000000000e+04
3.938700000000000000e+04
3.999000000000000000e+04
4.063700000000000000e+04
4.125400000000000000e+04
4.188700000000000000e+04
4.252500000000000000e+04
4.317200000000000000e+04
4.383700000000000000e+04
4.452800000000000000e+04
4.520400000000000000e+04
4.587600000000000000e+04
4.658000000000000000e+04
4.727700000000000000e+04
4.798400000000000000e+04
4.870400000000000000e+04
4.942700000000000000e+04
5.017100000000000000e+04
5.091100000000000000e+04
5.165300000000000000e+04
5.241500000000000000e+04
5.319400000000000000e+04
5.393900000000000000e+04
5.471600000000000000e+04
5.552700000000000000e+04
5.631500000000000000e+04
5.710500000000000000e+04
5.791500000000000000e+04
5.873500000000000000e+04
5.953700000000000000e+04
6.037200000000000000e+04
6.119700000000000000e+04
6.204000000000000000e+04
6.289000000000000000e+04
6.373200000000000000e+04
6.460500000000000000e+04
6.545500000000000000e+04
6.632200000000000000e+04
6.720000000000000000e+04
6.808900000000000000e+04
6.897600000000000000e+04
6.985700000000000000e+04
7.072900000000000000e+04
7.160900000000000000e+04
7.251800000000000000e+04
7.341100000000000000e+04
7.430800000000000000e+04
7.521000000000000000e+04
7.610400000000000000e+04
7.703100000000000000e+04
7.795800000000000000e+04
7.887700000000000000e+04
7.977800000000000000e+04
8.070600000000000000e+04
8.161600000000000000e+04
