0.000000000000000000e+00
0.000000000000000000e+00
0.000000000000000000e+00
1.300000000000000000e+01
4.200000000000000000e+01
8.700000000000000000e+01
1.410000000000000000e+02
2.130000000000000000e+02
2.870000000000000000e+02
3.560000000000000000e+02
4.420000000000000000e+02
5.130000000000000000e+02
5.930000000000000000e+02
6.690000000000000000e+02
7.550000000000000000e+02
8.290000000000000000e+02
9.130000000000000000e+02
9.920000000000000000e+02
1.090000000000000000e+03
1.173000000000000000e+03
1.272000000000000000e+03
1.373000000000000000e+03
1.484000000000000000e+03
1.591000000000000000e+03
1.699000000000000000e+03
1.796000000000000000e+03
1.886000000000000000e+03
1.981000000000000000e+03
2.077000000000000000e+03
2.168000000000000000e+03
2.270000000000000000e+03
2.373000000000000000e+03
2.468000000000000000e+03
2.574000000000000000e+03
2.669000000000000000e+03
2.777000000000000000e+03
2.880000000000000000e+03
2.996000000000000000e+03
3.111000000000000000e+03
3.215000000000000000e+03
3.333000000000000000e+03
3.448000000000000000e+03
3.549000000000000000e+03
3.644000000000000000e+03
3.763000000000000000e+03
3.881000000000000000e+03
3.999000000000000000e+03
4.131000000000000000e+03
4.254000000000000000e+03
4.391000000000000000e+03
4.531000000000000000e+03
4.682000000000000000e+03
4.825000000000000000e+03
4.978000000000000000e+03
5.122000000000000000e+03
5.282000000000000000e+03
5.438000000000000000e+03
5.607000000000000000e+03
5.798000000000000000e+03
5.958000000000000000e+03
6.143000000000000000e+03
6.335000000000000000e+03
6.519000000000000000e+03
6.712000000000000000e+03
6.917000000000000000e+03
7.125000000000000000e+03
7.326000000000000000e+03
7.529000000000000000e+03
7.728000000000000000e+03
7.954000000000000000e+03
8.159000000000000000e+03
8.375000000000000000e+03
8.602000000000000000e+03
8.803000000000000000e+03
9.003000000000000000e+03
9.233000000000000000e+03
9.443000000000000000e+03
9.680000000000000000e+03
9.903000000000000000e+03
1.014800000000000000e+04
1.036500000000000000e+04
1.062300000000000000e+04
1.086500000000000000e+04
1.114100000000000000e+04
1.137800000000000000e+04
1.164500000000000000e+04
1.186500000000000000e+04
1.211100000000000000e+04
1.232200000000000000e+04
1.252800000000000000e+04
1.274400000000000000e+04
1.295100000000000000e+04
1.315900000000000000e+04
1.336500000000000000e+04
1.356300000000000000e+04
1.377800000000000000e+04
1.398800000000000000e+04
1.421300000000000000e+04
1.443000000000000000e+04
1.464800000000000000e+04
1.487800000000000000e+04
1.510400000000000000e+04
1.533900000000000000e+04
1.557000000000000000e+04
1.579800000000000000e+04
1.604000000000000000e+04
1.626200000000000000e+04
1.651900000000000000e+04
1.677000000000000000e+04
1.705800000000000000e+04
1.730700000000000000e+04
1.758000000000000000e+04
1.786200000000000000e+04
1.813900000000000000e+04
1.843800000000000000e+04
1.870700000000000000e+04
1.900100000000000000e+04
1.926100000000000000e+04
1.952800000000000000e+04
1.980000000000000000e+04
2.005000000000000000e+04
2.036500000000000000e+04
2.060500000000000000e+04
2.090300000000000000e+04
2.115900000000000000e+04
2.144400000000000000e+04
2.166900000000000000e+04
2.195300000000000000e+04
2.219800000000000000e+04
2.245900000000000000e+04
2.272700000000000000e+04
2.299700000000000000e+04
2.327900000000000000e+04
2.355800000000000000e+04
2.388000000000000000e+04
2.416600000000000000e+04
2.444400000000000000e+04
2.473000000000000000e+04
2.507300000000000000e+04
2.538600000000000000e+04
2.569200000000000000e+04
2.599600000000000000e+04
2.634000000000000000e+04
2.668100000000000000e+04
2.700100000000000000e+04
2.734400000000000000e+04
2.767400000000000000e+04
2.802100000000000000e+04
2.835300000000000000e+04
2.871100000000000000e+04
2.904700000000000000e+04
2.936400000000000000e+04
2.971200000000000000e+04
3.004200000000000000e+04
3.039800000000000000e+04
3.075000000000000000e+04
3.112100000000000000e+04
3.149300000000000000e+04
3.184400000000000000e+04
3.221700000000000000e+04
3.258800000000000000e+04
3.298100000000000000e+04
3.338700000000000000e+04
3.376200000000000000e+04
3.413700000000000000e+04
3.454300000000000000e+04
3.495000000000000000e+04
3.538300000000000000e+04
3.581400000000000000e+04
3.623800000000000000e+04
3.666300000000000000e+04
3.711600000000000000e+04
3.754400000000000000e+04
3.798400000000000000e+04
3.846400000000000000e+04
3.892600000000000000e+04
3.936900000000000000e+04
3.986300000000000000e+04
4.036000000000000000e+04
4.084000000000000000e+04
4.134700000000000000e+04
4.187500000000000000e+04
4.238300000000000000e+04
4.293000000000000000e+04
4.349000000000000000e+04
4.404700000000000000e+04
4.462200000000000000e+04
4.518100000000000000e+04
4.573800000000000000e+04
4.630000000000000000e+04
4.688000000000000000e+04
4.746700000000000000e+04
4.808200000000000000e+04
4.869200000000000000e+04
4.929000000000000000e+04
4.994800000000000000e+04
5.058800000000000000e+04
5.122500000000000000e+04
5.187000000000000000e+04
5.251700000000000000e+04
