0.000000000000000000e+00
0.000000000000000000e+00
0.000000000000000000e+00
2.200000000000000000e+01
4.600000000000000000e+01
9.800000000000000000e+01
1.570000000000000000e+02
2.490000000000000000e+02
3.510000000000000000e+02
4.510000000000000000e+02
5.490000000000000000e+02
6.480000000000000000e+02
7.720000000000000000e+02
8.880000000000000000e+02
1.006000000000000000e+03
1.114000000000000000e+03
1.241000000000000000e+03
1.336000000000000000e+03
1.461000000000000000e+03
1.558000000000000000e+03
1.707000000000000000e+03
1.824000000000000000e+03
1.976000000000000000e+03
2.106000000000000000e+03
2.266000000000000000e+03
2.409000000000000000e+03
2.557000000000000000e+03
2.718000000000000000e+03
2.884000000000000000e+03
3.056000000000000000e+03
3.224000000000000000e+03
3.421000000000000000e+03
3.609000000000000000e+03
3.788000000000000000e+03
3.976000000000000000e+03
4.155000000000000000e+03
4.323000000000000000e+03
4.541000000000000000e+03
4.746000000000000000e+03
4.963000000000000000e+03
5.217000000000000000e+03
5.476000000000000000e+03
5.743000000000000000e+03
6.023000000000000000e+03
6.331000000000000000e+03
6.592000000000000000e+03
6.893000000000000000e+03
7.138000000000000000e+03
7.441000000000000000e+03
7.713000000000000000e+03
7.996000000000000000e+03
8.285000000000000000e+03
8.599000000000000000e+03
8.900000000000000000e+03
9.230000000000000000e+03
9.574000000000000000e+03
9.909000000000000000e+03
1.020400000000000000e+04
1.053000000000000000e+04
1.085500000000000000e+04
1.118300000000000000e+04
1.148600000000000000e+04
1.178400000000000000e+04
1.209600000000000000e+04
1.245800000000000000e+04
1.277200000000000000e+04
1.310500000000000000e+04
1.344300000000000000e+04
1.377400000000000000e+04
1.413100000000000000e+04
1.447900000000000000e+04
1.483700000000000000e+04
1.519100000000000000e+04
1.552600000000000000e+04
1.585900000000000000e+04
1.623300000000000000e+04
1.660700000000000000e+04
1.699000000000000000e+04
1.737900000000000000e+04
1.779600000000000000e+04
1.815700000000000000e+04
1.851400000000000000e+04
1.890500000000000000e+04
1.927400000000000000e+04
1.967100000000000000e+04
2.010700000000000000e+04
2.053200000000000000e+04
2.097700000000000000e+04
2.145300000000000000e+04
2.187800000000000000e+04
2.232300000000000000e+04
2.277100000000000000e+04
2.323900000000000000e+04
2.370700000000000000e+04
2.417300000000000000e+04
2.466500000000000000e+04
2.518400000000000000e+04
2.565800000000000000e+04
2.611000000000000000e+04
2.662700000000000000e+04
2.712100000000000000e+04
2.765200000000000000e+04
2.821500000000000000e+04
2.879100000000000000e+04
2.935200000000000000e+04
2.992000000000000000e+04
3.048500000000000000e+04
3.105400000000000000e+04
3.163300000000000000e+04
3.224800000000000000e+04
3.287200000000000000e+04
3.346300000000000000e+04
3.406900000000000000e+04
3.469100000000000000e+04
3.533400000000000000e+04
3.600500000000000000e+04
3.666700000000000000e+04
3.734000000000000000e+04
3.801900000000000000e+04
3.870900000000000000e+04
3.941000000000000000e+04
4.008500000000000000e+04
4.080200000000000000e+04
4.149800000000000000e+04
4.220000000000000000e+04
4.291000000000000000e+04
4.365000000000000000e+04
4.439800000000000000e+04
4.514400000000000000e+04
4.589300000000000000e+04
4.666500000000000000e+04
4.744200000000000000e+04
4.821900000000000000e+04
4.901800000000000000e+04
4.981400000000000000e+04
5.061500000000000000e+04
5.142800000000000000e+04
5.223800000000000000e+04
5.304700000000000000e+04
5.385500000000000000e+04
5.467000000000000000e+04
5.550400000000000000e+04
5.635100000000000000e+04
5.721700000000000000e+04
5.806000000000000000e+04
5.890800000000000000e+04
5.978100000000000000e+04
6.064800000000000000e+04
6.154200000000000000e+04
6.241100000000000000e+04
6.328400000000000000e+04
6.416000000000000000e+04
6.505100000000000000e+04
6.593300000000000000e+04
6.683200000000000000e+04
6.773600000000000000e+04
6.863100000000000000e+04
6.955200000000000000e+04
7.046300000000000000e+04
7.138700000000000000e+04
7.230500000000000000e+04
7.322800000000000000e+04
7.416900000000000000e+04
7.509500000000000000e+04
7.602900000000000000e+04
7.695600000000000000e+04
7.788500000000000000e+04
7.881300000000000000e+04
7.975700000000000000e+04
8.069600000000000000e+04
8.162500000000000000e+04
8.256900000000000000e+04
8.351300000000000000e+04
8.445700000000000000e+04
8.540800000000000000e+04
8.634000000000000000e+04
8.728900000000000000e+04
8.822800000000000000e+04
8.916600000000000000e+04
9.009800000000000000e+04
9.104100000000000000e+04
9.199100000000000000e+04
9.294700000000000000e+04
9.388700000000000000e+04
9.482800000000000000e+04
9.578000000000000000e+04
9.673400000000000000e+04
9.768000000000000000e+04
9.862000000000000000e+04
9.956300000000000000e+04
1.005120000000000000e+05
1.014630000000000000e+05
1.024070000000000000e+05
1.033520000000000000e+05
1.042950000000000000e+05
1.052390000000000000e+05
1.061860000000000000e+05
1.071320000000000000e+05
1.080850000000000000e+05
1.090400000000000000e+05
