0.000000000000000000e+00
0.000000000000000000e+00
0.000000000000000000e+00
1.000000000000000000e+01
3.500000000000000000e+01
8.200000000000000000e+01
1.350000000000000000e+02
2.130000000000000000e+02
3.080000000000000000e+02
4.120000000000000000e+02
5.220000000000000000e+02
6.280000000000000000e+02
7.360000000000000000e+02
8.440000000000000000e+02
9.510000000000000000e+02
1.054000000000000000e+03
1.149000000000000000e+03
1.262000000000000000e+03
1.370000000000000000e+03
1.497000000000000000e+03
1.622000000000000000e+03
1.738000000000000000e+03
1.846000000000000000e+03
1.938000000000000000e+03
2.046000000000000000e+03
2.146000000000000000e+03
2.277000000000000000e+03
2.413000000000000000e+03
2.548000000000000000e+03
2.684000000000000000e+03
2.818000000000000000e+03
2.937000000000000000e+03
3.060000000000000000e+03
3.203000000000000000e+03
3.343000000000000000e+03
3.486000000000000000e+03
3.617000000000000000e+03
3.746000000000000000e+03
3.893000000000000000e+03
4.015000000000000000e+03
4.145000000000000000e+03
4.279000000000000000e+03
4.417000000000000000e+03
4.563000000000000000e+03
4.701000000000000000e+03
4.825000000000000000e+03
4.946000000000000000e+03
5.060000000000000000e+03
5.198000000000000000e+03
5.300000000000000000e+03
5.422000000000000000e+03
5.525000000000000000e+03
5.648000000000000000e+03
5.787000000000000000e+03
5.947000000000000000e+03
6.082000000000000000e+03
6.210000000000000000e+03
6.335000000000000000e+03
6.463000000000000000e+03
6.608000000000000000e+03
6.760000000000000000e+03
6.912000000000000000e+03
7.059000000000000000e+03
7.224000000000000000e+03
7.382000000000000000e+03
7.522000000000000000e+03
7.673000000000000000e+03
7.810000000000000000e+03
7.959000000000000000e+03
8.087000000000000000e+03
8.233000000000000000e+03
8.361000000000000000e+03
8.503000000000000000e+03
8.630000000000000000e+03
8.774000000000000000e+03
8.919000000000000000e+03
9.082000000000000000e+03
9.230000000000000000e+03
9.413000000000000000e+03
9.571000000000000000e+03
9.753000000000000000e+03
9.934000000000000000e+03
1.013600000000000000e+04
1.031700000000000000e+04
1.053200000000000000e+04
1.074100000000000000e+04
1.096300000000000000e+04
1.117000000000000000e+04
1.139700000000000000e+04
1.161000000000000000e+04
1.181800000000000000e+04
1.202500000000000000e+04
1.223000000000000000e+04
1.243100000000000000e+04
1.265500000000000000e+04
1.288900000000000000e+04
1.312600000000000000e+04
1.335700000000000000e+04
1.362100000000000000e+04
1.387100000000000000e+04
1.412000000000000000e+04
1.439200000000000000e+04
1.466300000000000000e+04
1.495400000000000000e+04
1.522600000000000000e+04
1.551200000000000000e+04
1.580800000000000000e+04
1.616400000000000000e+04
1.645500000000000000e+04
1.674700000000000000e+04
1.706500000000000000e+04
1.738300000000000000e+04
1.769800000000000000e+04
1.802300000000000000e+04
1.833400000000000000e+04
1.863500000000000000e+04
1.895400000000000000e+04
1.928200000000000000e+04
1.960300000000000000e+04
1.990900000000000000e+04
2.023000000000000000e+04
2.054300000000000000e+04
2.088600000000000000e+04
2.123700000000000000e+04
2.156100000000000000e+04
2.192400000000000000e+04
2.227300000000000000e+04
2.260600000000000000e+04
2.292600000000000000e+04
2.326200000000000000e+04
2.360500000000000000e+04
2.393700000000000000e+04
2.428800000000000000e+04
2.466900000000000000e+04
2.506200000000000000e+04
2.542200000000000000e+04
2.580400000000000000e+04
2.617000000000000000e+04
2.654200000000000000e+04
2.692400000000000000e+04
2.732700000000000000e+04
2.772900000000000000e+04
2.812800000000000000e+04
2.851200000000000000e+04
2.891300000000000000e+04
2.932500000000000000e+04
2.975500000000000000e+04
3.016700000000000000e+04
3.059900000000000000e+04
3.102400000000000000e+04
3.148300000000000000e+04
3.192700000000000000e+04
3.238300000000000000e+04
3.285800000000000000e+04
3.331700000000000000e+04
3.379000000000000000e+04
3.428400000000000000e+04
3.481500000000000000e+04
3.533500000000000000e+04
3.587100000000000000e+04
3.640800000000000000e+04
3.690000000000000000e+04
3.744100000000000000e+04
3.799000000000000000e+04
3.851800000000000000e+04
3.908100000000000000e+04
3.964300000000000000e+04
4.018700000000000000e+04
4.076600000000000000e+04
4.135300000000000000e+04
4.195300000000000000e+04
4.255100000000000000e+04
4.318600000000000000e+04
4.380600000000000000e+04
4.442200000000000000e+04
4.505900000000000000e+04
4.569300000000000000e+04
4.634700000000000000e+04
4.703500000000000000e+04
4.771700000000000000e+04
4.837700000000000000e+04
4.906500000000000000e+04
4.977000000000000000e+04
5.046800000000000000e+04
5.119000000000000000e+04
5.191900000000000000e+04
5.265500000000000000e+04
5.339400000000000000e+04
5.414300000000000000e+04
5.490800000000000000e+04
5.566100000000000000e+04
5.642200000000000000e+04
5.719500000000000000e+04
5.799300000000000000e+04
5.880200000000000000e+04
5.958500000000000000e+04
6.040600000000000000e+04
6.120500000000000000e+04
6.203000000000000000e+04
6.288100000000000000e+04
