0.000000000000000000e+00
0.000000000000000000e+00
0.000000000000000000e+00
1.100000000000000000e+01
3.300000000000000000e+01
7.900000000000000000e+01
1.340000000000000000e+02
2.200000000000000000e+02
2.950000000000000000e+02
3.830000000000000000e+02
4.570000000000000000e+02
5.540000000000000000e+02
6.350000000000000000e+02
7.260000000000000000e+02
8.180000000000000000e+02
9.180000000000000000e+02
1.022000000000000000e+03
1.128000000000000000e+03
1.234000000000000000e+03
1.328000000000000000e+03
1.435000000000000000e+03
1.536000000000000000e+03
1.623000000000000000e+03
1.709000000000000000e+03
1.800000000000000000e+03
1.916000000000000000e+03
2.008000000000000000e+03
2.122000000000000000e+03
2.215000000000000000e+03
2.319000000000000000e+03
2.432000000000000000e+03
2.551000000000000000e+03
2.661000000000000000e+03
2.763000000000000000e+03
2.850000000000000000e+03
2.961000000000000000e+03
3.048000000000000000e+03
3.149000000000000000e+03
3.240000000000000000e+03
3.329000000000000000e+03
3.418000000000000000e+03
3.510000000000000000e+03
3.609000000000000000e+03
3.708000000000000000e+03
3.796000000000000000e+03
3.905000000000000000e+03
3.990000000000000000e+03
4.101000000000000000e+03
4.216000000000000000e+03
4.328000000000000000e+03
4.445000000000000000e+03
4.563000000000000000e+03
4.683000000000000000e+03
4.811000000000000000e+03
4.945000000000000000e+03
5.090000000000000000e+03
5.247000000000000000e+03
5.397000000000000000e+03
5.560000000000000000e+03
5.727000000000000000e+03
5.900000000000000000e+03
6.081000000000000000e+03
6.271000000000000000e+03
6.471000000000000000e+03
6.668000000000000000e+03
6.872000000000000000e+03
7.095000000000000000e+03
7.311000000000000000e+03
7.507000000000000000e+03
7.711000000000000000e+03
7.914000000000000000e+03
8.139000000000000000e+03
8.334000000000000000e+03
8.550000000000000000e+03
8.782000000000000000e+03
8.975000000000000000e+03
9.186000000000000000e+03
9.386000000000000000e+03
9.624000000000000000e+03
9.850000000000000000e+03
1.011000000000000000e+04
1.034800000000000000e+04
1.059700000000000000e+04
1.085700000000000000e+04
1.108300000000000000e+04
1.133500000000000000e+04
1.159200000000000000e+04
1.185100000000000000e+04
1.212900000000000000e+04
1.239800000000000000e+04
1.269900000000000000e+04
1.300700000000000000e+04
1.329600000000000000e+04
1.360800000000000000e+04
1.389300000000000000e+04
1.423100000000000000e+04
1.454600000000000000e+04
1.486800000000000000e+04
1.522900000000000000e+04
1.555500000000000000e+04
1.585900000000000000e+04
1.618700000000000000e+04
1.650300000000000000e+04
1.685300000000000000e+04
1.717300000000000000e+04
1.751700000000000000e+04
1.784700000000000000e+04
1.818700000000000000e+04
1.854400000000000000e+04
1.889600000000000000e+04
1.925900000000000000e+04
1.962500000000000000e+04
1.997400000000000000e+04
2.033300000000000000e+04
2.070200000000000000e+04
2.106500000000000000e+04
2.144400000000000000e+04
2.181600000000000000e+04
2.217600000000000000e+04
2.258500000000000000e+04
2.297500000000000000e+04
2.340700000000000000e+04
2.382100000000000000e+04
2.421300000000000000e+04
2.463800000000000000e+04
2.506900000000000000e+04
2.550700000000000000e+04
2.596600000000000000e+04
2.640700000000000000e+04
2.686700000000000000e+04
2.732500000000000000e+04
2.779500000000000000e+04
2.827600000000000000e+04
2.875900000000000000e+04
2.924400000000000000e+04
2.976900000000000000e+04
3.027800000000000000e+04
3.080000000000000000e+04
3.128800000000000000e+04
3.181900000000000000e+04
3.235900000000000000e+04
3.288200000000000000e+04
3.342800000000000000e+04
3.399700000000000000e+04
3.457800000000000000e+04
3.515900000000000000e+04
3.575100000000000000e+04
3.633700000000000000e+04
3.692600000000000000e+04
3.755300000000000000e+04
3.816000000000000000e+04
3.882000000000000000e+04
3.947100000000000000e+04
4.013500000000000000e+04
4.081300000000000000e+04
4.145300000000000000e+04
4.213900000000000000e+04
4.283100000000000000e+04
4.352700000000000000e+04
4.423300000000000000e+04
4.492400000000000000e+04
4.561600000000000000e+04
4.632900000000000000e+04
4.704500000000000000e+04
4.778800000000000000e+04
4.853800000000000000e+04
4.928100000000000000e+04
5.005700000000000000e+04
5.082900000000000000e+04
5.157600000000000000e+04
5.233500000000000000e+04
5.314000000000000000e+04
5.392400000000000000e+04
5.472000000000000000e+04
5.552100000000000000e+04
5.632800000000000000e+04
5.716500000000000000e+04
5.799700000000000000e+04
5.881700000000000000e+04
5.964800000000000000e+04
6.050400000000000000e+04
6.136600000000000000e+04
6.221900000000000000e+04
6.308700000000000000e+04
6.395700000000000000e+04
6.480700000000000000e+04
6.567200000000000000e+04
6.654400000000000000e+04
6.742800000000000000e+04
6.830700000000000000e+04
6.922400000000000000e+04
7.011900000000000000e+04
7.101800000000000000e+04
7.191300000000000000e+04
7.281400000000000000e+04
7.373000000000000000e+04
7.464200000000000000e+04
7.554900000000000000e+04
7.645800000000000000e+04
7.736900000000000000e+04
