0.000000000000000000e+00
0.000000000000000000e+00
0.000000000000000000e+00
1.400000000000000000e+01
4.500000000000000000e+01
9.700000000000000000e+01
1.530000000000000000e+02
2.350000000000000000e+02
3.190000000000000000e+02
3.990000000000000000e+02
4.830000000000000000e+02
5.760000000000000000e+02
6.730000000000000000e+02
7.610000000000000000e+02
8.410000000000000000e+02
9.210000000000000000e+02
1.002000000000000000e+03
1.078000000000000000e+03
1.167000000000000000e+03
1.241000000000000000e+03
1.327000000000000000e+03
1.423000000000000000e+03
1.523000000000000000e+03
1.620000000000000000e+03
1.729000000000000000e+03
1.828000000000000000e+03
1.941000000000000000e+03
2.048000000000000000e+03
2.163000000000000000e+03
2.269000000000000000e+03
2.387000000000000000e+03
2.503000000000000000e+03
2.621000000000000000e+03
2.762000000000000000e+03
2.886000000000000000e+03
3.030000000000000000e+03
3.176000000000000000e+03
3.321000000000000000e+03
3.459000000000000000e+03
3.572000000000000000e+03
3.727000000000000000e+03
3.865000000000000000e+03
4.027000000000000000e+03
4.181000000000000000e+03
4.347000000000000000e+03
4.505000000000000000e+03
4.680000000000000000e+03
4.850000000000000000e+03
5.038000000000000000e+03
5.213000000000000000e+03
5.400000000000000000e+03
5.557000000000000000e+03
5.720000000000000000e+03
5.859000000000000000e+03
6.017000000000000000e+03
6.166000000000000000e+03
6.340000000000000000e+03
6.488000000000000000e+03
6.673000000000000000e+03
6.855000000000000000e+03
7.041000000000000000e+03
7.233000000000000000e+03
7.415000000000000000e+03
7.615000000000000000e+03
7.795000000000000000e+03
7.994000000000000000e+03
8.174000000000000000e+03
8.354000000000000000e+03
8.522000000000000000e+03
8.680000000000000000e+03
8.880000000000000000e+03
9.074000000000000000e+03
9.300000000000000000e+03
9.527000000000000000e+03
9.764000000000000000e+03
1.001100000000000000e+04
1.027700000000000000e+04
1.054900000000000000e+04
1.081700000000000000e+04
1.111600000000000000e+04
1.137900000000000000e+04
1.163900000000000000e+04
1.193300000000000000e+04
1.221100000000000000e+04
1.252800000000000000e+04
1.280600000000000000e+04
1.309700000000000000e+04
1.337900000000000000e+04
1.367300000000000000e+04
1.398300000000000000e+04
1.427700000000000000e+04
1.460300000000000000e+04
1.492100000000000000e+04
1.525500000000000000e+04
1.556200000000000000e+04
1.587800000000000000e+04
1.620300000000000000e+04
1.654700000000000000e+04
1.687800000000000000e+04
1.719400000000000000e+04
1.750900000000000000e+04
1.785200000000000000e+04
1.820100000000000000e+04
1.855700000000000000e+04
1.890700000000000000e+04
1.924800000000000000e+04
1.957300000000000000e+04
1.990900000000000000e+04
2.026800000000000000e+04
2.063500000000000000e+04
2.099800000000000000e+04
2.137300000000000000e+04
2.172700000000000000e+04
2.209800000000000000e+04
2.249600000000000000e+04
2.289100000000000000e+04
2.328700000000000000e+04
2.367200000000000000e+04
2.409700000000000000e+04
2.450400000000000000e+04
2.491300000000000000e+04
2.534000000000000000e+04
2.572900000000000000e+04
2.615200000000000000e+04
2.660300000000000000e+04
2.704400000000000000e+04
2.749200000000000000e+04
2.795600000000000000e+04
2.839300000000000000e+04
2.886500000000000000e+04
2.935000000000000000e+04
2.979700000000000000e+04
3.026200000000000000e+04
3.072200000000000000e+04
3.120800000000000000e+04
3.172400000000000000e+04
3.223400000000000000e+04
3.276800000000000000e+04
3.329500000000000000e+04
3.383700000000000000e+04
3.437000000000000000e+04
3.492400000000000000e+04
3.549200000000000000e+04
3.607300000000000000e+04
3.662300000000000000e+04
3.720300000000000000e+04
3.778500000000000000e+04
3.838700000000000000e+04
3.900700000000000000e+04
3.961500000000000000e+04
4.025300000000000000e+04
4.089700000000000000e+04
4.153600000000000000e+04
4.221200000000000000e+04
4.286800000000000000e+04
4.352000000000000000e+04
4.419300000000000000e+04
4.487700000000000000e+04
4.554700000000000000e+04
4.627500000000000000e+04
4.697100000000000000e+04
4.770100000000000000e+04
4.842200000000000000e+04
4.914300000000000000e+04
4.987600000000000000e+04
5.062400000000000000e+04
5.138600000000000000e+04
5.215000000000000000e+04
5.291900000000000000e+04
5.364200000000000000e+04
5.439100000000000000e+04
5.516600000000000000e+04
5.598400000000000000e+04
5.678200000000000000e+04
5.759700000000000000e+04
5.841500000000000000e+04
5.923700000000000000e+04
6.006700000000000000e+04
6.091300000000000000e+04
6.174200000000000000e+04
6.260500000000000000e+04
6.346200000000000000e+04
6.430700000000000000e+04
6.517600000000000000e+04
6.605400000000000000e+04
6.691700000000000000e+04
6.780400000000000000e+04
6.867900000000000000e+04
6.955100000000000000e+04
7.041400000000000000e+04
7.131400000000000000e+04
7.222300000000000000e+04
7.313600000000000000e+04
7.404500000000000000e+04
7.495300000000000000e+04
7.585000000000000000e+04
7.676500000000000000e+04
7.766400000000000000e+04
7.856300000000000000e+04
7.947300000000000000e+04
