0.000000000000000000e+00
0.000000000000000000e+00
0.000000000000000000e+00
1.300000000000000000e+01
3.600000000000000000e+01
8.300000000000000000e+01
1.370000000000000000e+02
2.150000000000000000e+02
3.120000000000000000e+02
4.050000000000000000e+02
4.920000000000000000e+02
6.060000000000000000e+02
6.990000000000000000e+02
8.100000000000000000e+02
9.030000000000000000e+02
1.015000000000000000e+03
1.105000000000000000e+03
1.199000000000000000e+03
1.297000000000000000e+03
1.408000000000000000e+03
1.518000000000000000e+03
1.618000000000000000e+03
1.738000000000000000e+03
1.846000000000000000e+03
1.981000000000000000e+03
2.085000000000000000e+03
2.223000000000000000e+03
2.325000000000000000e+03
2.444000000000000000e+03
2.548000000000000000e+03
2.667000000000000000e+03
2.770000000000000000e+03
2.895000000000000000e+03
2.994000000000000000e+03
3.097000000000000000e+03
3.224000000000000000e+03
3.343000000000000000e+03
3.491000000000000000e+03
3.604000000000000000e+03
3.753000000000000000e+03
3.877000000000000000e+03
4.029000000000000000e+03
4.154000000000000000e+03
4.323000000000000000e+03
4.475000000000000000e+03
4.621000000000000000e+03
4.791000000000000000e+03
4.949000000000000000e+03
5.132000000000000000e+03
5.308000000000000000e+03
5.493000000000000000e+03
5.662000000000000000e+03
5.834000000000000000e+03
6.012000000000000000e+03
6.174000000000000000e+03
6.345000000000000000e+03
6.527000000000000000e+03
6.706000000000000000e+03
6.876000000000000000e+03
7.042000000000000000e+03
7.233000000000000000e+03
7.412000000000000000e+03
7.592000000000000000e+03
7.778000000000000000e+03
7.984000000000000000e+03
8.195000000000000000e+03
8.411000000000000000e+03
8.627000000000000000e+03
8.835000000000000000e+03
9.070000000000000000e+03
9.296000000000000000e+03
9.535000000000000000e+03
9.776000000000000000e+03
1.000600000000000000e+04
1.023800000000000000e+04
1.045800000000000000e+04
1.066000000000000000e+04
1.089700000000000000e+04
1.109600000000000000e+04
1.131000000000000000e+04
1.152700000000000000e+04
1.178000000000000000e+04
1.201700000000000000e+04
1.226200000000000000e+04
1.248500000000000000e+04
1.275600000000000000e+04
1.301000000000000000e+04
1.327800000000000000e+04
1.351200000000000000e+04
1.377800000000000000e+04
1.402400000000000000e+04
1.429300000000000000e+04
1.453900000000000000e+04
1.477800000000000000e+04
1.505700000000000000e+04
1.532300000000000000e+04
1.563900000000000000e+04
1.592800000000000000e+04
1.623100000000000000e+04
1.654800000000000000e+04
1.682500000000000000e+04
1.713700000000000000e+04
1.743600000000000000e+04
1.779500000000000000e+04
1.813900000000000000e+04
1.845100000000000000e+04
1.875100000000000000e+04
1.907200000000000000e+04
1.939000000000000000e+04
1.967000000000000000e+04
1.999100000000000000e+04
2.032900000000000000e+04
2.064200000000000000e+04
2.097800000000000000e+04
2.130100000000000000e+04
2.163800000000000000e+04
2.196900000000000000e+04
2.230300000000000000e+04
2.263700000000000000e+04
2.295600000000000000e+04
2.328400000000000000e+04
2.362000000000000000e+04
2.398700000000000000e+04
2.432600000000000000e+04
2.470200000000000000e+04
2.506900000000000000e+04
2.541600000000000000e+04
2.575300000000000000e+04
2.611700000000000000e+04
2.649200000000000000e+04
2.686300000000000000e+04
2.722800000000000000e+04
2.760800000000000000e+04
2.796800000000000000e+04
2.834200000000000000e+04
2.874000000000000000e+04
2.915600000000000000e+04
2.957800000000000000e+04
2.998700000000000000e+04
3.041600000000000000e+04
3.083700000000000000e+04
3.126700000000000000e+04
3.168900000000000000e+04
3.211100000000000000e+04
3.256200000000000000e+04
3.303000000000000000e+04
3.352600000000000000e+04
3.400200000000000000e+04
3.449800000000000000e+04
3.497700000000000000e+04
3.548300000000000000e+04
3.598900000000000000e+04
3.650100000000000000e+04
3.703400000000000000e+04
3.755300000000000000e+04
3.813100000000000000e+04
3.867100000000000000e+04
3.924700000000000000e+04
3.981500000000000000e+04
4.039000000000000000e+04
4.100900000000000000e+04
4.162500000000000000e+04
4.222500000000000000e+04
4.285000000000000000e+04
4.346900000000000000e+04
4.408900000000000000e+04
4.474100000000000000e+04
4.539600000000000000e+04
4.603500000000000000e+04
4.667900000000000000e+04
4.734700000000000000e+04
4.801000000000000000e+04
4.869000000000000000e+04
4.938700000000000000e+04
5.008800000000000000e+04
5.081200000000000000e+04
5.154400000000000000e+04
5.227400000000000000e+04
5.301100000000000000e+04
5.373800000000000000e+04
5.450500000000000000e+04
5.526500000000000000e+04
5.604500000000000000e+04
5.683800000000000000e+04
5.759200000000000000e+04
5.839000000000000000e+04
5.919500000000000000e+04
5.999800000000000000e+04
6.079700000000000000e+04
6.160300000000000000e+04
6.241000000000000000e+04
6.323200000000000000e+04
6.405200000000000000e+04
6.487600000000000000e+04
6.570800000000000000e+04
6.653500000000000000e+04
6.738800000000000000e+04
6.824800000000000000e+04
6.912100000000000000e+04
6.998000000000000000e+04
