0.000000000000000000e+00
0.000000000000000000e+00
0.000000000000000000e+00
1.200000000000000000e+01
4.000000000000000000e+01
8.800000000000000000e+01
1.530000000000000000e+02
2.360000000000000000e+02
3.350000000000000000e+02
4.530000000000000000e+02
5.620000000000000000e+02
6.680000000000000000e+02
7.680000000000000000e+02
8.750000000000000000e+02
9.870000000000000000e+02
1.091000000000000000e+03
1.213000000000000000e+03
1.340000000000000000e+03
1.472000000000000000e+03
1.597000000000000000e+03
1.724000000000000000e+03
1.868000000000000000e+03
1.986000000000000000e+03
2.130000000000000000e+03
2.257000000000000000e+03
2.394000000000000000e+03
2.502000000000000000e+03
2.635000000000000000e+03
2.773000000000000000e+03
2.934000000000000000e+03
3.076000000000000000e+03
3.220000000000000000e+03
3.379000000000000000e+03
3.520000000000000000e+03
3.663000000000000000e+03
3.807000000000000000e+03
3.933000000000000000e+03
4.084000000000000000e+03
4.217000000000000000e+03
4.363000000000000000e+03
4.488000000000000000e+03
4.638000000000000000e+03
4.767000000000000000e+03
4.913000000000000000e+03
5.055000000000000000e+03
5.204000000000000000e+03
5.367000000000000000e+03
5.524000000000000000e+03
5.704000000000000000e+03
5.868000000000000000e+03
6.047000000000000000e+03
6.235000000000000000e+03
6.434000000000000000e+03
6.618000000000000000e+03
6.801000000000000000e+03
6.972000000000000000e+03
7.181000000000000000e+03
7.355000000000000000e+03
7.572000000000000000e+03
7.780000000000000000e+03
8.005000000000000000e+03
8.215000000000000000e+03
8.420000000000000000e+03
8.661000000000000000e+03
8.890000000000000000e+03
9.141000000000000000e+03
9.411000000000000000e+03
9.687000000000000000e+03
9.974000000000000000e+03
1.021500000000000000e+04
1.049800000000000000e+04
1.074000000000000000e+04
1.099600000000000000e+04
1.122100000000000000e+04
1.148600000000000000e+04
1.174400000000000000e+04
1.200500000000000000e+04
1.224800000000000000e+04
1.250100000000000000e+04
1.275300000000000000e+04
1.299700000000000000e+04
1.323800000000000000e+04
1.346800000000000000e+04
1.373500000000000000e+04
1.397200000000000000e+04
1.423000000000000000e+04
1.446200000000000000e+04
1.473300000000000000e+04
1.498400000000000000e+04
1.527000000000000000e+04
1.555500000000000000e+04
1.585900000000000000e+04
1.616400000000000000e+04
1.648600000000000000e+04
1.679500000000000000e+04
1.710600000000000000e+04
1.741100000000000000e+04
1.774600000000000000e+04
1.803700000000000000e+04
1.836200000000000000e+04
1.870300000000000000e+04
1.904400000000000000e+04
1.934700000000000000e+04
1.966400000000000000e+04
1.999900000000000000e+04
2.032500000000000000e+04
2.065200000000000000e+04
2.097000000000000000e+04
2.131000000000000000e+04
2.165800000000000000e+04
2.200900000000000000e+04
2.237900000000000000e+04
2.273300000000000000e+04
2.308500000000000000e+04
2.345000000000000000e+04
2.377800000000000000e+04
2.414500000000000000e+04
2.451300000000000000e+04
2.491600000000000000e+04
2.531600000000000000e+04
2.572700000000000000e+04
2.615100000000000000e+04
2.657100000000000000e+04
2.697000000000000000e+04
2.735300000000000000e+04
2.777200000000000000e+04
2.821300000000000000e+04
2.863900000000000000e+04
2.906200000000000000e+04
2.953300000000000000e+04
3.000200000000000000e+04
3.048400000000000000e+04
3.095500000000000000e+04
3.143300000000000000e+04
3.192400000000000000e+04
3.244900000000000000e+04
3.296700000000000000e+04
3.344300000000000000e+04
3.396100000000000000e+04
3.450600000000000000e+04
3.503600000000000000e+04
3.559100000000000000e+04
3.614300000000000000e+04
3.672600000000000000e+04
3.728300000000000000e+04
3.789200000000000000e+04
3.847900000000000000e+04
3.907900000000000000e+04
3.969600000000000000e+04
4.032300000000000000e+04
4.092900000000000000e+04
4.156000000000000000e+04
4.218800000000000000e+04
4.283100000000000000e+04
4.348100000000000000e+04
4.416100000000000000e+04
4.482300000000000000e+04
4.550600000000000000e+04
4.617700000000000000e+04
4.687700000000000000e+04
4.757600000000000000e+04
4.828000000000000000e+04
4.899000000000000000e+04
4.971200000000000000e+04
5.044700000000000000e+04
5.120300000000000000e+04
5.196600000000000000e+04
5.271800000000000000e+04
5.348900000000000000e+04
5.425700000000000000e+04
5.504300000000000000e+04
5.584700000000000000e+04
5.664500000000000000e+04
5.743900000000000000e+04
5.824300000000000000e+04
5.905400000000000000e+04
5.988200000000000000e+04
6.071800000000000000e+04
6.155800000000000000e+04
6.239300000000000000e+04
6.324200000000000000e+04
6.409900000000000000e+04
6.492000000000000000e+04
6.578200000000000000e+04
6.664200000000000000e+04
6.752400000000000000e+04
6.837800000000000000e+04
6.925300000000000000e+04
7.013100000000000000e+04
7.101500000000000000e+04
7.191300000000000000e+04
7.282500000000000000e+04
7.372300000000000000e+04
7.463000000000000000e+04
7.554400000000000000e+04
7.643900000000000000e+04
7.734600000000000000e+04
7.826300000000000000e+04
7.917600000000000000e+04
8.008700000000000000e+04
