0.000000000000000000e+00
0.000000000000000000e+00
0.000000000000000000e+00
1.000000000000000000e+01
4.100000000000000000e+01
9.700000000000000000e+01
1.540000000000000000e+02
2.350000000000000000e+02
3.340000000000000000e+02
4.400000000000000000e+02
5.490000000000000000e+02
6.510000000000000000e+02
7.740000000000000000e+02
8.710000000000000000e+02
1.003000000000000000e+03
1.100000000000000000e+03
1.248000000000000000e+03
1.372000000000000000e+03
1.505000000000000000e+03
1.638000000000000000e+03
1.766000000000000000e+03
1.907000000000000000e+03
2.053000000000000000e+03
2.180000000000000000e+03
2.316000000000000000e+03
2.433000000000000000e+03
2.561000000000000000e+03
2.705000000000000000e+03
2.835000000000000000e+03
2.969000000000000000e+03
3.112000000000000000e+03
3.247000000000000000e+03
3.385000000000000000e+03
3.518000000000000000e+03
3.648000000000000000e+03
3.776000000000000000e+03
3.907000000000000000e+03
4.042000000000000000e+03
4.183000000000000000e+03
4.330000000000000000e+03
4.473000000000000000e+03
4.609000000000000000e+03
4.752000000000000000e+03
4.895000000000000000e+03
5.049000000000000000e+03
5.217000000000000000e+03
5.387000000000000000e+03
5.596000000000000000e+03
5.791000000000000000e+03
6.004000000000000000e+03
6.195000000000000000e+03
6.419000000000000000e+03
6.601000000000000000e+03
6.809000000000000000e+03
6.984000000000000000e+03
7.211000000000000000e+03
7.412000000000000000e+03
7.651000000000000000e+03
7.876000000000000000e+03
8.129000000000000000e+03
8.368000000000000000e+03
8.639000000000000000e+03
8.887000000000000000e+03
9.162000000000000000e+03
9.432000000000000000e+03
9.755000000000000000e+03
1.004600000000000000e+04
1.034400000000000000e+04
1.068800000000000000e+04
1.101700000000000000e+04
1.134500000000000000e+04
1.164200000000000000e+04
1.195900000000000000e+04
1.228400000000000000e+04
1.257400000000000000e+04
1.291100000000000000e+04
1.320500000000000000e+04
1.350700000000000000e+04
1.382100000000000000e+04
1.414400000000000000e+04
1.444000000000000000e+04
1.474700000000000000e+04
1.508900000000000000e+04
1.543800000000000000e+04
1.575400000000000000e+04
1.608500000000000000e+04
1.642300000000000000e+04
1.677400000000000000e+04
1.710900000000000000e+04
1.742500000000000000e+04
1.778900000000000000e+04
1.811300000000000000e+04
1.845800000000000000e+04
1.880700000000000000e+04
1.913900000000000000e+04
1.949900000000000000e+04
1.990600000000000000e+04
2.029100000000000000e+04
2.066600000000000000e+04
2.104900000000000000e+04
2.145400000000000000e+04
2.182500000000000000e+04
2.223900000000000000e+04
2.266900000000000000e+04
2.307000000000000000e+04
2.347600000000000000e+04
2.391000000000000000e+04
2.432000000000000000e+04
2.472400000000000000e+04
2.516800000000000000e+04
2.561400000000000000e+04
2.605000000000000000e+04
2.648700000000000000e+04
2.696500000000000000e+04
2.744600000000000000e+04
2.791100000000000000e+04
2.839200000000000000e+04
2.888700000000000000e+04
2.938200000000000000e+04
2.989500000000000000e+04
3.041500000000000000e+04
3.095000000000000000e+04
3.147000000000000000e+04
3.198800000000000000e+04
3.253300000000000000e+04
3.310100000000000000e+04
3.366400000000000000e+04
3.421900000000000000e+04
3.478900000000000000e+04
3.540100000000000000e+04
3.597800000000000000e+04
3.657300000000000000e+04
3.717700000000000000e+04
3.778600000000000000e+04
3.841500000000000000e+04
3.904300000000000000e+04
3.969900000000000000e+04
4.035600000000000000e+04
4.102600000000000000e+04
4.169600000000000000e+04
4.240300000000000000e+04
4.311100000000000000e+04
4.381700000000000000e+04
4.453000000000000000e+04
4.525200000000000000e+04
4.594400000000000000e+04
4.668300000000000000e+04
4.743700000000000000e+04
4.818000000000000000e+04
4.892800000000000000e+04
4.969200000000000000e+04
5.045400000000000000e+04
5.121100000000000000e+04
5.200000000000000000e+04
5.279100000000000000e+04
5.360400000000000000e+04
5.441200000000000000e+04
5.520800000000000000e+04
5.602300000000000000e+04
5.683600000000000000e+04
5.767500000000000000e+04
5.852400000000000000e+04
5.938500000000000000e+04
6.025000000000000000e+04
6.109200000000000000e+04
6.195500000000000000e+04
6.280300000000000000e+04
6.365900000000000000e+04
6.453600000000000000e+04
6.540800000000000000e+04
6.629000000000000000e+04
6.717300000000000000e+04
6.807300000000000000e+04
6.896200000000000000e+04
6.986500000000000000e+04
7.076500000000000000e+04
7.167000000000000000e+04
7.257700000000000000e+04
7.349600000000000000e+04
7.440300000000000000e+04
7.531600000000000000e+04
7.622900000000000000e+04
7.714000000000000000e+04
7.805600000000000000e+04
7.896900000000000000e+04
7.988900000000000000e+04
8.082000000000000000e+04
8.174600000000000000e+04
8.269000000000000000e+04
8.361100000000000000e+04
8.454500000000000000e+04
8.549200000000000000e+04
8.643500000000000000e+04
8.737700000000000000e+04
8.831400000000000000e+04
8.926300000000000000e+04
9.019600000000000000e+04
9.113900000000000000e+04
9.208800000000000000e+04
9.303500000000000000e+04
