0.000000000000000000e+00
0.000000000000000000e+00
0.000000000000000000e+00
1.000000000000000000e+01
3.900000000000000000e+01
9.500000000000000000e+01
1.500000000000000000e+02
2.350000000000000000e+02
3.150000000000000000e+02
4.060000000000000000e+02
4.830000000000000000e+02
5.690000000000000000e+02
6.650000000000000000e+02
7.610000000000000000e+02
8.670000000000000000e+02
9.650000000000000000e+02
1.073000000000000000e+03
1.172000000000000000e+03
1.261000000000000000e+03
1.363000000000000000e+03
1.467000000000000000e+03
1.557000000000000000e+03
1.657000000000000000e+03
1.762000000000000000e+03
1.879000000000000000e+03
1.992000000000000000e+03
2.121000000000000000e+03
2.260000000000000000e+03
2.386000000000000000e+03
2.517000000000000000e+03
2.636000000000000000e+03
2.750000000000000000e+03
2.871000000000000000e+03
2.988000000000000000e+03
3.128000000000000000e+03
3.261000000000000000e+03
3.419000000000000000e+03
3.578000000000000000e+03
3.732000000000000000e+03
3.895000000000000000e+03
4.075000000000000000e+03
4.248000000000000000e+03
4.396000000000000000e+03
4.577000000000000000e+03
4.749000000000000000e+03
4.917000000000000000e+03
5.109000000000000000e+03
5.304000000000000000e+03
5.489000000000000000e+03
5.655000000000000000e+03
5.873000000000000000e+03
6.056000000000000000e+03
6.241000000000000000e+03
6.419000000000000000e+03
6.612000000000000000e+03
6.813000000000000000e+03
7.015000000000000000e+03
7.225000000000000000e+03
7.451000000000000000e+03
7.693000000000000000e+03
7.926000000000000000e+03
8.168000000000000000e+03
8.378000000000000000e+03
8.586000000000000000e+03
8.769000000000000000e+03
8.989000000000000000e+03
9.192000000000000000e+03
9.395000000000000000e+03
9.592000000000000000e+03
9.809000000000000000e+03
1.004200000000000000e+04
1.027100000000000000e+04
1.049900000000000000e+04
1.071000000000000000e+04
1.095100000000000000e+04
1.117200000000000000e+04
1.143300000000000000e+04
1.166300000000000000e+04
1.194900000000000000e+04
1.221100000000000000e+04
1.247600000000000000e+04
1.274400000000000000e+04
1.303300000000000000e+04
1.331300000000000000e+04
1.360600000000000000e+04
1.388200000000000000e+04
1.416300000000000000e+04
1.446100000000000000e+04
1.471700000000000000e+04
1.504000000000000000e+04
1.530600000000000000e+04
1.563000000000000000e+04
1.593800000000000000e+04
1.626800000000000000e+04
1.659000000000000000e+04
1.690100000000000000e+04
1.719700000000000000e+04
1.751200000000000000e+04
1.781600000000000000e+04
1.812900000000000000e+04
1.845300000000000000e+04
1.877400000000000000e+04
1.908500000000000000e+04
1.941300000000000000e+04
1.975300000000000000e+04
2.007100000000000000e+04
2.038600000000000000e+04
2.071200000000000000e+04
2.099100000000000000e+04
2.130500000000000000e+04
2.167600000000000000e+04
2.201600000000000000e+04
2.233800000000000000e+04
2.269300000000000000e+04
2.304700000000000000e+04
2.339700000000000000e+04
2.376500000000000000e+04
2.412600000000000000e+04
2.449400000000000000e+04
2.483400000000000000e+04
2.518100000000000000e+04
2.557100000000000000e+04
2.594300000000000000e+04
2.633400000000000000e+04
2.673600000000000000e+04
2.713800000000000000e+04
2.751900000000000000e+04
2.793100000000000000e+04
2.833700000000000000e+04
2.876100000000000000e+04
2.917500000000000000e+04
2.961000000000000000e+04
3.004100000000000000e+04
3.046600000000000000e+04
3.092200000000000000e+04
3.136000000000000000e+04
3.180200000000000000e+04
3.227600000000000000e+04
3.269900000000000000e+04
3.318500000000000000e+04
3.364600000000000000e+04
3.412600000000000000e+04
3.462100000000000000e+04
3.513800000000000000e+04
3.565800000000000000e+04
3.617900000000000000e+04
3.669100000000000000e+04
3.721100000000000000e+04
3.774700000000000000e+04
3.828500000000000000e+04
3.881700000000000000e+04
3.939400000000000000e+04
3.996900000000000000e+04
4.056000000000000000e+04
4.115400000000000000e+04
4.177900000000000000e+04
4.237400000000000000e+04
4.298400000000000000e+04
4.358400000000000000e+04
4.421900000000000000e+04
4.487500000000000000e+04
4.550600000000000000e+04
4.619100000000000000e+04
4.684500000000000000e+04
4.752000000000000000e+04
4.818700000000000000e+04
4.889000000000000000e+04
4.957400000000000000e+04
5.026000000000000000e+04
5.095700000000000000e+04
5.169500000000000000e+04
5.242000000000000000e+04
5.316200000000000000e+04
5.392400000000000000e+04
5.468400000000000000e+04
5.544200000000000000e+04
5.620000000000000000e+04
5.695900000000000000e+04
5.774400000000000000e+04
5.853300000000000000e+04
5.932900000000000000e+04
6.013000000000000000e+04
6.094200000000000000e+04
6.175500000000000000e+04
6.255800000000000000e+04
6.338500000000000000e+04
6.420000000000000000e+04
6.504000000000000000e+04
6.588300000000000000e+04
6.672500000000000000e+04
6.758500000000000000e+04
6.845500000000000000e+04
6.932200000000000000e+04
7.018300000000000000e+04
7.105100000000000000e+04
7.192900000000000000e+04
7.280300000000000000e+04
7.368800000000000000e+04
7.457100000000000000e+04
7.547800000000000000e+04
