0.000000000000000000e+00
0.000000000000000000e+00
0.000000000000000000e+00
1.300000000000000000e+01
3.700000000000000000e+01
8.800000000000000000e+01
1.580000000000000000e+02
2.380000000000000000e+02
3.400000000000000000e+02
4.200000000000000000e+02
5.290000000000000000e+02
6.130000000000000000e+02
7.270000000000000000e+02
8.090000000000000000e+02
8.980000000000000000e+02
9.630000000000000000e+02
1.053000000000000000e+03
1.125000000000000000e+03
1.228000000000000000e+03
1.310000000000000000e+03
1.431000000000000000e+03
1.530000000000000000e+03
1.662000000000000000e+03
1.757000000000000000e+03
1.874000000000000000e+03
1.972000000000000000e+03
2.074000000000000000e+03
2.170000000000000000e+03
2.274000000000000000e+03
2.374000000000000000e+03
2.471000000000000000e+03
2.595000000000000000e+03
2.716000000000000000e+03
2.864000000000000000e+03
2.987000000000000000e+03
3.151000000000000000e+03
3.298000000000000000e+03
3.466000000000000000e+03
3.600000000000000000e+03
3.730000000000000000e+03
3.870000000000000000e+03
4.013000000000000000e+03
4.165000000000000000e+03
4.327000000000000000e+03
4.507000000000000000e+03
4.689000000000000000e+03
4.850000000000000000e+03
5.041000000000000000e+03
5.221000000000000000e+03
5.414000000000000000e+03
5.580000000000000000e+03
5.785000000000000000e+03
5.987000000000000000e+03
6.211000000000000000e+03
6.455000000000000000e+03
6.700000000000000000e+03
6.913000000000000000e+03
7.127000000000000000e+03
7.344000000000000000e+03
7.589000000000000000e+03
7.831000000000000000e+03
8.115000000000000000e+03
8.384000000000000000e+03
8.676000000000000000e+03
8.937000000000000000e+03
9.217000000000000000e+03
9.509000000000000000e+03
9.827000000000000000e+03
1.015100000000000000e+04
1.048600000000000000e+04
1.081900000000000000e+04
1.113600000000000000e+04
1.145200000000000000e+04
1.178400000000000000e+04
1.212300000000000000e+04
1.245600000000000000e+04
1.279000000000000000e+04
1.310900000000000000e+04
1.341300000000000000e+04
1.372400000000000000e+04
1.405600000000000000e+04
1.439200000000000000e+04
1.474700000000000000e+04
1.508900000000000000e+04
1.547000000000000000e+04
1.583800000000000000e+04
1.623200000000000000e+04
1.661800000000000000e+04
1.697900000000000000e+04
1.737300000000000000e+04
1.777100000000000000e+04
1.815200000000000000e+04
1.854800000000000000e+04
1.892600000000000000e+04
1.932900000000000000e+04
1.973000000000000000e+04
2.012400000000000000e+04
2.051900000000000000e+04
2.095300000000000000e+04
2.138400000000000000e+04
2.181800000000000000e+04
2.225800000000000000e+04
2.273000000000000000e+04
2.319900000000000000e+04
2.367000000000000000e+04
2.412600000000000000e+04
2.460900000000000000e+04
2.510000000000000000e+04
2.559100000000000000e+04
2.607800000000000000e+04
2.659000000000000000e+04
2.708800000000000000e+04
2.760200000000000000e+04
2.811600000000000000e+04
2.867300000000000000e+04
2.920300000000000000e+04
2.976700000000000000e+04
3.032600000000000000e+04
3.090900000000000000e+04
3.150300000000000000e+04
3.205400000000000000e+04
3.267300000000000000e+04
3.328600000000000000e+04
3.389000000000000000e+04
3.453500000000000000e+04
3.517500000000000000e+04
3.579600000000000000e+04
3.645300000000000000e+04
3.710300000000000000e+04
3.777700000000000000e+04
3.844500000000000000e+04
3.912700000000000000e+04
3.983600000000000000e+04
4.053200000000000000e+04
4.124600000000000000e+04
4.195700000000000000e+04
4.268300000000000000e+04
4.341100000000000000e+04
4.416300000000000000e+04
4.495000000000000000e+04
4.570000000000000000e+04
4.645800000000000000e+04
4.724000000000000000e+04
4.804500000000000000e+04
4.883300000000000000e+04
4.964700000000000000e+04
5.047200000000000000e+04
5.127300000000000000e+04
5.208200000000000000e+04
5.290500000000000000e+04
5.373900000000000000e+04
5.455100000000000000e+04
5.539000000000000000e+04
5.621800000000000000e+04
5.706800000000000000e+04
5.795500000000000000e+04
5.881200000000000000e+04
5.968100000000000000e+04
6.055600000000000000e+04
6.143700000000000000e+04
6.232000000000000000e+04
6.319300000000000000e+04
6.408200000000000000e+04
6.496800000000000000e+04
6.586400000000000000e+04
6.675200000000000000e+04
6.764600000000000000e+04
6.854300000000000000e+04
6.943900000000000000e+04
7.035000000000000000e+04
7.126600000000000000e+04
7.217200000000000000e+04
7.309800000000000000e+04
7.399300000000000000e+04
7.491200000000000000e+04
7.583400000000000000e+04
7.676100000000000000e+04
7.769400000000000000e+04
7.862200000000000000e+04
7.955000000000000000e+04
8.047900000000000000e+04
8.141000000000000000e+04
8.234700000000000000e+04
8.329100000000000000e+04
8.422300000000000000e+04
8.515200000000000000e+04
8.610600000000000000e+04
8.703100000000000000e+04
8.798500000000000000e+04
8.891900000000000000e+04
8.985200000000000000e+04
9.079900000000000000e+04
9.174500000000000000e+04
9.268800000000000000e+04
9.363300000000000000e+04
9.457100000000000000e+04
9.552000000000000000e+04
9.647100000000000000e+04
9.741300000000000000e+04
9.836800000000000000e+04
