0.000000000000000000e+00
0.000000000000000000e+00
0.000000000000000000e+00
8.000000000000000000e+00
3.500000000000000000e+01
7.300000000000000000e+01
1.380000000000000000e+02
2.050000000000000000e+02
2.920000000000000000e+02
3.760000000000000000e+02
4.710000000000000000e+02
5.690000000000000000e+02
6.840000000000000000e+02
7.880000000000000000e+02
9.030000000000000000e+02
1.009000000000000000e+03
1.118000000000000000e+03
1.220000000000000000e+03
1.331000000000000000e+03
1.437000000000000000e+03
1.547000000000000000e+03
1.655000000000000000e+03
1.762000000000000000e+03
1.890000000000000000e+03
2.030000000000000000e+03
2.167000000000000000e+03
2.296000000000000000e+03
2.435000000000000000e+03
2.563000000000000000e+03
2.688000000000000000e+03
2.821000000000000000e+03
2.943000000000000000e+03
3.068000000000000000e+03
3.183000000000000000e+03
3.329000000000000000e+03
3.449000000000000000e+03
3.582000000000000000e+03
3.711000000000000000e+03
3.838000000000000000e+03
3.951000000000000000e+03
4.087000000000000000e+03
4.191000000000000000e+03
4.325000000000000000e+03
4.462000000000000000e+03
4.597000000000000000e+03
4.718000000000000000e+03
4.837000000000000000e+03
4.929000000000000000e+03
5.038000000000000000e+03
5.128000000000000000e+03
5.218000000000000000e+03
5.315000000000000000e+03
5.428000000000000000e+03
5.550000000000000000e+03
5.652000000000000000e+03
5.787000000000000000e+03
5.913000000000000000e+03
6.045000000000000000e+03
6.175000000000000000e+03
6.322000000000000000e+03
6.476000000000000000e+03
6.623000000000000000e+03
6.784000000000000000e+03
6.938000000000000000e+03
7.110000000000000000e+03
7.260000000000000000e+03
7.426000000000000000e+03
7.604000000000000000e+03
7.791000000000000000e+03
7.987000000000000000e+03
8.170000000000000000e+03
8.363000000000000000e+03
8.553000000000000000e+03
8.754000000000000000e+03
8.987000000000000000e+03
9.196000000000000000e+03
9.387000000000000000e+03
9.552000000000000000e+03
9.737000000000000000e+03
9.922000000000000000e+03
1.011700000000000000e+04
1.034300000000000000e+04
1.056700000000000000e+04
1.082100000000000000e+04
1.109200000000000000e+04
1.138400000000000000e+04
1.164100000000000000e+04
1.194100000000000000e+04
1.221700000000000000e+04
1.251900000000000000e+04
1.280300000000000000e+04
1.313700000000000000e+04
1.347600000000000000e+04
1.381200000000000000e+04
1.413300000000000000e+04
1.443200000000000000e+04
1.476000000000000000e+04
1.508500000000000000e+04
1.541200000000000000e+04
1.573000000000000000e+04
1.603800000000000000e+04
1.636900000000000000e+04
1.668800000000000000e+04
1.702400000000000000e+04
1.734100000000000000e+04
1.767000000000000000e+04
1.804500000000000000e+04
1.835900000000000000e+04
1.871500000000000000e+04
1.907900000000000000e+04
1.945100000000000000e+04
1.980700000000000000e+04
2.017100000000000000e+04
2.052400000000000000e+04
2.086500000000000000e+04
2.125600000000000000e+04
2.164400000000000000e+04
2.205200000000000000e+04
2.245900000000000000e+04
2.284100000000000000e+04
2.325500000000000000e+04
2.366400000000000000e+04
2.408300000000000000e+04
2.451100000000000000e+04
2.494800000000000000e+04
2.535600000000000000e+04
2.578400000000000000e+04
2.624200000000000000e+04
2.669900000000000000e+04
2.717900000000000000e+04
2.763700000000000000e+04
2.809500000000000000e+04
2.858800000000000000e+04
2.907000000000000000e+04
2.954000000000000000e+04
3.003900000000000000e+04
3.055900000000000000e+04
3.109000000000000000e+04
3.161600000000000000e+04
3.218800000000000000e+04
3.272200000000000000e+04
3.326000000000000000e+04
3.381200000000000000e+04
3.436000000000000000e+04
3.490300000000000000e+04
3.549000000000000000e+04
3.610600000000000000e+04
3.670100000000000000e+04
3.732100000000000000e+04
3.793700000000000000e+04
3.855300000000000000e+04
3.918500000000000000e+04
3.983300000000000000e+04
4.044700000000000000e+04
4.110800000000000000e+04
4.175600000000000000e+04
4.240500000000000000e+04
4.309300000000000000e+04
4.376800000000000000e+04
4.446000000000000000e+04
4.516500000000000000e+04
4.584700000000000000e+04
4.657400000000000000e+04
4.733800000000000000e+04
4.807400000000000000e+04
4.883400000000000000e+04
4.957300000000000000e+04
5.032600000000000000e+04
5.111200000000000000e+04
5.187600000000000000e+04
5.266700000000000000e+04
5.345500000000000000e+04
5.422900000000000000e+04
5.502900000000000000e+04
5.583600000000000000e+04
5.664700000000000000e+04
5.747600000000000000e+04
5.830000000000000000e+04
5.914000000000000000e+04
5.997700000000000000e+04
6.083500000000000000e+04
6.168200000000000000e+04
6.255100000000000000e+04
6.342600000000000000e+04
6.430100000000000000e+04
6.519300000000000000e+04
6.607800000000000000e+04
6.695100000000000000e+04
6.783800000000000000e+04
6.872000000000000000e+04
6.961500000000000000e+04
7.051900000000000000e+04
7.141100000000000000e+04
7.232700000000000000e+04
7.322700000000000000e+04
7.414000000000000000e+04
7.505700000000000000e+04
7.597500000000000000e+04
7.688200000000000000e+04
7.780900000000000000e+04
