0.000000000000000000e+00
0.000000000000000000e+00
0.000000000000000000e+00
1.000000000000000000e+01
3.500000000000000000e+01
7.700000000000000000e+01
1.320000000000000000e+02
2.040000000000000000e+02
2.890000000000000000e+02
3.780000000000000000e+02
4.710000000000000000e+02
5.730000000000000000e+02
6.660000000000000000e+02
7.820000000000000000e+02
8.720000000000000000e+02
9.900000000000000000e+02
1.100000000000000000e+03
1.226000000000000000e+03
1.331000000000000000e+03
1.451000000000000000e+03
1.574000000000000000e+03
1.702000000000000000e+03
1.846000000000000000e+03
1.981000000000000000e+03
2.123000000000000000e+03
2.271000000000000000e+03
2.405000000000000000e+03
2.552000000000000000e+03
2.681000000000000000e+03
2.825000000000000000e+03
2.977000000000000000e+03
3.119000000000000000e+03
3.254000000000000000e+03
3.417000000000000000e+03
3.554000000000000000e+03
3.721000000000000000e+03
3.855000000000000000e+03
4.027000000000000000e+03
4.184000000000000000e+03
4.355000000000000000e+03
4.505000000000000000e+03
4.662000000000000000e+03
4.808000000000000000e+03
4.961000000000000000e+03
5.143000000000000000e+03
5.322000000000000000e+03
5.491000000000000000e+03
5.713000000000000000e+03
5.887000000000000000e+03
6.098000000000000000e+03
6.296000000000000000e+03
6.514000000000000000e+03
6.716000000000000000e+03
6.914000000000000000e+03
7.118000000000000000e+03
7.333000000000000000e+03
7.556000000000000000e+03
7.772000000000000000e+03
7.991000000000000000e+03
8.233000000000000000e+03
8.479000000000000000e+03
8.733000000000000000e+03
8.974000000000000000e+03
9.237000000000000000e+03
9.505000000000000000e+03
9.755000000000000000e+03
1.003800000000000000e+04
1.028100000000000000e+04
1.056200000000000000e+04
1.084500000000000000e+04
1.118100000000000000e+04
1.146800000000000000e+04
1.177800000000000000e+04
1.211500000000000000e+04
1.246800000000000000e+04
1.277400000000000000e+04
1.306700000000000000e+04
1.335500000000000000e+04
1.367300000000000000e+04
1.397100000000000000e+04
1.428100000000000000e+04
1.458400000000000000e+04
1.486600000000000000e+04
1.520700000000000000e+04
1.555100000000000000e+04
1.588100000000000000e+04
1.619000000000000000e+04
1.652800000000000000e+04
1.686500000000000000e+04
1.717000000000000000e+04
1.751100000000000000e+04
1.783400000000000000e+04
1.817000000000000000e+04
1.850500000000000000e+04
1.885000000000000000e+04
1.918600000000000000e+04
1.953400000000000000e+04
1.986900000000000000e+04
2.022900000000000000e+04
2.057800000000000000e+04
2.091700000000000000e+04
2.129100000000000000e+04
2.166800000000000000e+04
2.206300000000000000e+04
2.247200000000000000e+04
2.285100000000000000e+04
2.324000000000000000e+04
2.365400000000000000e+04
2.408400000000000000e+04
2.450100000000000000e+04
2.491000000000000000e+04
2.535300000000000000e+04
2.578400000000000000e+04
2.621400000000000000e+04
2.668100000000000000e+04
2.714000000000000000e+04
2.760400000000000000e+04
2.806200000000000000e+04
2.852900000000000000e+04
2.900100000000000000e+04
2.950900000000000000e+04
2.999800000000000000e+04
3.049300000000000000e+04
3.100700000000000000e+04
3.151200000000000000e+04
3.204100000000000000e+04
3.258800000000000000e+04
3.312700000000000000e+04
3.367400000000000000e+04
3.422000000000000000e+04
3.476100000000000000e+04
3.532000000000000000e+04
3.590800000000000000e+04
3.652700000000000000e+04
3.713100000000000000e+04
3.771700000000000000e+04
3.835200000000000000e+04
3.898900000000000000e+04
3.962200000000000000e+04
4.025700000000000000e+04
4.088600000000000000e+04
4.154100000000000000e+04
4.219100000000000000e+04
4.285500000000000000e+04
4.352600000000000000e+04
4.419600000000000000e+04
4.486200000000000000e+04
4.556200000000000000e+04
4.625800000000000000e+04
4.697000000000000000e+04
4.768800000000000000e+04
4.842900000000000000e+04
4.917200000000000000e+04
4.991900000000000000e+04
5.068400000000000000e+04
5.146000000000000000e+04
5.224000000000000000e+04
5.301900000000000000e+04
5.381200000000000000e+04
5.461700000000000000e+04
5.539600000000000000e+04
5.621000000000000000e+04
5.705200000000000000e+04
5.787500000000000000e+04
5.872200000000000000e+04
5.954500000000000000e+04
6.038600000000000000e+04
6.124400000000000000e+04
6.209700000000000000e+04
6.295300000000000000e+04
6.381300000000000000e+04
6.465800000000000000e+04
6.553400000000000000e+04
6.641400000000000000e+04
6.728900000000000000e+04
6.816700000000000000e+04
6.905900000000000000e+04
6.995100000000000000e+04
7.084400000000000000e+04
7.175200000000000000e+04
7.264600000000000000e+04
7.356700000000000000e+04
7.448000000000000000e+04
7.539500000000000000e+04
7.630300000000000000e+04
7.722400000000000000e+04
7.813800000000000000e+04
7.906800000000000000e+04
7.998900000000000000e+04
8.091400000000000000e+04
8.185100000000000000e+04
8.278500000000000000e+04
8.371200000000000000e+04
8.465500000000000000e+04
8.560300000000000000e+04
8.653200000000000000e+04
8.746100000000000000e+04
8.839700000000000000e+04
8.933900000000000000e+04
9.027300000000000000e+04
