0.000000000000000000e+00
0.000000000000000000e+00
0.000000000000000000e+00
7.000000000000000000e+00
3.300000000000000000e+01
7.800000000000000000e+01
1.380000000000000000e+02
2.240000000000000000e+02
3.100000000000000000e+02
4.260000000000000000e+02
5.220000000000000000e+02
6.220000000000000000e+02
7.120000000000000000e+02
8.080000000000000000e+02
8.790000000000000000e+02
9.670000000000000000e+02
1.042000000000000000e+03
1.122000000000000000e+03
1.207000000000000000e+03
1.296000000000000000e+03
1.383000000000000000e+03
1.461000000000000000e+03
1.542000000000000000e+03
1.619000000000000000e+03
1.708000000000000000e+03
1.804000000000000000e+03
1.895000000000000000e+03
2.015000000000000000e+03
2.126000000000000000e+03
2.261000000000000000e+03
2.368000000000000000e+03
2.504000000000000000e+03
2.616000000000000000e+03
2.730000000000000000e+03
2.847000000000000000e+03
2.952000000000000000e+03
3.079000000000000000e+03
3.210000000000000000e+03
3.335000000000000000e+03
3.456000000000000000e+03
3.599000000000000000e+03
3.724000000000000000e+03
3.854000000000000000e+03
3.990000000000000000e+03
4.109000000000000000e+03
4.239000000000000000e+03
4.361000000000000000e+03
4.500000000000000000e+03
4.644000000000000000e+03
4.790000000000000000e+03
4.947000000000000000e+03
5.087000000000000000e+03
5.242000000000000000e+03
5.387000000000000000e+03
5.528000000000000000e+03
5.646000000000000000e+03
5.778000000000000000e+03
5.900000000000000000e+03
6.028000000000000000e+03
6.151000000000000000e+03
6.301000000000000000e+03
6.421000000000000000e+03
6.546000000000000000e+03
6.653000000000000000e+03
6.793000000000000000e+03
6.930000000000000000e+03
7.071000000000000000e+03
7.214000000000000000e+03
7.367000000000000000e+03
7.529000000000000000e+03
7.702000000000000000e+03
7.861000000000000000e+03
8.045000000000000000e+03
8.218000000000000000e+03
8.399000000000000000e+03
8.555000000000000000e+03
8.735000000000000000e+03
8.936000000000000000e+03
9.133000000000000000e+03
9.340000000000000000e+03
9.541000000000000000e+03
9.758000000000000000e+03
9.989000000000000000e+03
1.021700000000000000e+04
1.045800000000000000e+04
1.067200000000000000e+04
1.091100000000000000e+04
1.115700000000000000e+04
1.137800000000000000e+04
1.161900000000000000e+04
1.184200000000000000e+04
1.207600000000000000e+04
1.228900000000000000e+04
1.253200000000000000e+04
1.275800000000000000e+04
1.301400000000000000e+04
1.324100000000000000e+04
1.350400000000000000e+04
1.376400000000000000e+04
1.405000000000000000e+04
1.431400000000000000e+04
1.460300000000000000e+04
1.487300000000000000e+04
1.519600000000000000e+04
1.553600000000000000e+04
1.581900000000000000e+04
1.610900000000000000e+04
1.646100000000000000e+04
1.679900000000000000e+04
1.710000000000000000e+04
1.740200000000000000e+04
1.774200000000000000e+04
1.809100000000000000e+04
1.843200000000000000e+04
1.875600000000000000e+04
1.909700000000000000e+04
1.942700000000000000e+04
1.977400000000000000e+04
2.012900000000000000e+04
2.049900000000000000e+04
2.087300000000000000e+04
2.126000000000000000e+04
2.161300000000000000e+04
2.197700000000000000e+04
2.232500000000000000e+04
2.270100000000000000e+04
2.309600000000000000e+04
2.347700000000000000e+04
2.387000000000000000e+04
2.426600000000000000e+04
2.464200000000000000e+04
2.503900000000000000e+04
2.544900000000000000e+04
2.588400000000000000e+04
2.629500000000000000e+04
2.669800000000000000e+04
2.713400000000000000e+04
2.753600000000000000e+04
2.799700000000000000e+04
2.846100000000000000e+04
2.891800000000000000e+04
2.939300000000000000e+04
2.986300000000000000e+04
3.034400000000000000e+04
3.083200000000000000e+04
3.129300000000000000e+04
3.181100000000000000e+04
3.230800000000000000e+04
3.281600000000000000e+04
3.332500000000000000e+04
3.384700000000000000e+04
3.441000000000000000e+04
3.494700000000000000e+04
3.547000000000000000e+04
3.601400000000000000e+04
3.659400000000000000e+04
3.718800000000000000e+04
3.775400000000000000e+04
3.833600000000000000e+04
3.894800000000000000e+04
3.958200000000000000e+04
4.021100000000000000e+04
4.084300000000000000e+04
4.146500000000000000e+04
4.214800000000000000e+04
4.280100000000000000e+04
4.344900000000000000e+04
4.413200000000000000e+04
4.480300000000000000e+04
4.552600000000000000e+04
4.623600000000000000e+04
4.693700000000000000e+04
4.765700000000000000e+04
4.835100000000000000e+04
4.909600000000000000e+04
4.983000000000000000e+04
5.057000000000000000e+04
5.133100000000000000e+04
5.211000000000000000e+04
5.289000000000000000e+04
5.366900000000000000e+04
5.443700000000000000e+04
5.523000000000000000e+04
5.601300000000000000e+04
5.683100000000000000e+04
5.764800000000000000e+04
5.845000000000000000e+04
5.928000000000000000e+04
6.010800000000000000e+04
6.092700000000000000e+04
6.175300000000000000e+04
6.260900000000000000e+04
6.348000000000000000e+04
6.434400000000000000e+04
6.520800000000000000e+04
6.608000000000000000e+04
6.696400000000000000e+04
6.782900000000000000e+04
6.870200000000000000e+04
6.959100000000000000e+04
