0.000000000000000000e+00
0.000000000000000000e+00
0.000000000000000000e+00
1.100000000000000000e+01
4.500000000000000000e+01
8.300000000000000000e+01
1.610000000000000000e+02
2.210000000000000000e+02
3.150000000000000000e+02
3.960000000000000000e+02
4.770000000000000000e+02
5.710000000000000000e+02
6.620000000000000000e+02
7.830000000000000000e+02
8.750000000000000000e+02
9.930000000000000000e+02
1.091000000000000000e+03
1.217000000000000000e+03
1.316000000000000000e+03
1.437000000000000000e+03
1.536000000000000000e+03
1.652000000000000000e+03
1.741000000000000000e+03
1.862000000000000000e+03
1.955000000000000000e+03
2.081000000000000000e+03
2.179000000000000000e+03
2.291000000000000000e+03
2.403000000000000000e+03
2.533000000000000000e+03
2.652000000000000000e+03
2.767000000000000000e+03
2.891000000000000000e+03
3.018000000000000000e+03
3.155000000000000000e+03
3.284000000000000000e+03
3.446000000000000000e+03
3.605000000000000000e+03
3.770000000000000000e+03
3.915000000000000000e+03
4.060000000000000000e+03
4.218000000000000000e+03
4.381000000000000000e+03
4.557000000000000000e+03
4.766000000000000000e+03
4.939000000000000000e+03
5.141000000000000000e+03
5.341000000000000000e+03
5.566000000000000000e+03
5.773000000000000000e+03
5.992000000000000000e+03
6.223000000000000000e+03
6.469000000000000000e+03
6.678000000000000000e+03
6.901000000000000000e+03
7.137000000000000000e+03
7.366000000000000000e+03
7.624000000000000000e+03
7.874000000000000000e+03
8.128000000000000000e+03
8.407000000000000000e+03
8.652000000000000000e+03
8.952000000000000000e+03
9.204000000000000000e+03
9.494000000000000000e+03
9.737000000000000000e+03
1.003500000000000000e+04
1.028700000000000000e+04
1.057500000000000000e+04
1.084500000000000000e+04
1.112600000000000000e+04
1.142500000000000000e+04
1.171300000000000000e+04
1.204300000000000000e+04
1.234500000000000000e+04
1.269800000000000000e+04
1.299300000000000000e+04
1.331800000000000000e+04
1.363400000000000000e+04
1.398600000000000000e+04
1.430300000000000000e+04
1.463200000000000000e+04
1.496200000000000000e+04
1.530000000000000000e+04
1.564100000000000000e+04
1.597900000000000000e+04
1.631900000000000000e+04
1.670700000000000000e+04
1.706000000000000000e+04
1.741200000000000000e+04
1.778800000000000000e+04
1.815200000000000000e+04
1.850400000000000000e+04
1.888100000000000000e+04
1.928300000000000000e+04
1.966400000000000000e+04
2.005400000000000000e+04
2.046300000000000000e+04
2.086000000000000000e+04
2.127700000000000000e+04
2.170900000000000000e+04
2.213000000000000000e+04
2.254000000000000000e+04
2.297600000000000000e+04
2.344200000000000000e+04
2.387200000000000000e+04
2.434500000000000000e+04
2.480500000000000000e+04
2.526400000000000000e+04
2.572600000000000000e+04
2.620400000000000000e+04
2.670800000000000000e+04
2.719700000000000000e+04
2.769200000000000000e+04
2.820900000000000000e+04
2.874700000000000000e+04
2.928500000000000000e+04
2.981900000000000000e+04
3.034200000000000000e+04
3.088100000000000000e+04
3.144300000000000000e+04
3.198300000000000000e+04
3.255400000000000000e+04
3.311100000000000000e+04
3.369100000000000000e+04
3.425900000000000000e+04
3.486600000000000000e+04
3.547100000000000000e+04
3.609600000000000000e+04
3.672500000000000000e+04
3.735100000000000000e+04
3.798800000000000000e+04
3.861400000000000000e+04
3.924800000000000000e+04
3.995300000000000000e+04
4.065700000000000000e+04
4.136700000000000000e+04
4.203900000000000000e+04
4.274200000000000000e+04
4.346100000000000000e+04
4.417800000000000000e+04
4.489000000000000000e+04
4.564400000000000000e+04
4.637700000000000000e+04
4.714300000000000000e+04
4.789100000000000000e+04
4.865700000000000000e+04
4.942100000000000000e+04
5.019400000000000000e+04
5.098300000000000000e+04
5.176500000000000000e+04
5.257200000000000000e+04
5.339900000000000000e+04
5.421400000000000000e+04
5.502100000000000000e+04
5.582800000000000000e+04
5.664400000000000000e+04
5.746200000000000000e+04
5.830300000000000000e+04
5.916000000000000000e+04
6.001600000000000000e+04
6.088200000000000000e+04
6.174600000000000000e+04
6.260900000000000000e+04
6.349100000000000000e+04
6.437100000000000000e+04
6.523400000000000000e+04
6.610700000000000000e+04
6.699700000000000000e+04
6.787900000000000000e+04
6.876700000000000000e+04
6.966000000000000000e+04
7.056100000000000000e+04
7.147500000000000000e+04
7.238200000000000000e+04
7.328200000000000000e+04
7.419500000000000000e+04
7.511200000000000000e+04
7.603600000000000000e+04
7.695500000000000000e+04
7.789800000000000000e+04
7.882100000000000000e+04
7.974200000000000000e+04
8.068000000000000000e+04
8.160400000000000000e+04
8.254500000000000000e+04
8.347100000000000000e+04
8.440400000000000000e+04
8.534700000000000000e+04
8.628600000000000000e+04
8.721800000000000000e+04
8.816900000000000000e+04
8.912400000000000000e+04
9.006200000000000000e+04
9.098400000000000000e+04
9.192800000000000000e+04
9.286600000000000000e+04
9.381100000000000000e+04
9.474300000000000000e+04
9.567600000000000000e+04
