0.000000000000000000e+00
0.000000000000000000e+00
0.000000000000000000e+00
9.000000000000000000e+00
4.200000000000000000e+01
7.600000000000000000e+01
1.430000000000000000e+02
2.030000000000000000e+02
3.030000000000000000e+02
3.820000000000000000e+02
4.710000000000000000e+02
5.460000000000000000e+02
6.100000000000000000e+02
6.910000000000000000e+02
7.600000000000000000e+02
8.510000000000000000e+02
9.200000000000000000e+02
1.013000000000000000e+03
1.100000000000000000e+03
1.202000000000000000e+03
1.300000000000000000e+03
1.384000000000000000e+03
1.487000000000000000e+03
1.570000000000000000e+03
1.673000000000000000e+03
1.769000000000000000e+03
1.875000000000000000e+03
1.997000000000000000e+03
2.104000000000000000e+03
2.251000000000000000e+03
2.359000000000000000e+03
2.513000000000000000e+03
2.640000000000000000e+03
2.808000000000000000e+03
2.952000000000000000e+03
3.118000000000000000e+03
3.288000000000000000e+03
3.457000000000000000e+03
3.650000000000000000e+03
3.831000000000000000e+03
4.026000000000000000e+03
4.209000000000000000e+03
4.388000000000000000e+03
4.576000000000000000e+03
4.788000000000000000e+03
4.977000000000000000e+03
5.196000000000000000e+03
5.403000000000000000e+03
5.627000000000000000e+03
5.835000000000000000e+03
6.088000000000000000e+03
6.332000000000000000e+03
6.551000000000000000e+03
6.791000000000000000e+03
7.024000000000000000e+03
7.301000000000000000e+03
7.560000000000000000e+03
7.843000000000000000e+03
8.112000000000000000e+03
8.388000000000000000e+03
8.665000000000000000e+03
8.949000000000000000e+03
9.235000000000000000e+03
9.516000000000000000e+03
9.805000000000000000e+03
1.011500000000000000e+04
1.042300000000000000e+04
1.073400000000000000e+04
1.107200000000000000e+04
1.140500000000000000e+04
1.172400000000000000e+04
1.204400000000000000e+04
1.236700000000000000e+04
1.270300000000000000e+04
1.303300000000000000e+04
1.338500000000000000e+04
1.369200000000000000e+04
1.400200000000000000e+04
1.437800000000000000e+04
1.473400000000000000e+04
1.505800000000000000e+04
1.541000000000000000e+04
1.576500000000000000e+04
1.614300000000000000e+04
1.650800000000000000e+04
1.685300000000000000e+04
1.722800000000000000e+04
1.761300000000000000e+04
1.801100000000000000e+04
1.840400000000000000e+04
1.878000000000000000e+04
1.920300000000000000e+04
1.962400000000000000e+04
2.003900000000000000e+04
2.044700000000000000e+04
2.085200000000000000e+04
2.126100000000000000e+04
2.169600000000000000e+04
2.213200000000000000e+04
2.261800000000000000e+04
2.308900000000000000e+04
2.356700000000000000e+04
2.404200000000000000e+04
2.453700000000000000e+04
2.502000000000000000e+04
2.552200000000000000e+04
2.601900000000000000e+04
2.653200000000000000e+04
2.704900000000000000e+04
2.754800000000000000e+04
2.805400000000000000e+04
2.860200000000000000e+04
2.916500000000000000e+04
2.972300000000000000e+04
3.031800000000000000e+04
3.091000000000000000e+04
3.147500000000000000e+04
3.206900000000000000e+04
3.266000000000000000e+04
3.325100000000000000e+04
3.384700000000000000e+04
3.447100000000000000e+04
3.509300000000000000e+04
3.573000000000000000e+04
3.638300000000000000e+04
3.705200000000000000e+04
3.768900000000000000e+04
3.836300000000000000e+04
3.905500000000000000e+04
3.976100000000000000e+04
4.047300000000000000e+04
4.118200000000000000e+04
4.187400000000000000e+04
4.261700000000000000e+04
4.331800000000000000e+04
4.405900000000000000e+04
4.478400000000000000e+04
4.554300000000000000e+04
4.628000000000000000e+04
4.705100000000000000e+04
4.783400000000000000e+04
4.860700000000000000e+04
4.939200000000000000e+04
5.019300000000000000e+04
5.098200000000000000e+04
5.178400000000000000e+04
5.259300000000000000e+04
5.340700000000000000e+04
5.423000000000000000e+04
5.504800000000000000e+04
5.586700000000000000e+04
5.671900000000000000e+04
5.756300000000000000e+04
5.839800000000000000e+04
5.927900000000000000e+04
6.015200000000000000e+04
6.102700000000000000e+04
6.189500000000000000e+04
6.275600000000000000e+04
6.363800000000000000e+04
6.455400000000000000e+04
6.544200000000000000e+04
6.635000000000000000e+04
6.724900000000000000e+04
6.813800000000000000e+04
6.904000000000000000e+04
6.993500000000000000e+04
7.084800000000000000e+04
7.176600000000000000e+04
7.268800000000000000e+04
7.361900000000000000e+04
7.454800000000000000e+04
7.547400000000000000e+04
7.639400000000000000e+04
7.731100000000000000e+04
7.823100000000000000e+04
7.914200000000000000e+04
8.006900000000000000e+04
8.100200000000000000e+04
8.193500000000000000e+04
8.287900000000000000e+04
8.381500000000000000e+04
8.475600000000000000e+04
8.569600000000000000e+04
8.662100000000000000e+04
8.755200000000000000e+04
8.849200000000000000e+04
8.943900000000000000e+04
9.037300000000000000e+04
9.130800000000000000e+04
9.225100000000000000e+04
9.319400000000000000e+04
9.413900000000000000e+04
9.509500000000000000e+04
9.604000000000000000e+04
9.697700000000000000e+04
9.793000000000000000e+04
9.887300000000000000e+04
9.980500000000000000e+04
1.007470000000000000e+05
