0.000000000000000000e+00
0.000000000000000000e+00
0.000000000000000000e+00
1.600000000000000000e+01
4.600000000000000000e+01
9.500000000000000000e+01
1.610000000000000000e+02
2.380000000000000000e+02
3.300000000000000000e+02
4.220000000000000000e+02
5.110000000000000000e+02
5.980000000000000000e+02
6.950000000000000000e+02
8.020000000000000000e+02
9.120000000000000000e+02
1.010000000000000000e+03
1.128000000000000000e+03
1.229000000000000000e+03
1.358000000000000000e+03
1.463000000000000000e+03
1.612000000000000000e+03
1.727000000000000000e+03
1.895000000000000000e+03
2.034000000000000000e+03
2.192000000000000000e+03
2.311000000000000000e+03
2.437000000000000000e+03
2.572000000000000000e+03
2.717000000000000000e+03
2.857000000000000000e+03
3.014000000000000000e+03
3.159000000000000000e+03
3.321000000000000000e+03
3.484000000000000000e+03
3.663000000000000000e+03
3.843000000000000000e+03
4.019000000000000000e+03
4.203000000000000000e+03
4.368000000000000000e+03
4.543000000000000000e+03
4.713000000000000000e+03
4.904000000000000000e+03
5.097000000000000000e+03
5.296000000000000000e+03
5.494000000000000000e+03
5.695000000000000000e+03
5.897000000000000000e+03
6.108000000000000000e+03
6.307000000000000000e+03
6.557000000000000000e+03
6.773000000000000000e+03
7.008000000000000000e+03
7.254000000000000000e+03
7.473000000000000000e+03
7.714000000000000000e+03
7.943000000000000000e+03
8.210000000000000000e+03
8.465000000000000000e+03
8.730000000000000000e+03
8.982000000000000000e+03
9.223000000000000000e+03
9.455000000000000000e+03
9.721000000000000000e+03
9.964000000000000000e+03
1.023500000000000000e+04
1.050600000000000000e+04
1.076900000000000000e+04
1.105400000000000000e+04
1.130900000000000000e+04
1.159700000000000000e+04
1.185700000000000000e+04
1.215000000000000000e+04
1.241300000000000000e+04
1.272400000000000000e+04
1.300400000000000000e+04
1.331000000000000000e+04
1.363000000000000000e+04
1.393700000000000000e+04
1.425000000000000000e+04
1.454800000000000000e+04
1.485500000000000000e+04
1.519200000000000000e+04
1.551600000000000000e+04
1.582500000000000000e+04
1.613000000000000000e+04
1.646900000000000000e+04
1.678000000000000000e+04
1.709300000000000000e+04
1.741400000000000000e+04
1.773100000000000000e+04
1.805500000000000000e+04
1.839600000000000000e+04
1.874400000000000000e+04
1.908600000000000000e+04
1.941500000000000000e+04
1.977400000000000000e+04
2.014700000000000000e+04
2.051000000000000000e+04
2.085100000000000000e+04
2.122800000000000000e+04
2.158600000000000000e+04
2.195800000000000000e+04
2.236300000000000000e+04
2.272300000000000000e+04
2.310400000000000000e+04
2.346900000000000000e+04
2.385400000000000000e+04
2.424600000000000000e+04
2.463600000000000000e+04
2.505000000000000000e+04
2.548300000000000000e+04
2.588100000000000000e+04
2.630400000000000000e+04
2.673500000000000000e+04
2.719300000000000000e+04
2.763200000000000000e+04
2.807300000000000000e+04
2.854200000000000000e+04
2.901800000000000000e+04
2.949400000000000000e+04
2.996700000000000000e+04
3.046300000000000000e+04
3.098500000000000000e+04
3.151100000000000000e+04
3.202700000000000000e+04
3.253700000000000000e+04
3.306500000000000000e+04
3.361700000000000000e+04
3.418500000000000000e+04
3.473300000000000000e+04
3.527900000000000000e+04
3.585000000000000000e+04
3.641800000000000000e+04
3.696500000000000000e+04
3.755400000000000000e+04
3.816700000000000000e+04
3.876800000000000000e+04
3.941900000000000000e+04
4.003700000000000000e+04
4.065300000000000000e+04
4.129800000000000000e+04
4.194400000000000000e+04
4.258800000000000000e+04
4.327400000000000000e+04
4.394900000000000000e+04
4.462400000000000000e+04
4.531900000000000000e+04
4.601300000000000000e+04
4.672800000000000000e+04
4.743300000000000000e+04
4.814000000000000000e+04
4.886700000000000000e+04
4.963000000000000000e+04
5.038400000000000000e+04
5.112600000000000000e+04
5.187300000000000000e+04
5.269200000000000000e+04
5.346800000000000000e+04
5.422800000000000000e+04
5.500600000000000000e+04
5.580700000000000000e+04
5.661400000000000000e+04
5.744500000000000000e+04
5.828300000000000000e+04
5.911800000000000000e+04
5.992400000000000000e+04
6.075000000000000000e+04
6.161900000000000000e+04
6.248500000000000000e+04
6.333800000000000000e+04
6.418700000000000000e+04
6.506500000000000000e+04
6.595000000000000000e+04
6.681800000000000000e+04
6.768700000000000000e+04
6.856800000000000000e+04
6.944500000000000000e+04
7.034300000000000000e+04
7.124000000000000000e+04
7.214000000000000000e+04
7.305200000000000000e+04
7.394600000000000000e+04
7.485900000000000000e+04
7.575500000000000000e+04
7.668100000000000000e+04
7.758400000000000000e+04
7.848800000000000000e+04
7.940400000000000000e+04
8.033100000000000000e+04
8.126300000000000000e+04
8.218700000000000000e+04
8.311700000000000000e+04
8.404400000000000000e+04
8.498900000000000000e+04
8.591400000000000000e+04
8.683900000000000000e+04
8.776900000000000000e+04
8.870500000000000000e+04
8.964100000000000000e+04
9.055900000000000000e+04
