0.000000000000000000e+00
0.000000000000000000e+00
0.000000000000000000e+00
1.500000000000000000e+01
4.100000000000000000e+01
8.500000000000000000e+01
1.530000000000000000e+02
2.290000000000000000e+02
3.250000000000000000e+02
4.250000000000000000e+02
5.120000000000000000e+02
6.280000000000000000e+02
7.110000000000000000e+02
8.130000000000000000e+02
8.880000000000000000e+02
9.840000000000000000e+02
1.053000000000000000e+03
1.151000000000000000e+03
1.245000000000000000e+03
1.338000000000000000e+03
1.425000000000000000e+03
1.513000000000000000e+03
1.596000000000000000e+03
1.695000000000000000e+03
1.782000000000000000e+03
1.877000000000000000e+03
1.975000000000000000e+03
2.072000000000000000e+03
2.164000000000000000e+03
2.264000000000000000e+03
2.345000000000000000e+03
2.457000000000000000e+03
2.552000000000000000e+03
2.668000000000000000e+03
2.783000000000000000e+03
2.887000000000000000e+03
2.989000000000000000e+03
3.075000000000000000e+03
3.201000000000000000e+03
3.299000000000000000e+03
3.425000000000000000e+03
3.519000000000000000e+03
3.621000000000000000e+03
3.723000000000000000e+03
3.825000000000000000e+03
3.937000000000000000e+03
4.045000000000000000e+03
4.175000000000000000e+03
4.311000000000000000e+03
4.428000000000000000e+03
4.560000000000000000e+03
4.667000000000000000e+03
4.800000000000000000e+03
4.919000000000000000e+03
5.079000000000000000e+03
5.205000000000000000e+03
5.348000000000000000e+03
5.501000000000000000e+03
5.646000000000000000e+03
5.775000000000000000e+03
5.905000000000000000e+03
6.049000000000000000e+03
6.169000000000000000e+03
6.316000000000000000e+03
6.452000000000000000e+03
6.602000000000000000e+03
6.758000000000000000e+03
6.930000000000000000e+03
7.092000000000000000e+03
7.244000000000000000e+03
7.432000000000000000e+03
7.603000000000000000e+03
7.799000000000000000e+03
7.968000000000000000e+03
8.151000000000000000e+03
8.318000000000000000e+03
8.501000000000000000e+03
8.696000000000000000e+03
8.888000000000000000e+03
9.084000000000000000e+03
9.284000000000000000e+03
9.458000000000000000e+03
9.652000000000000000e+03
9.834000000000000000e+03
1.002600000000000000e+04
1.022200000000000000e+04
1.039800000000000000e+04
1.063300000000000000e+04
1.084000000000000000e+04
1.109900000000000000e+04
1.132300000000000000e+04
1.157700000000000000e+04
1.181200000000000000e+04
1.205100000000000000e+04
1.229000000000000000e+04
1.253300000000000000e+04
1.275100000000000000e+04
1.298400000000000000e+04
1.319600000000000000e+04
1.344700000000000000e+04
1.368300000000000000e+04
1.392800000000000000e+04
1.420600000000000000e+04
1.446900000000000000e+04
1.477200000000000000e+04
1.507500000000000000e+04
1.537100000000000000e+04
1.570500000000000000e+04
1.601900000000000000e+04
1.633900000000000000e+04
1.665500000000000000e+04
1.696200000000000000e+04
1.724500000000000000e+04
1.755800000000000000e+04
1.791600000000000000e+04
1.822000000000000000e+04
1.851200000000000000e+04
1.881300000000000000e+04
1.912600000000000000e+04
1.947700000000000000e+04
1.981000000000000000e+04
2.012200000000000000e+04
2.043700000000000000e+04
2.077900000000000000e+04
2.108100000000000000e+04
2.140500000000000000e+04
2.175800000000000000e+04
2.207800000000000000e+04
2.242700000000000000e+04
2.276100000000000000e+04
2.310000000000000000e+04
2.345600000000000000e+04
2.380300000000000000e+04
2.414800000000000000e+04
2.449600000000000000e+04
2.491000000000000000e+04
2.531000000000000000e+04
2.570300000000000000e+04
2.611000000000000000e+04
2.649500000000000000e+04
2.687700000000000000e+04
2.730000000000000000e+04
2.771800000000000000e+04
2.814500000000000000e+04
2.855500000000000000e+04
2.900200000000000000e+04
2.943100000000000000e+04
2.988100000000000000e+04
3.031900000000000000e+04
3.078000000000000000e+04
3.125200000000000000e+04
3.170900000000000000e+04
3.221000000000000000e+04
3.270100000000000000e+04
3.318800000000000000e+04
3.368600000000000000e+04
3.418600000000000000e+04
3.474100000000000000e+04
3.527200000000000000e+04
3.579600000000000000e+04
3.633900000000000000e+04
3.685300000000000000e+04
3.741300000000000000e+04
3.797100000000000000e+04
3.851100000000000000e+04
3.909700000000000000e+04
3.969700000000000000e+04
4.029400000000000000e+04
4.088500000000000000e+04
4.150200000000000000e+04
4.211800000000000000e+04
4.274700000000000000e+04
4.336100000000000000e+04
4.401300000000000000e+04
4.464800000000000000e+04
4.527600000000000000e+04
4.593800000000000000e+04
4.659600000000000000e+04
4.725700000000000000e+04
4.796300000000000000e+04
4.866700000000000000e+04
4.935800000000000000e+04
5.009500000000000000e+04
5.084500000000000000e+04
5.159500000000000000e+04
5.236900000000000000e+04
5.311500000000000000e+04
5.387900000000000000e+04
5.462400000000000000e+04
5.540700000000000000e+04
5.618900000000000000e+04
5.697400000000000000e+04
5.777600000000000000e+04
5.858300000000000000e+04
5.939000000000000000e+04
6.020500000000000000e+04
6.101800000000000000e+04
6.183500000000000000e+04
6.267000000000000000e+04
6.351000000000000000e+04
