0.000000000000000000e+00
0.000000000000000000e+00
0.000000000000000000e+00
8.000000000000000000e+00
3.300000000000000000e+01
7.900000000000000000e+01
1.550000000000000000e+02
2.170000000000000000e+02
3.100000000000000000e+02
3.960000000000000000e+02
4.880000000000000000e+02
5.930000000000000000e+02
6.960000000000000000e+02
7.890000000000000000e+02
8.960000000000000000e+02
1.009000000000000000e+03
1.123000000000000000e+03
1.217000000000000000e+03
1.334000000000000000e+03
1.470000000000000000e+03
1.593000000000000000e+03
1.714000000000000000e+03
1.834000000000000000e+03
1.952000000000000000e+03
2.080000000000000000e+03
2.196000000000000000e+03
2.320000000000000000e+03
2.439000000000000000e+03
2.565000000000000000e+03
2.678000000000000000e+03
2.786000000000000000e+03
2.895000000000000000e+03
3.004000000000000000e+03
3.125000000000000000e+03
3.249000000000000000e+03
3.390000000000000000e+03
3.525000000000000000e+03
3.647000000000000000e+03
3.787000000000000000e+03
3.905000000000000000e+03
4.027000000000000000e+03
4.138000000000000000e+03
4.254000000000000000e+03
4.387000000000000000e+03
4.501000000000000000e+03
4.620000000000000000e+03
4.722000000000000000e+03
4.840000000000000000e+03
4.963000000000000000e+03
5.105000000000000000e+03
5.241000000000000000e+03
5.372000000000000000e+03
5.487000000000000000e+03
5.610000000000000000e+03
5.734000000000000000e+03
5.866000000000000000e+03
5.991000000000000000e+03
6.147000000000000000e+03
6.261000000000000000e+03
6.407000000000000000e+03
6.517000000000000000e+03
6.649000000000000000e+03
6.800000000000000000e+03
6.934000000000000000e+03
7.055000000000000000e+03
7.183000000000000000e+03
7.304000000000000000e+03
7.431000000000000000e+03
7.576000000000000000e+03
7.711000000000000000e+03
7.845000000000000000e+03
8.014000000000000000e+03
8.167000000000000000e+03
8.338000000000000000e+03
8.472000000000000000e+03
8.625000000000000000e+03
8.761000000000000000e+03
8.906000000000000000e+03
9.047000000000000000e+03
9.200000000000000000e+03
9.357000000000000000e+03
9.538000000000000000e+03
9.692000000000000000e+03
9.879000000000000000e+03
1.004600000000000000e+04
1.024800000000000000e+04
1.043100000000000000e+04
1.064500000000000000e+04
1.083500000000000000e+04
1.104100000000000000e+04
1.119700000000000000e+04
1.141100000000000000e+04
1.159300000000000000e+04
1.177300000000000000e+04
1.197500000000000000e+04
1.214200000000000000e+04
1.232900000000000000e+04
1.252300000000000000e+04
1.270900000000000000e+04
1.290600000000000000e+04
1.310100000000000000e+04
1.329700000000000000e+04
1.353000000000000000e+04
1.371300000000000000e+04
1.392600000000000000e+04
1.412500000000000000e+04
1.433900000000000000e+04
1.454600000000000000e+04
1.476400000000000000e+04
1.499100000000000000e+04
1.524400000000000000e+04
1.550600000000000000e+04
1.574900000000000000e+04
1.600500000000000000e+04
1.624800000000000000e+04
1.654600000000000000e+04
1.681800000000000000e+04
1.713100000000000000e+04
1.744300000000000000e+04
1.775800000000000000e+04
1.810000000000000000e+04
1.842000000000000000e+04
1.873000000000000000e+04
1.905700000000000000e+04
1.940100000000000000e+04
1.974300000000000000e+04
2.006700000000000000e+04
2.039400000000000000e+04
2.074200000000000000e+04
2.110400000000000000e+04
2.144100000000000000e+04
2.178300000000000000e+04
2.211300000000000000e+04
2.249500000000000000e+04
2.288900000000000000e+04
2.326100000000000000e+04
2.364700000000000000e+04
2.399700000000000000e+04
2.435600000000000000e+04
2.472100000000000000e+04
2.511700000000000000e+04
2.552000000000000000e+04
2.590300000000000000e+04
2.630200000000000000e+04
2.674100000000000000e+04
2.716900000000000000e+04
2.760100000000000000e+04
2.800000000000000000e+04
2.841400000000000000e+04
2.887500000000000000e+04
2.933700000000000000e+04
2.979500000000000000e+04
3.028200000000000000e+04
3.076600000000000000e+04
3.126100000000000000e+04
3.176100000000000000e+04
3.225700000000000000e+04
3.276400000000000000e+04
3.326300000000000000e+04
3.378900000000000000e+04
3.432800000000000000e+04
3.486100000000000000e+04
3.538500000000000000e+04
3.594300000000000000e+04
3.651600000000000000e+04
3.705800000000000000e+04
3.761900000000000000e+04
3.819900000000000000e+04
3.879000000000000000e+04
3.941300000000000000e+04
4.004300000000000000e+04
4.065300000000000000e+04
4.128100000000000000e+04
4.191700000000000000e+04
4.256300000000000000e+04
4.320900000000000000e+04
4.387600000000000000e+04
4.456000000000000000e+04
4.524700000000000000e+04
4.594400000000000000e+04
4.666100000000000000e+04
4.732600000000000000e+04
4.804000000000000000e+04
4.873000000000000000e+04
4.945000000000000000e+04
5.018200000000000000e+04
5.089500000000000000e+04
5.160200000000000000e+04
5.235200000000000000e+04
5.315400000000000000e+04
5.389500000000000000e+04
5.466100000000000000e+04
5.543800000000000000e+04
5.619500000000000000e+04
5.698300000000000000e+04
5.778100000000000000e+04
5.857300000000000000e+04
5.939900000000000000e+04
6.019700000000000000e+04
6.102400000000000000e+04
