0.000000000000000000e+00
0.000000000000000000e+00
0.000000000000000000e+00
1.100000000000000000e+01
3.800000000000000000e+01
8.300000000000000000e+01
1.450000000000000000e+02
2.320000000000000000e+02
3.210000000000000000e+02
4.270000000000000000e+02
5.160000000000000000e+02
6.220000000000000000e+02
7.080000000000000000e+02
8.130000000000000000e+02
9.110000000000000000e+02
1.027000000000000000e+03
1.127000000000000000e+03
1.255000000000000000e+03
1.372000000000000000e+03
1.504000000000000000e+03
1.624000000000000000e+03
1.755000000000000000e+03
1.868000000000000000e+03
2.030000000000000000e+03
2.163000000000000000e+03
2.316000000000000000e+03
2.440000000000000000e+03
2.569000000000000000e+03
2.685000000000000000e+03
2.809000000000000000e+03
2.940000000000000000e+03
3.065000000000000000e+03
3.207000000000000000e+03
3.353000000000000000e+03
3.527000000000000000e+03
3.703000000000000000e+03
3.889000000000000000e+03
4.064000000000000000e+03
4.242000000000000000e+03
4.424000000000000000e+03
4.600000000000000000e+03
4.803000000000000000e+03
5.001000000000000000e+03
5.220000000000000000e+03
5.426000000000000000e+03
5.613000000000000000e+03
5.809000000000000000e+03
5.988000000000000000e+03
6.190000000000000000e+03
6.371000000000000000e+03
6.586000000000000000e+03
6.769000000000000000e+03
6.967000000000000000e+03
7.165000000000000000e+03
7.381000000000000000e+03
7.600000000000000000e+03
7.839000000000000000e+03
8.069000000000000000e+03
8.342000000000000000e+03
8.613000000000000000e+03
8.866000000000000000e+03
9.129000000000000000e+03
9.371000000000000000e+03
9.625000000000000000e+03
9.867000000000000000e+03
1.013900000000000000e+04
1.039100000000000000e+04
1.065700000000000000e+04
1.094600000000000000e+04
1.122200000000000000e+04
1.153100000000000000e+04
1.183100000000000000e+04
1.214300000000000000e+04
1.244500000000000000e+04
1.275900000000000000e+04
1.307000000000000000e+04
1.341800000000000000e+04
1.374100000000000000e+04
1.407300000000000000e+04
1.440500000000000000e+04
1.474900000000000000e+04
1.511800000000000000e+04
1.546500000000000000e+04
1.583500000000000000e+04
1.617400000000000000e+04
1.652000000000000000e+04
1.688000000000000000e+04
1.721700000000000000e+04
1.755700000000000000e+04
1.795100000000000000e+04
1.833700000000000000e+04
1.869600000000000000e+04
1.905900000000000000e+04
1.942600000000000000e+04
1.982000000000000000e+04
2.020400000000000000e+04
2.059000000000000000e+04
2.102200000000000000e+04
2.145100000000000000e+04
2.187600000000000000e+04
2.230700000000000000e+04
2.273100000000000000e+04
2.318700000000000000e+04
2.367600000000000000e+04
2.414400000000000000e+04
2.459100000000000000e+04
2.505900000000000000e+04
2.555500000000000000e+04
2.602700000000000000e+04
2.646600000000000000e+04
2.699200000000000000e+04
2.750100000000000000e+04
2.804300000000000000e+04
2.855300000000000000e+04
2.907100000000000000e+04
2.962300000000000000e+04
3.018000000000000000e+04
3.073000000000000000e+04
3.129800000000000000e+04
3.189400000000000000e+04
3.247700000000000000e+04
3.306300000000000000e+04
3.366100000000000000e+04
3.428600000000000000e+04
3.488900000000000000e+04
3.551800000000000000e+04
3.615700000000000000e+04
3.679200000000000000e+04
3.743000000000000000e+04
3.806800000000000000e+04
3.873800000000000000e+04
3.941600000000000000e+04
4.009000000000000000e+04
4.077200000000000000e+04
4.147800000000000000e+04
4.219100000000000000e+04
4.290500000000000000e+04
4.364100000000000000e+04
4.437000000000000000e+04
4.512800000000000000e+04
4.588300000000000000e+04
4.665100000000000000e+04
4.741000000000000000e+04
4.816500000000000000e+04
4.893300000000000000e+04
4.972000000000000000e+04
5.050900000000000000e+04
5.130200000000000000e+04
5.211700000000000000e+04
5.293200000000000000e+04
5.372700000000000000e+04
5.454800000000000000e+04
5.538100000000000000e+04
5.617500000000000000e+04
5.698900000000000000e+04
5.784800000000000000e+04
5.869300000000000000e+04
5.954200000000000000e+04
6.039800000000000000e+04
6.126000000000000000e+04
6.214600000000000000e+04
6.301000000000000000e+04
6.390200000000000000e+04
6.478500000000000000e+04
6.566300000000000000e+04
6.656000000000000000e+04
6.745700000000000000e+04
6.835000000000000000e+04
6.924400000000000000e+04
7.014600000000000000e+04
7.107300000000000000e+04
7.199300000000000000e+04
7.289700000000000000e+04
7.381000000000000000e+04
7.473400000000000000e+04
7.566100000000000000e+04
7.658400000000000000e+04
7.751000000000000000e+04
7.843100000000000000e+04
7.935700000000000000e+04
8.028400000000000000e+04
8.120900000000000000e+04
8.214400000000000000e+04
8.306600000000000000e+04
8.399300000000000000e+04
8.493000000000000000e+04
8.587500000000000000e+04
8.681400000000000000e+04
8.776200000000000000e+04
8.869800000000000000e+04
8.964500000000000000e+04
9.058400000000000000e+04
9.150200000000000000e+04
9.245700000000000000e+04
9.340500000000000000e+04
9.435100000000000000e+04
9.529900000000000000e+04
9.623400000000000000e+04
9.718600000000000000e+04
9.813200000000000000e+04
