0.000000000000000000e+00
0.000000000000000000e+00
0.000000000000000000e+00
1.100000000000000000e+01
3.500000000000000000e+01
8.800000000000000000e+01
1.480000000000000000e+02
2.160000000000000000e+02
3.050000000000000000e+02
3.730000000000000000e+02
4.780000000000000000e+02
5.790000000000000000e+02
6.750000000000000000e+02
7.730000000000000000e+02
8.620000000000000000e+02
9.790000000000000000e+02
1.086000000000000000e+03
1.203000000000000000e+03
1.329000000000000000e+03
1.457000000000000000e+03
1.587000000000000000e+03
1.705000000000000000e+03
1.840000000000000000e+03
1.985000000000000000e+03
2.118000000000000000e+03
2.253000000000000000e+03
2.383000000000000000e+03
2.538000000000000000e+03
2.678000000000000000e+03
2.847000000000000000e+03
2.996000000000000000e+03
3.173000000000000000e+03
3.345000000000000000e+03
3.524000000000000000e+03
3.689000000000000000e+03
3.881000000000000000e+03
4.069000000000000000e+03
4.266000000000000000e+03
4.452000000000000000e+03
4.652000000000000000e+03
4.841000000000000000e+03
5.033000000000000000e+03
5.248000000000000000e+03
5.460000000000000000e+03
5.664000000000000000e+03
5.872000000000000000e+03
6.094000000000000000e+03
6.320000000000000000e+03
6.543000000000000000e+03
6.749000000000000000e+03
6.984000000000000000e+03
7.217000000000000000e+03
7.495000000000000000e+03
7.752000000000000000e+03
8.054000000000000000e+03
8.357000000000000000e+03
8.669000000000000000e+03
8.976000000000000000e+03
9.308000000000000000e+03
9.606000000000000000e+03
9.909000000000000000e+03
1.023100000000000000e+04
1.057200000000000000e+04
1.091600000000000000e+04
1.126300000000000000e+04
1.162100000000000000e+04
1.194600000000000000e+04
1.228800000000000000e+04
1.262700000000000000e+04
1.291300000000000000e+04
1.322600000000000000e+04
1.357300000000000000e+04
1.394900000000000000e+04
1.432500000000000000e+04
1.466600000000000000e+04
1.502200000000000000e+04
1.538400000000000000e+04
1.573300000000000000e+04
1.607700000000000000e+04
1.646000000000000000e+04
1.683400000000000000e+04
1.723000000000000000e+04
1.762000000000000000e+04
1.801300000000000000e+04
1.840200000000000000e+04
1.880000000000000000e+04
1.922500000000000000e+04
1.965400000000000000e+04
2.009600000000000000e+04
2.053400000000000000e+04
2.096200000000000000e+04
2.140200000000000000e+04
2.185600000000000000e+04
2.230900000000000000e+04
2.281800000000000000e+04
2.332300000000000000e+04
2.383000000000000000e+04
2.434300000000000000e+04
2.483600000000000000e+04
2.534100000000000000e+04
2.587100000000000000e+04
2.638500000000000000e+04
2.693600000000000000e+04
2.746700000000000000e+04
2.801600000000000000e+04
2.855000000000000000e+04
2.911100000000000000e+04
2.967100000000000000e+04
3.023300000000000000e+04
3.081300000000000000e+04
3.142700000000000000e+04
3.201500000000000000e+04
3.265100000000000000e+04
3.327900000000000000e+04
3.392400000000000000e+04
3.456700000000000000e+04
3.520400000000000000e+04
3.586200000000000000e+04
3.651200000000000000e+04
3.717400000000000000e+04
3.786800000000000000e+04
3.856300000000000000e+04
3.923400000000000000e+04
3.995100000000000000e+04
4.067300000000000000e+04
4.136900000000000000e+04
4.209800000000000000e+04
4.282100000000000000e+04
4.354900000000000000e+04
4.429000000000000000e+04
4.504600000000000000e+04
4.579900000000000000e+04
4.656600000000000000e+04
4.735500000000000000e+04
4.815300000000000000e+04
4.894300000000000000e+04
4.974000000000000000e+04
5.055500000000000000e+04
5.135900000000000000e+04
5.218700000000000000e+04
5.302300000000000000e+04
5.384500000000000000e+04
5.469600000000000000e+04
5.553500000000000000e+04
5.638700000000000000e+04
5.724600000000000000e+04
5.811900000000000000e+04
5.899200000000000000e+04
5.987600000000000000e+04
6.071000000000000000e+04
6.158900000000000000e+04
6.246300000000000000e+04
6.334800000000000000e+04
6.424300000000000000e+04
6.513800000000000000e+04
6.605300000000000000e+04
6.695000000000000000e+04
6.786000000000000000e+04
6.878000000000000000e+04
6.969200000000000000e+04
7.059600000000000000e+04
7.150700000000000000e+04
7.243200000000000000e+04
7.336200000000000000e+04
7.428500000000000000e+04
7.519800000000000000e+04
7.612200000000000000e+04
7.704800000000000000e+04
7.797000000000000000e+04
7.888600000000000000e+04
7.981200000000000000e+04
8.073600000000000000e+04
8.167400000000000000e+04
8.262700000000000000e+04
8.356300000000000000e+04
8.450900000000000000e+04
8.543200000000000000e+04
8.637000000000000000e+04
8.731000000000000000e+04
8.825900000000000000e+04
8.920100000000000000e+04
9.014500000000000000e+04
9.108300000000000000e+04
9.202000000000000000e+04
9.296700000000000000e+04
9.392400000000000000e+04
9.488000000000000000e+04
9.582800000000000000e+04
9.678300000000000000e+04
9.773100000000000000e+04
9.868800000000000000e+04
9.963300000000000000e+04
1.005810000000000000e+05
1.015330000000000000e+05
1.024860000000000000e+05
1.034400000000000000e+05
1.043920000000000000e+05
1.053300000000000000e+05
1.062740000000000000e+05
1.072250000000000000e+05
