0.000000000000000000e+00
0.000000000000000000e+00
0.000000000000000000e+00
1.700000000000000000e+01
4.500000000000000000e+01
9.600000000000000000e+01
1.650000000000000000e+02
2.450000000000000000e+02
3.360000000000000000e+02
4.350000000000000000e+02
5.370000000000000000e+02
6.360000000000000000e+02
7.150000000000000000e+02
8.200000000000000000e+02
9.010000000000000000e+02
1.014000000000000000e+03
1.092000000000000000e+03
1.185000000000000000e+03
1.278000000000000000e+03
1.369000000000000000e+03
1.459000000000000000e+03
1.549000000000000000e+03
1.636000000000000000e+03
1.723000000000000000e+03
1.809000000000000000e+03
1.902000000000000000e+03
2.008000000000000000e+03
2.115000000000000000e+03
2.224000000000000000e+03
2.305000000000000000e+03
2.405000000000000000e+03
2.479000000000000000e+03
2.572000000000000000e+03
2.662000000000000000e+03
2.750000000000000000e+03
2.832000000000000000e+03
2.919000000000000000e+03
3.009000000000000000e+03
3.094000000000000000e+03
3.181000000000000000e+03
3.270000000000000000e+03
3.339000000000000000e+03
3.420000000000000000e+03
3.488000000000000000e+03
3.581000000000000000e+03
3.661000000000000000e+03
3.750000000000000000e+03
3.844000000000000000e+03
3.951000000000000000e+03
4.051000000000000000e+03
4.176000000000000000e+03
4.298000000000000000e+03
4.442000000000000000e+03
4.565000000000000000e+03
4.692000000000000000e+03
4.822000000000000000e+03
4.960000000000000000e+03
5.103000000000000000e+03
5.232000000000000000e+03
5.376000000000000000e+03
5.522000000000000000e+03
5.694000000000000000e+03
5.866000000000000000e+03
6.028000000000000000e+03
6.196000000000000000e+03
6.364000000000000000e+03
6.525000000000000000e+03
6.677000000000000000e+03
6.831000000000000000e+03
7.001000000000000000e+03
7.178000000000000000e+03
7.347000000000000000e+03
7.530000000000000000e+03
7.711000000000000000e+03
7.884000000000000000e+03
8.062000000000000000e+03
8.220000000000000000e+03
8.391000000000000000e+03
8.556000000000000000e+03
8.747000000000000000e+03
8.922000000000000000e+03
9.118000000000000000e+03
9.308000000000000000e+03
9.501000000000000000e+03
9.720000000000000000e+03
9.925000000000000000e+03
1.013500000000000000e+04
1.032400000000000000e+04
1.053000000000000000e+04
1.074800000000000000e+04
1.096600000000000000e+04
1.118700000000000000e+04
1.140400000000000000e+04
1.165100000000000000e+04
1.187500000000000000e+04
1.211500000000000000e+04
1.235300000000000000e+04
1.259700000000000000e+04
1.286400000000000000e+04
1.313200000000000000e+04
1.339900000000000000e+04
1.367200000000000000e+04
1.396500000000000000e+04
1.424000000000000000e+04
1.453200000000000000e+04
1.480600000000000000e+04
1.507400000000000000e+04
1.532500000000000000e+04
1.561000000000000000e+04
1.587200000000000000e+04
1.615900000000000000e+04
1.642700000000000000e+04
1.673400000000000000e+04
1.705000000000000000e+04
1.733100000000000000e+04
1.765100000000000000e+04
1.796400000000000000e+04
1.827600000000000000e+04
1.858300000000000000e+04
1.887800000000000000e+04
1.918700000000000000e+04
1.954000000000000000e+04
1.985200000000000000e+04
2.015800000000000000e+04
2.050200000000000000e+04
2.082900000000000000e+04
2.115200000000000000e+04
2.148600000000000000e+04
2.182400000000000000e+04
2.214600000000000000e+04
2.247500000000000000e+04
2.280800000000000000e+04
2.314100000000000000e+04
2.348400000000000000e+04
2.383600000000000000e+04
2.418900000000000000e+04
2.452400000000000000e+04
2.490800000000000000e+04
2.527400000000000000e+04
2.562900000000000000e+04
2.599500000000000000e+04
2.635700000000000000e+04
2.672200000000000000e+04
2.710200000000000000e+04
2.749400000000000000e+04
2.789100000000000000e+04
2.827100000000000000e+04
2.865400000000000000e+04
2.904300000000000000e+04
2.946300000000000000e+04
2.987900000000000000e+04
3.030700000000000000e+04
3.072600000000000000e+04
3.117500000000000000e+04
3.162500000000000000e+04
3.207900000000000000e+04
3.252400000000000000e+04
3.299100000000000000e+04
3.347300000000000000e+04
3.394900000000000000e+04
3.442600000000000000e+04
3.492100000000000000e+04
3.541700000000000000e+04
3.589300000000000000e+04
3.640200000000000000e+04
3.692700000000000000e+04
3.743700000000000000e+04
3.797600000000000000e+04
3.849100000000000000e+04
3.903800000000000000e+04
3.960800000000000000e+04
4.018800000000000000e+04
4.078400000000000000e+04
4.135700000000000000e+04
4.196300000000000000e+04
4.255500000000000000e+04
4.316500000000000000e+04
4.376800000000000000e+04
4.439100000000000000e+04
4.501100000000000000e+04
4.565300000000000000e+04
4.630500000000000000e+04
4.694200000000000000e+04
4.762300000000000000e+04
4.832300000000000000e+04
4.902100000000000000e+04
4.969500000000000000e+04
5.042900000000000000e+04
5.115200000000000000e+04
5.186900000000000000e+04
5.260300000000000000e+04
5.333000000000000000e+04
5.406600000000000000e+04
5.481700000000000000e+04
5.557900000000000000e+04
5.635100000000000000e+04
5.712000000000000000e+04
5.790000000000000000e+04
5.868500000000000000e+04
5.948900000000000000e+04
