0.000000000000000000e+00
0.000000000000000000e+00
0.000000000000000000e+00
7.000000000000000000e+00
3.000000000000000000e+01
7.000000000000000000e+01
1.350000000000000000e+02
2.070000000000000000e+02
3.060000000000000000e+02
3.980000000000000000e+02
5.020000000000000000e+02
5.920000000000000000e+02
6.920000000000000000e+02
7.840000000000000000e+02
8.720000000000000000e+02
9.800000000000000000e+02
1.074000000000000000e+03
1.172000000000000000e+03
1.280000000000000000e+03
1.394000000000000000e+03
1.489000000000000000e+03
1.590000000000000000e+03
1.696000000000000000e+03
1.804000000000000000e+03
1.898000000000000000e+03
1.992000000000000000e+03
2.089000000000000000e+03
2.186000000000000000e+03
2.287000000000000000e+03
2.389000000000000000e+03
2.490000000000000000e+03
2.599000000000000000e+03
2.701000000000000000e+03
2.816000000000000000e+03
2.941000000000000000e+03
3.087000000000000000e+03
3.217000000000000000e+03
3.349000000000000000e+03
3.464000000000000000e+03
3.585000000000000000e+03
3.731000000000000000e+03
3.860000000000000000e+03
4.012000000000000000e+03
4.147000000000000000e+03
4.300000000000000000e+03
4.453000000000000000e+03
4.603000000000000000e+03
4.763000000000000000e+03
4.917000000000000000e+03
5.084000000000000000e+03
5.251000000000000000e+03
5.418000000000000000e+03
5.584000000000000000e+03
5.737000000000000000e+03
5.922000000000000000e+03
6.066000000000000000e+03
6.230000000000000000e+03
6.375000000000000000e+03
6.535000000000000000e+03
6.708000000000000000e+03
6.870000000000000000e+03
7.053000000000000000e+03
7.226000000000000000e+03
7.412000000000000000e+03
7.595000000000000000e+03
7.774000000000000000e+03
7.967000000000000000e+03
8.176000000000000000e+03
8.388000000000000000e+03
8.609000000000000000e+03
8.803000000000000000e+03
9.033000000000000000e+03
9.236000000000000000e+03
9.443000000000000000e+03
9.657000000000000000e+03
9.880000000000000000e+03
1.013600000000000000e+04
1.040600000000000000e+04
1.069900000000000000e+04
1.101800000000000000e+04
1.132200000000000000e+04
1.163600000000000000e+04
1.190200000000000000e+04
1.220500000000000000e+04
1.246000000000000000e+04
1.271200000000000000e+04
1.297100000000000000e+04
1.323300000000000000e+04
1.347500000000000000e+04
1.370200000000000000e+04
1.392800000000000000e+04
1.415900000000000000e+04
1.439300000000000000e+04
1.462100000000000000e+04
1.488100000000000000e+04
1.513000000000000000e+04
1.539000000000000000e+04
1.565500000000000000e+04
1.592700000000000000e+04
1.622800000000000000e+04
1.653000000000000000e+04
1.684600000000000000e+04
1.714500000000000000e+04
1.747000000000000000e+04
1.778800000000000000e+04
1.808700000000000000e+04
1.840600000000000000e+04
1.871600000000000000e+04
1.907800000000000000e+04
1.942600000000000000e+04
1.977200000000000000e+04
2.012600000000000000e+04
2.048200000000000000e+04
2.083500000000000000e+04
2.120100000000000000e+04
2.153800000000000000e+04
2.187600000000000000e+04
2.222600000000000000e+04
2.262600000000000000e+04
2.300300000000000000e+04
2.337100000000000000e+04
2.372600000000000000e+04
2.412400000000000000e+04
2.449100000000000000e+04
2.485300000000000000e+04
2.526400000000000000e+04
2.566800000000000000e+04
2.607200000000000000e+04
2.648300000000000000e+04
2.687900000000000000e+04
2.730900000000000000e+04
2.773700000000000000e+04
2.817600000000000000e+04
2.860300000000000000e+04
2.903600000000000000e+04
2.949300000000000000e+04
2.995500000000000000e+04
3.041900000000000000e+04
3.089200000000000000e+04
3.139600000000000000e+04
3.189700000000000000e+04
3.238800000000000000e+04
3.286200000000000000e+04
3.335400000000000000e+04
3.388700000000000000e+04
3.441200000000000000e+04
3.493700000000000000e+04
3.547600000000000000e+04
3.602200000000000000e+04
3.656700000000000000e+04
3.710800000000000000e+04
3.768600000000000000e+04
3.829600000000000000e+04
3.888700000000000000e+04
3.949000000000000000e+04
4.008600000000000000e+04
4.070200000000000000e+04
4.132700000000000000e+04
4.197000000000000000e+04
4.262500000000000000e+04
4.331200000000000000e+04
4.397900000000000000e+04
4.463900000000000000e+04
4.532500000000000000e+04
4.599300000000000000e+04
4.670200000000000000e+04
4.741700000000000000e+04
4.814200000000000000e+04
4.885500000000000000e+04
4.959300000000000000e+04
5.032800000000000000e+04
5.105100000000000000e+04
5.179400000000000000e+04
5.256300000000000000e+04
5.333200000000000000e+04
5.413700000000000000e+04
5.494300000000000000e+04
5.576300000000000000e+04
5.654700000000000000e+04
5.735800000000000000e+04
5.818500000000000000e+04
5.901000000000000000e+04
5.986500000000000000e+04
6.070200000000000000e+04
6.152800000000000000e+04
6.236500000000000000e+04
6.321800000000000000e+04
6.406600000000000000e+04
6.492400000000000000e+04
6.580400000000000000e+04
6.667300000000000000e+04
6.756300000000000000e+04
6.843600000000000000e+04
6.932300000000000000e+04
7.021900000000000000e+04
7.110200000000000000e+04
7.200000000000000000e+04
7.290500000000000000e+04
7.379800000000000000e+04
7.469700000000000000e+04
