0.000000000000000000e+00
0.000000000000000000e+00
9.000000000000000000e+00
2.200000000000000000e+01
6.900000000000000000e+01
1.130000000000000000e+02
1.930000000000000000e+02
2.040000000000000000e+02
2.860000000000000000e+02
3.050000000000000000e+02
3.120000000000000000e+02
3.210000000000000000e+02
2.890000000000000000e+02
3.210000000000000000e+02
3.070000000000000000e+02
3.110000000000000000e+02
2.740000000000000000e+02
2.840000000000000000e+02
2.680000000000000000e+02
2.920000000000000000e+02
3.340000000000000000e+02
3.090000000000000000e+02
3.300000000000000000e+02
3.610000000000000000e+02
3.400000000000000000e+02
3.470000000000000000e+02
3.240000000000000000e+02
3.480000000000000000e+02
3.690000000000000000e+02
3.830000000000000000e+02
3.670000000000000000e+02
3.690000000000000000e+02
3.390000000000000000e+02
3.540000000000000000e+02
3.890000000000000000e+02
3.490000000000000000e+02
3.920000000000000000e+02
3.030000000000000000e+02
3.630000000000000000e+02
3.190000000000000000e+02
3.640000000000000000e+02
3.540000000000000000e+02
4.360000000000000000e+02
4.490000000000000000e+02
4.900000000000000000e+02
5.190000000000000000e+02
5.650000000000000000e+02
5.200000000000000000e+02
4.850000000000000000e+02
5.580000000000000000e+02
5.610000000000000000e+02
5.720000000000000000e+02
5.930000000000000000e+02
5.830000000000000000e+02
5.620000000000000000e+02
6.080000000000000000e+02
5.710000000000000000e+02
6.310000000000000000e+02
6.130000000000000000e+02
6.000000000000000000e+02
6.110000000000000000e+02
6.330000000000000000e+02
5.610000000000000000e+02
6.540000000000000000e+02
6.300000000000000000e+02
6.760000000000000000e+02
6.580000000000000000e+02
7.060000000000000000e+02
7.620000000000000000e+02
7.660000000000000000e+02
8.120000000000000000e+02
7.270000000000000000e+02
7.650000000000000000e+02
8.170000000000000000e+02
7.550000000000000000e+02
7.550000000000000000e+02
7.610000000000000000e+02
6.960000000000000000e+02
8.330000000000000000e+02
7.030000000000000000e+02
9.130000000000000000e+02
7.640000000000000000e+02
8.650000000000000000e+02
8.790000000000000000e+02
8.430000000000000000e+02
9.210000000000000000e+02
9.280000000000000000e+02
9.100000000000000000e+02
8.900000000000000000e+02
8.770000000000000000e+02
9.190000000000000000e+02
8.670000000000000000e+02
9.760000000000000000e+02
9.740000000000000000e+02
9.840000000000000000e+02
1.000000000000000000e+03
1.000000000000000000e+03
1.000000000000000000e+03
1.000000000000000000e+03
1.000000000000000000e+03
1.000000000000000000e+03
1.000000000000000000e+03
1.000000000000000000e+03
1.000000000000000000e+03
1.000000000000000000e+03
1.000000000000000000e+03
1.000000000000000000e+03
1.000000000000000000e+03
1.000000000000000000e+03
1.000000000000000000e+03
1.000000000000000000e+03
1.000000000000000000e+03
1.000000000000000000e+03
1.000000000000000000e+03
1.000000000000000000e+03
1.000000000000000000e+03
1.000000000000000000e+03
1.000000000000000000e+03
1.000000000000000000e+03
1.000000000000000000e+03
1.000000000000000000e+03
1.000000000000000000e+03
1.000000000000000000e+03
1.000000000000000000e+03
1.000000000000000000e+03
1.000000000000000000e+03
1.000000000000000000e+03
1.000000000000000000e+03
1.000000000000000000e+03
1.000000000000000000e+03
1.000000000000000000e+03
1.000000000000000000e+03
1.000000000000000000e+03
1.000000000000000000e+03
1.000000000000000000e+03
1.000000000000000000e+03
1.000000000000000000e+03
1.000000000000000000e+03
1.000000000000000000e+03
1.000000000000000000e+03
1.000000000000000000e+03
1.000000000000000000e+03
1.000000000000000000e+03
1.000000000000000000e+03
1.000000000000000000e+03
1.000000000000000000e+03
1.000000000000000000e+03
1.000000000000000000e+03
1.000000000000000000e+03
1.000000000000000000e+03
1.000000000000000000e+03
1.000000000000000000e+03
1.000000000000000000e+03
1.000000000000000000e+03
1.000000000000000000e+03
1.000000000000000000e+03
1.000000000000000000e+03
1.000000000000000000e+03
1.000000000000000000e+03
1.000000000000000000e+03
1.000000000000000000e+03
1.000000000000000000e+03
1.000000000000000000e+03
1.000000000000000000e+03
1.000000000000000000e+03
1.000000000000000000e+03
1.000000000000000000e+03
1.000000000000000000e+03
1.000000000000000000e+03
1.000000000000000000e+03
1.000000000000000000e+03
1.000000000000000000e+03
1.000000000000000000e+03
1.000000000000000000e+03
1.000000000000000000e+03
1.000000000000000000e+03
1.000000000000000000e+03
1.000000000000000000e+03
1.000000000000000000e+03
1.000000000000000000e+03
1.000000000000000000e+03
1.000000000000000000e+03
1.000000000000000000e+03
1.000000000000000000e+03
1.000000000000000000e+03
1.000000000000000000e+03
1.000000000000000000e+03
1.000000000000000000e+03
1.000000000000000000e+03
1.000000000000000000e+03
1.000000000000000000e+03
1.000000000000000000e+03
1.000000000000000000e+03
1.000000000000000000e+03
1.000000000000000000e+03
1.000000000000000000e+03
1.000000000000000000e+03
1.000000000000000000e+03
1.000000000000000000e+03
1.000000000000000000e+03
