0.000000000000000000e+00
0.000000000000000000e+00
1.200000000000000000e+01
2.400000000000000000e+01
8.400000000000000000e+01
1.200000000000000000e+02
2.130000000000000000e+02
2.100000000000000000e+02
3.130000000000000000e+02
2.790000000000000000e+02
2.910000000000000000e+02
2.990000000000000000e+02
2.950000000000000000e+02
2.860000000000000000e+02
2.320000000000000000e+02
2.840000000000000000e+02
2.650000000000000000e+02
2.820000000000000000e+02
2.200000000000000000e+02
2.910000000000000000e+02
2.560000000000000000e+02
2.880000000000000000e+02
2.250000000000000000e+02
3.210000000000000000e+02
3.010000000000000000e+02
3.090000000000000000e+02
3.360000000000000000e+02
3.330000000000000000e+02
3.480000000000000000e+02
3.600000000000000000e+02
4.110000000000000000e+02
3.770000000000000000e+02
4.350000000000000000e+02
3.770000000000000000e+02
4.510000000000000000e+02
3.610000000000000000e+02
4.400000000000000000e+02
3.790000000000000000e+02
4.650000000000000000e+02
4.320000000000000000e+02
4.190000000000000000e+02
4.420000000000000000e+02
4.770000000000000000e+02
4.380000000000000000e+02
5.610000000000000000e+02
4.860000000000000000e+02
6.000000000000000000e+02
5.150000000000000000e+02
6.140000000000000000e+02
6.270000000000000000e+02
6.650000000000000000e+02
6.040000000000000000e+02
6.340000000000000000e+02
6.360000000000000000e+02
6.420000000000000000e+02
6.690000000000000000e+02
6.990000000000000000e+02
6.540000000000000000e+02
6.130000000000000000e+02
5.890000000000000000e+02
6.400000000000000000e+02
6.240000000000000000e+02
6.550000000000000000e+02
6.390000000000000000e+02
6.750000000000000000e+02
6.120000000000000000e+02
6.530000000000000000e+02
6.970000000000000000e+02
6.800000000000000000e+02
6.800000000000000000e+02
6.730000000000000000e+02
7.610000000000000000e+02
7.800000000000000000e+02
7.190000000000000000e+02
8.370000000000000000e+02
7.360000000000000000e+02
8.600000000000000000e+02
7.270000000000000000e+02
8.130000000000000000e+02
8.550000000000000000e+02
9.170000000000000000e+02
8.870000000000000000e+02
1.000000000000000000e+03
8.810000000000000000e+02
9.940000000000000000e+02
8.600000000000000000e+02
9.210000000000000000e+02
9.990000000000000000e+02
8.870000000000000000e+02
9.460000000000000000e+02
8.680000000000000000e+02
1.000000000000000000e+03
9.640000000000000000e+02
1.000000000000000000e+03
1.000000000000000000e+03
1.000000000000000000e+03
1.000000000000000000e+03
1.000000000000000000e+03
1.000000000000000000e+03
1.000000000000000000e+03
1.000000000000000000e+03
1.000000000000000000e+03
1.000000000000000000e+03
1.000000000000000000e+03
1.000000000000000000e+03
1.000000000000000000e+03
1.000000000000000000e+03
1.000000000000000000e+03
1.000000000000000000e+03
1.000000000000000000e+03
1.000000000000000000e+03
1.000000000000000000e+03
1.000000000000000000e+03
1.000000000000000000e+03
1.000000000000000000e+03
1.000000000000000000e+03
1.000000000000000000e+03
1.000000000000000000e+03
1.000000000000000000e+03
1.000000000000000000e+03
1.000000000000000000e+03
1.000000000000000000e+03
1.000000000000000000e+03
1.000000000000000000e+03
1.000000000000000000e+03
1.000000000000000000e+03
1.000000000000000000e+03
1.000000000000000000e+03
1.000000000000000000e+03
1.000000000000000000e+03
1.000000000000000000e+03
1.000000000000000000e+03
1.000000000000000000e+03
1.000000000000000000e+03
1.000000000000000000e+03
1.000000000000000000e+03
1.000000000000000000e+03
1.000000000000000000e+03
1.000000000000000000e+03
1.000000000000000000e+03
1.000000000000000000e+03
1.000000000000000000e+03
1.000000000000000000e+03
1.000000000000000000e+03
1.000000000000000000e+03
1.000000000000000000e+03
1.000000000000000000e+03
1.000000000000000000e+03
1.000000000000000000e+03
1.000000000000000000e+03
1.000000000000000000e+03
1.000000000000000000e+03
1.000000000000000000e+03
1.000000000000000000e+03
1.000000000000000000e+03
1.000000000000000000e+03
1.000000000000000000e+03
1.000000000000000000e+03
1.000000000000000000e+03
1.000000000000000000e+03
1.000000000000000000e+03
1.000000000000000000e+03
1.000000000000000000e+03
1.000000000000000000e+03
1.000000000000000000e+03
1.000000000000000000e+03
1.000000000000000000e+03
1.000000000000000000e+03
1.000000000000000000e+03
1.000000000000000000e+03
1.000000000000000000e+03
1.000000000000000000e+03
1.000000000000000000e+03
1.000000000000000000e+03
1.000000000000000000e+03
1.000000000000000000e+03
1.000000000000000000e+03
1.000000000000000000e+03
1.000000000000000000e+03
1.000000000000000000e+03
1.000000000000000000e+03
1.000000000000000000e+03
1.000000000000000000e+03
1.000000000000000000e+03
1.000000000000000000e+03
1.000000000000000000e+03
1.000000000000000000e+03
1.000000000000000000e+03
1.000000000000000000e+03
1.000000000000000000e+03
1.000000000000000000e+03
1.000000000000000000e+03
1.000000000000000000e+03
1.000000000000000000e+03
1.000000000000000000e+03
1.000000000000000000e+03
1.000000000000000000e+03
1.000000000000000000e+03
1.000000000000000000e+03
1.000000000000000000e+03
