0.000000000000000000e+00
0.000000000000000000e+00
1.300000000000000000e+01
2.500000000000000000e+01
7.900000000000000000e+01
1.310000000000000000e+02
1.690000000000000000e+02
2.040000000000000000e+02
2.370000000000000000e+02
2.760000000000000000e+02
2.860000000000000000e+02
3.330000000000000000e+02
2.620000000000000000e+02
3.590000000000000000e+02
2.850000000000000000e+02
3.020000000000000000e+02
2.910000000000000000e+02
2.580000000000000000e+02
2.660000000000000000e+02
2.290000000000000000e+02
2.740000000000000000e+02
2.320000000000000000e+02
2.870000000000000000e+02
2.310000000000000000e+02
3.270000000000000000e+02
2.650000000000000000e+02
3.250000000000000000e+02
2.880000000000000000e+02
3.200000000000000000e+02
3.590000000000000000e+02
2.940000000000000000e+02
3.320000000000000000e+02
2.830000000000000000e+02
2.930000000000000000e+02
2.780000000000000000e+02
2.660000000000000000e+02
2.800000000000000000e+02
2.790000000000000000e+02
3.390000000000000000e+02
3.050000000000000000e+02
3.250000000000000000e+02
3.420000000000000000e+02
3.420000000000000000e+02
3.680000000000000000e+02
3.430000000000000000e+02
3.700000000000000000e+02
2.920000000000000000e+02
3.250000000000000000e+02
3.490000000000000000e+02
3.350000000000000000e+02
3.250000000000000000e+02
3.540000000000000000e+02
3.750000000000000000e+02
3.120000000000000000e+02
3.560000000000000000e+02
3.430000000000000000e+02
3.800000000000000000e+02
3.710000000000000000e+02
3.720000000000000000e+02
3.930000000000000000e+02
4.320000000000000000e+02
4.370000000000000000e+02
5.060000000000000000e+02
4.480000000000000000e+02
5.250000000000000000e+02
5.000000000000000000e+02
5.680000000000000000e+02
5.300000000000000000e+02
6.220000000000000000e+02
5.870000000000000000e+02
5.670000000000000000e+02
6.290000000000000000e+02
5.900000000000000000e+02
6.090000000000000000e+02
6.280000000000000000e+02
6.890000000000000000e+02
6.000000000000000000e+02
7.390000000000000000e+02
6.460000000000000000e+02
8.120000000000000000e+02
7.190000000000000000e+02
7.730000000000000000e+02
7.790000000000000000e+02
8.680000000000000000e+02
8.690000000000000000e+02
9.110000000000000000e+02
9.380000000000000000e+02
8.800000000000000000e+02
8.920000000000000000e+02
8.970000000000000000e+02
9.290000000000000000e+02
9.860000000000000000e+02
9.440000000000000000e+02
1.000000000000000000e+03
9.770000000000000000e+02
1.000000000000000000e+03
1.000000000000000000e+03
1.000000000000000000e+03
1.000000000000000000e+03
1.000000000000000000e+03
1.000000000000000000e+03
1.000000000000000000e+03
1.000000000000000000e+03
1.000000000000000000e+03
1.000000000000000000e+03
1.000000000000000000e+03
1.000000000000000000e+03
1.000000000000000000e+03
1.000000000000000000e+03
1.000000000000000000e+03
1.000000000000000000e+03
1.000000000000000000e+03
1.000000000000000000e+03
1.000000000000000000e+03
1.000000000000000000e+03
1.000000000000000000e+03
1.000000000000000000e+03
1.000000000000000000e+03
1.000000000000000000e+03
1.000000000000000000e+03
1.000000000000000000e+03
1.000000000000000000e+03
1.000000000000000000e+03
1.000000000000000000e+03
1.000000000000000000e+03
1.000000000000000000e+03
1.000000000000000000e+03
1.000000000000000000e+03
1.000000000000000000e+03
1.000000000000000000e+03
1.000000000000000000e+03
1.000000000000000000e+03
1.000000000000000000e+03
1.000000000000000000e+03
1.000000000000000000e+03
1.000000000000000000e+03
1.000000000000000000e+03
1.000000000000000000e+03
1.000000000000000000e+03
1.000000000000000000e+03
1.000000000000000000e+03
1.000000000000000000e+03
1.000000000000000000e+03
1.000000000000000000e+03
1.000000000000000000e+03
1.000000000000000000e+03
1.000000000000000000e+03
1.000000000000000000e+03
1.000000000000000000e+03
1.000000000000000000e+03
1.000000000000000000e+03
1.000000000000000000e+03
1.000000000000000000e+03
1.000000000000000000e+03
1.000000000000000000e+03
1.000000000000000000e+03
1.000000000000000000e+03
1.000000000000000000e+03
1.000000000000000000e+03
1.000000000000000000e+03
1.000000000000000000e+03
1.000000000000000000e+03
1.000000000000000000e+03
1.000000000000000000e+03
1.000000000000000000e+03
1.000000000000000000e+03
1.000000000000000000e+03
1.000000000000000000e+03
1.000000000000000000e+03
1.000000000000000000e+03
1.000000000000000000e+03
1.000000000000000000e+03
1.000000000000000000e+03
1.000000000000000000e+03
1.000000000000000000e+03
1.000000000000000000e+03
1.000000000000000000e+03
1.000000000000000000e+03
1.000000000000000000e+03
1.000000000000000000e+03
1.000000000000000000e+03
1.000000000000000000e+03
1.000000000000000000e+03
1.000000000000000000e+03
1.000000000000000000e+03
1.000000000000000000e+03
1.000000000000000000e+03
1.000000000000000000e+03
1.000000000000000000e+03
1.000000000000000000e+03
1.000000000000000000e+03
1.000000000000000000e+03
1.000000000000000000e+03
1.000000000000000000e+03
1.000000000000000000e+03
1.000000000000000000e+03
1.000000000000000000e+03
1.000000000000000000e+03
1.000000000000000000e+03
1.000000000000000000e+03
