0.000000000000000000e+00
0.000000000000000000e+00
1.900000000000000000e+01
3.000000000000000000e+01
1.150000000000000000e+02
1.530000000000000000e+02
2.250000000000000000e+02
2.140000000000000000e+02
2.470000000000000000e+02
2.230000000000000000e+02
2.500000000000000000e+02
2.200000000000000000e+02
2.660000000000000000e+02
2.510000000000000000e+02
3.030000000000000000e+02
2.480000000000000000e+02
2.950000000000000000e+02
2.140000000000000000e+02
2.590000000000000000e+02
2.620000000000000000e+02
2.200000000000000000e+02
2.510000000000000000e+02
2.280000000000000000e+02
3.090000000000000000e+02
2.540000000000000000e+02
3.420000000000000000e+02
2.630000000000000000e+02
4.010000000000000000e+02
3.250000000000000000e+02
3.460000000000000000e+02
3.840000000000000000e+02
3.970000000000000000e+02
3.670000000000000000e+02
3.680000000000000000e+02
3.280000000000000000e+02
3.300000000000000000e+02
3.480000000000000000e+02
3.720000000000000000e+02
3.900000000000000000e+02
4.310000000000000000e+02
4.300000000000000000e+02
3.900000000000000000e+02
4.130000000000000000e+02
3.920000000000000000e+02
4.520000000000000000e+02
3.420000000000000000e+02
3.840000000000000000e+02
3.950000000000000000e+02
4.270000000000000000e+02
4.220000000000000000e+02
4.120000000000000000e+02
3.900000000000000000e+02
3.780000000000000000e+02
3.530000000000000000e+02
3.630000000000000000e+02
3.590000000000000000e+02
3.680000000000000000e+02
4.160000000000000000e+02
3.620000000000000000e+02
4.180000000000000000e+02
4.690000000000000000e+02
4.140000000000000000e+02
4.820000000000000000e+02
4.630000000000000000e+02
5.170000000000000000e+02
4.890000000000000000e+02
5.170000000000000000e+02
5.250000000000000000e+02
5.160000000000000000e+02
5.420000000000000000e+02
5.510000000000000000e+02
5.750000000000000000e+02
6.370000000000000000e+02
6.160000000000000000e+02
6.860000000000000000e+02
6.470000000000000000e+02
7.820000000000000000e+02
7.160000000000000000e+02
7.720000000000000000e+02
8.110000000000000000e+02
7.880000000000000000e+02
9.170000000000000000e+02
8.900000000000000000e+02
9.480000000000000000e+02
9.520000000000000000e+02
9.420000000000000000e+02
9.680000000000000000e+02
9.550000000000000000e+02
9.810000000000000000e+02
8.820000000000000000e+02
9.380000000000000000e+02
8.460000000000000000e+02
9.060000000000000000e+02
8.640000000000000000e+02
1.000000000000000000e+03
1.000000000000000000e+03
1.000000000000000000e+03
1.000000000000000000e+03
1.000000000000000000e+03
1.000000000000000000e+03
1.000000000000000000e+03
1.000000000000000000e+03
1.000000000000000000e+03
1.000000000000000000e+03
1.000000000000000000e+03
1.000000000000000000e+03
1.000000000000000000e+03
1.000000000000000000e+03
1.000000000000000000e+03
1.000000000000000000e+03
1.000000000000000000e+03
1.000000000000000000e+03
1.000000000000000000e+03
1.000000000000000000e+03
1.000000000000000000e+03
1.000000000000000000e+03
1.000000000000000000e+03
1.000000000000000000e+03
1.000000000000000000e+03
1.000000000000000000e+03
1.000000000000000000e+03
1.000000000000000000e+03
1.000000000000000000e+03
1.000000000000000000e+03
1.000000000000000000e+03
1.000000000000000000e+03
1.000000000000000000e+03
1.000000000000000000e+03
1.000000000000000000e+03
1.000000000000000000e+03
1.000000000000000000e+03
1.000000000000000000e+03
1.000000000000000000e+03
1.000000000000000000e+03
1.000000000000000000e+03
1.000000000000000000e+03
1.000000000000000000e+03
1.000000000000000000e+03
1.000000000000000000e+03
1.000000000000000000e+03
1.000000000000000000e+03
1.000000000000000000e+03
1.000000000000000000e+03
1.000000000000000000e+03
1.000000000000000000e+03
1.000000000000000000e+03
1.000000000000000000e+03
1.000000000000000000e+03
1.000000000000000000e+03
1.000000000000000000e+03
1.000000000000000000e+03
1.000000000000000000e+03
1.000000000000000000e+03
1.000000000000000000e+03
1.000000000000000000e+03
1.000000000000000000e+03
1.000000000000000000e+03
1.000000000000000000e+03
1.000000000000000000e+03
1.000000000000000000e+03
1.000000000000000000e+03
1.000000000000000000e+03
1.000000000000000000e+03
1.000000000000000000e+03
1.000000000000000000e+03
1.000000000000000000e+03
1.000000000000000000e+03
1.000000000000000000e+03
1.000000000000000000e+03
1.000000000000000000e+03
1.000000000000000000e+03
1.000000000000000000e+03
1.000000000000000000e+03
1.000000000000000000e+03
1.000000000000000000e+03
1.000000000000000000e+03
1.000000000000000000e+03
1.000000000000000000e+03
1.000000000000000000e+03
1.000000000000000000e+03
1.000000000000000000e+03
1.000000000000000000e+03
1.000000000000000000e+03
1.000000000000000000e+03
1.000000000000000000e+03
1.000000000000000000e+03
1.000000000000000000e+03
1.000000000000000000e+03
1.000000000000000000e+03
1.000000000000000000e+03
1.000000000000000000e+03
1.000000000000000000e+03
1.000000000000000000e+03
1.000000000000000000e+03
1.000000000000000000e+03
1.000000000000000000e+03
1.000000000000000000e+03
1.000000000000000000e+03
1.000000000000000000e+03
1.000000000000000000e+03
