0.000000000000000000e+00
0.000000000000000000e+00
1.200000000000000000e+01
2.000000000000000000e+01
8.300000000000000000e+01
1.290000000000000000e+02
2.020000000000000000e+02
2.640000000000000000e+02
2.570000000000000000e+02
2.720000000000000000e+02
3.180000000000000000e+02
2.910000000000000000e+02
3.060000000000000000e+02
3.030000000000000000e+02
2.860000000000000000e+02
2.710000000000000000e+02
2.940000000000000000e+02
2.940000000000000000e+02
2.710000000000000000e+02
2.820000000000000000e+02
3.250000000000000000e+02
3.560000000000000000e+02
3.420000000000000000e+02
3.320000000000000000e+02
3.290000000000000000e+02
3.740000000000000000e+02
3.540000000000000000e+02
3.980000000000000000e+02
3.390000000000000000e+02
4.460000000000000000e+02
4.070000000000000000e+02
4.000000000000000000e+02
4.510000000000000000e+02
4.180000000000000000e+02
4.780000000000000000e+02
4.930000000000000000e+02
4.710000000000000000e+02
4.880000000000000000e+02
5.220000000000000000e+02
5.170000000000000000e+02
5.590000000000000000e+02
5.320000000000000000e+02
5.280000000000000000e+02
5.990000000000000000e+02
5.240000000000000000e+02
5.770000000000000000e+02
5.730000000000000000e+02
6.640000000000000000e+02
6.320000000000000000e+02
6.850000000000000000e+02
6.580000000000000000e+02
7.070000000000000000e+02
6.990000000000000000e+02
7.230000000000000000e+02
7.660000000000000000e+02
7.500000000000000000e+02
7.490000000000000000e+02
7.660000000000000000e+02
7.950000000000000000e+02
7.870000000000000000e+02
7.270000000000000000e+02
8.630000000000000000e+02
8.180000000000000000e+02
8.250000000000000000e+02
8.270000000000000000e+02
7.910000000000000000e+02
7.730000000000000000e+02
8.690000000000000000e+02
7.770000000000000000e+02
8.550000000000000000e+02
8.960000000000000000e+02
9.510000000000000000e+02
9.600000000000000000e+02
1.000000000000000000e+03
1.000000000000000000e+03
1.000000000000000000e+03
1.000000000000000000e+03
1.000000000000000000e+03
1.000000000000000000e+03
1.000000000000000000e+03
1.000000000000000000e+03
1.000000000000000000e+03
1.000000000000000000e+03
1.000000000000000000e+03
1.000000000000000000e+03
1.000000000000000000e+03
1.000000000000000000e+03
1.000000000000000000e+03
1.000000000000000000e+03
1.000000000000000000e+03
1.000000000000000000e+03
1.000000000000000000e+03
1.000000000000000000e+03
1.000000000000000000e+03
1.000000000000000000e+03
1.000000000000000000e+03
1.000000000000000000e+03
1.000000000000000000e+03
1.000000000000000000e+03
1.000000000000000000e+03
1.000000000000000000e+03
1.000000000000000000e+03
1.000000000000000000e+03
1.000000000000000000e+03
1.000000000000000000e+03
1.000000000000000000e+03
1.000000000000000000e+03
1.000000000000000000e+03
1.000000000000000000e+03
1.000000000000000000e+03
1.000000000000000000e+03
1.000000000000000000e+03
1.000000000000000000e+03
1.000000000000000000e+03
1.000000000000000000e+03
1.000000000000000000e+03
1.000000000000000000e+03
1.000000000000000000e+03
1.000000000000000000e+03
1.000000000000000000e+03
1.000000000000000000e+03
1.000000000000000000e+03
1.000000000000000000e+03
1.000000000000000000e+03
1.000000000000000000e+03
1.000000000000000000e+03
1.000000000000000000e+03
1.000000000000000000e+03
1.000000000000000000e+03
1.000000000000000000e+03
1.000000000000000000e+03
1.000000000000000000e+03
1.000000000000000000e+03
1.000000000000000000e+03
1.000000000000000000e+03
1.000000000000000000e+03
1.000000000000000000e+03
1.000000000000000000e+03
1.000000000000000000e+03
1.000000000000000000e+03
1.000000000000000000e+03
1.000000000000000000e+03
1.000000000000000000e+03
1.000000000000000000e+03
1.000000000000000000e+03
1.000000000000000000e+03
1.000000000000000000e+03
1.000000000000000000e+03
1.000000000000000000e+03
1.000000000000000000e+03
1.000000000000000000e+03
1.000000000000000000e+03
1.000000000000000000e+03
1.000000000000000000e+03
1.000000000000000000e+03
1.000000000000000000e+03
1.000000000000000000e+03
1.000000000000000000e+03
1.000000000000000000e+03
1.000000000000000000e+03
1.000000000000000000e+03
1.000000000000000000e+03
1.000000000000000000e+03
1.000000000000000000e+03
1.000000000000000000e+03
1.000000000000000000e+03
1.000000000000000000e+03
1.000000000000000000e+03
1.000000000000000000e+03
1.000000000000000000e+03
1.000000000000000000e+03
1.000000000000000000e+03
1.000000000000000000e+03
1.000000000000000000e+03
1.000000000000000000e+03
1.000000000000000000e+03
1.000000000000000000e+03
1.000000000000000000e+03
1.000000000000000000e+03
1.000000000000000000e+03
1.000000000000000000e+03
1.000000000000000000e+03
1.000000000000000000e+03
1.000000000000000000e+03
1.000000000000000000e+03
1.000000000000000000e+03
1.000000000000000000e+03
1.000000000000000000e+03
1.000000000000000000e+03
1.000000000000000000e+03
1.000000000000000000e+03
1.000000000000000000e+03
1.000000000000000000e+03
1.000000000000000000e+03
1.000000000000000000e+03
1.000000000000000000e+03
1.000000000000000000e+03
1.000000000000000000e+03
1.000000000000000000e+03
1.000000000000000000e+03
