0.000000000000000000e+00
0.000000000000000000e+00
7.000000000000000000e+00
1.600000000000000000e+01
6.600000000000000000e+01
1.170000000000000000e+02
2.210000000000000000e+02
2.790000000000000000e+02
3.550000000000000000e+02
3.060000000000000000e+02
4.160000000000000000e+02
3.220000000000000000e+02
4.140000000000000000e+02
3.370000000000000000e+02
4.250000000000000000e+02
3.410000000000000000e+02
3.500000000000000000e+02
3.790000000000000000e+02
3.770000000000000000e+02
3.710000000000000000e+02
3.800000000000000000e+02
4.030000000000000000e+02
4.210000000000000000e+02
3.850000000000000000e+02
5.020000000000000000e+02
4.010000000000000000e+02
4.490000000000000000e+02
4.770000000000000000e+02
4.680000000000000000e+02
4.410000000000000000e+02
4.720000000000000000e+02
4.620000000000000000e+02
5.120000000000000000e+02
4.780000000000000000e+02
5.520000000000000000e+02
5.060000000000000000e+02
6.070000000000000000e+02
5.520000000000000000e+02
5.710000000000000000e+02
5.680000000000000000e+02
4.970000000000000000e+02
6.150000000000000000e+02
5.670000000000000000e+02
5.530000000000000000e+02
4.800000000000000000e+02
5.650000000000000000e+02
5.030000000000000000e+02
6.290000000000000000e+02
5.290000000000000000e+02
5.420000000000000000e+02
5.910000000000000000e+02
5.650000000000000000e+02
5.850000000000000000e+02
5.930000000000000000e+02
5.960000000000000000e+02
6.070000000000000000e+02
5.730000000000000000e+02
6.210000000000000000e+02
6.660000000000000000e+02
6.350000000000000000e+02
6.180000000000000000e+02
6.360000000000000000e+02
6.060000000000000000e+02
6.540000000000000000e+02
6.020000000000000000e+02
6.460000000000000000e+02
6.850000000000000000e+02
6.590000000000000000e+02
5.980000000000000000e+02
6.290000000000000000e+02
6.020000000000000000e+02
6.440000000000000000e+02
6.080000000000000000e+02
6.860000000000000000e+02
7.160000000000000000e+02
6.730000000000000000e+02
6.960000000000000000e+02
7.370000000000000000e+02
7.140000000000000000e+02
8.780000000000000000e+02
7.500000000000000000e+02
8.280000000000000000e+02
7.860000000000000000e+02
9.040000000000000000e+02
8.620000000000000000e+02
9.650000000000000000e+02
8.730000000000000000e+02
1.000000000000000000e+03
9.490000000000000000e+02
1.000000000000000000e+03
1.000000000000000000e+03
1.000000000000000000e+03
1.000000000000000000e+03
1.000000000000000000e+03
1.000000000000000000e+03
1.000000000000000000e+03
1.000000000000000000e+03
1.000000000000000000e+03
1.000000000000000000e+03
1.000000000000000000e+03
1.000000000000000000e+03
1.000000000000000000e+03
1.000000000000000000e+03
1.000000000000000000e+03
1.000000000000000000e+03
1.000000000000000000e+03
1.000000000000000000e+03
1.000000000000000000e+03
1.000000000000000000e+03
1.000000000000000000e+03
1.000000000000000000e+03
1.000000000000000000e+03
1.000000000000000000e+03
1.000000000000000000e+03
1.000000000000000000e+03
1.000000000000000000e+03
1.000000000000000000e+03
1.000000000000000000e+03
1.000000000000000000e+03
1.000000000000000000e+03
1.000000000000000000e+03
1.000000000000000000e+03
1.000000000000000000e+03
1.000000000000000000e+03
1.000000000000000000e+03
1.000000000000000000e+03
1.000000000000000000e+03
1.000000000000000000e+03
1.000000000000000000e+03
1.000000000000000000e+03
1.000000000000000000e+03
1.000000000000000000e+03
1.000000000000000000e+03
1.000000000000000000e+03
1.000000000000000000e+03
1.000000000000000000e+03
1.000000000000000000e+03
1.000000000000000000e+03
1.000000000000000000e+03
1.000000000000000000e+03
1.000000000000000000e+03
1.000000000000000000e+03
1.000000000000000000e+03
1.000000000000000000e+03
1.000000000000000000e+03
1.000000000000000000e+03
1.000000000000000000e+03
1.000000000000000000e+03
1.000000000000000000e+03
1.000000000000000000e+03
1.000000000000000000e+03
1.000000000000000000e+03
1.000000000000000000e+03
1.000000000000000000e+03
1.000000000000000000e+03
1.000000000000000000e+03
1.000000000000000000e+03
1.000000000000000000e+03
1.000000000000000000e+03
1.000000000000000000e+03
1.000000000000000000e+03
1.000000000000000000e+03
1.000000000000000000e+03
1.000000000000000000e+03
1.000000000000000000e+03
1.000000000000000000e+03
1.000000000000000000e+03
1.000000000000000000e+03
1.000000000000000000e+03
1.000000000000000000e+03
1.000000000000000000e+03
1.000000000000000000e+03
1.000000000000000000e+03
1.000000000000000000e+03
1.000000000000000000e+03
1.000000000000000000e+03
1.000000000000000000e+03
1.000000000000000000e+03
1.000000000000000000e+03
1.000000000000000000e+03
1.000000000000000000e+03
1.000000000000000000e+03
1.000000000000000000e+03
1.000000000000000000e+03
1.000000000000000000e+03
1.000000000000000000e+03
1.000000000000000000e+03
1.000000000000000000e+03
1.000000000000000000e+03
1.000000000000000000e+03
1.000000000000000000e+03
1.000000000000000000e+03
1.000000000000000000e+03
1.000000000000000000e+03
1.000000000000000000e+03
1.000000000000000000e+03
1.000000000000000000e+03
1.000000000000000000e+03
1.000000000000000000e+03
1.000000000000000000e+03
