0.000000000000000000e+00
0.000000000000000000e+00
1.200000000000000000e+01
2.300000000000000000e+01
8.400000000000000000e+01
1.260000000000000000e+02
1.980000000000000000e+02
2.150000000000000000e+02
2.850000000000000000e+02
2.610000000000000000e+02
3.240000000000000000e+02
3.170000000000000000e+02
3.220000000000000000e+02
3.050000000000000000e+02
2.800000000000000000e+02
3.390000000000000000e+02
2.570000000000000000e+02
3.190000000000000000e+02
2.760000000000000000e+02
3.470000000000000000e+02
2.930000000000000000e+02
4.060000000000000000e+02
3.200000000000000000e+02
3.540000000000000000e+02
3.240000000000000000e+02
3.280000000000000000e+02
3.420000000000000000e+02
3.330000000000000000e+02
3.150000000000000000e+02
3.380000000000000000e+02
2.960000000000000000e+02
3.480000000000000000e+02
3.280000000000000000e+02
3.170000000000000000e+02
3.550000000000000000e+02
3.410000000000000000e+02
3.470000000000000000e+02
3.840000000000000000e+02
3.900000000000000000e+02
4.030000000000000000e+02
3.940000000000000000e+02
4.860000000000000000e+02
4.340000000000000000e+02
4.690000000000000000e+02
4.460000000000000000e+02
4.040000000000000000e+02
4.480000000000000000e+02
4.390000000000000000e+02
5.180000000000000000e+02
5.100000000000000000e+02
4.930000000000000000e+02
5.270000000000000000e+02
5.120000000000000000e+02
4.730000000000000000e+02
5.030000000000000000e+02
5.810000000000000000e+02
5.480000000000000000e+02
5.960000000000000000e+02
5.570000000000000000e+02
6.430000000000000000e+02
6.180000000000000000e+02
7.820000000000000000e+02
6.740000000000000000e+02
7.060000000000000000e+02
7.120000000000000000e+02
6.730000000000000000e+02
7.410000000000000000e+02
6.640000000000000000e+02
6.550000000000000000e+02
6.280000000000000000e+02
6.810000000000000000e+02
6.680000000000000000e+02
7.360000000000000000e+02
7.510000000000000000e+02
7.980000000000000000e+02
7.340000000000000000e+02
8.330000000000000000e+02
8.070000000000000000e+02
8.080000000000000000e+02
7.960000000000000000e+02
8.370000000000000000e+02
8.240000000000000000e+02
8.840000000000000000e+02
8.780000000000000000e+02
9.170000000000000000e+02
9.180000000000000000e+02
9.480000000000000000e+02
1.000000000000000000e+03
1.000000000000000000e+03
1.000000000000000000e+03
1.000000000000000000e+03
1.000000000000000000e+03
1.000000000000000000e+03
1.000000000000000000e+03
1.000000000000000000e+03
1.000000000000000000e+03
1.000000000000000000e+03
1.000000000000000000e+03
1.000000000000000000e+03
1.000000000000000000e+03
1.000000000000000000e+03
1.000000000000000000e+03
1.000000000000000000e+03
1.000000000000000000e+03
1.000000000000000000e+03
1.000000000000000000e+03
1.000000000000000000e+03
1.000000000000000000e+03
1.000000000000000000e+03
1.000000000000000000e+03
1.000000000000000000e+03
1.000000000000000000e+03
1.000000000000000000e+03
1.000000000000000000e+03
1.000000000000000000e+03
1.000000000000000000e+03
1.000000000000000000e+03
1.000000000000000000e+03
1.000000000000000000e+03
1.000000000000000000e+03
1.000000000000000000e+03
1.000000000000000000e+03
1.000000000000000000e+03
1.000000000000000000e+03
1.000000000000000000e+03
1.000000000000000000e+03
1.000000000000000000e+03
1.000000000000000000e+03
1.000000000000000000e+03
1.000000000000000000e+03
1.000000000000000000e+03
1.000000000000000000e+03
1.000000000000000000e+03
1.000000000000000000e+03
1.000000000000000000e+03
1.000000000000000000e+03
1.000000000000000000e+03
1.000000000000000000e+03
1.000000000000000000e+03
1.000000000000000000e+03
1.000000000000000000e+03
1.000000000000000000e+03
1.000000000000000000e+03
1.000000000000000000e+03
1.000000000000000000e+03
1.000000000000000000e+03
1.000000000000000000e+03
1.000000000000000000e+03
1.000000000000000000e+03
1.000000000000000000e+03
1.000000000000000000e+03
1.000000000000000000e+03
1.000000000000000000e+03
1.000000000000000000e+03
1.000000000000000000e+03
1.000000000000000000e+03
1.000000000000000000e+03
1.000000000000000000e+03
1.000000000000000000e+03
1.000000000000000000e+03
1.000000000000000000e+03
1.000000000000000000e+03
1.000000000000000000e+03
1.000000000000000000e+03
1.000000000000000000e+03
1.000000000000000000e+03
1.000000000000000000e+03
1.000000000000000000e+03
1.000000000000000000e+03
1.000000000000000000e+03
1.000000000000000000e+03
1.000000000000000000e+03
1.000000000000000000e+03
1.000000000000000000e+03
1.000000000000000000e+03
1.000000000000000000e+03
1.000000000000000000e+03
1.000000000000000000e+03
1.000000000000000000e+03
1.000000000000000000e+03
1.000000000000000000e+03
1.000000000000000000e+03
1.000000000000000000e+03
1.000000000000000000e+03
1.000000000000000000e+03
1.000000000000000000e+03
1.000000000000000000e+03
1.000000000000000000e+03
1.000000000000000000e+03
1.000000000000000000e+03
1.000000000000000000e+03
1.000000000000000000e+03
1.000000000000000000e+03
1.000000000000000000e+03
1.000000000000000000e+03
1.000000000000000000e+03
1.000000000000000000e+03
1.000000000000000000e+03
1.000000000000000000e+03
1.000000000000000000e+03
