0.000000000000000000e+00
0.000000000000000000e+00
1.400000000000000000e+01
3.000000000000000000e+01
8.400000000000000000e+01
1.420000000000000000e+02
1.890000000000000000e+02
2.130000000000000000e+02
2.800000000000000000e+02
3.090000000000000000e+02
2.880000000000000000e+02
3.080000000000000000e+02
3.070000000000000000e+02
3.150000000000000000e+02
3.130000000000000000e+02
3.290000000000000000e+02
3.870000000000000000e+02
3.580000000000000000e+02
3.680000000000000000e+02
3.580000000000000000e+02
3.960000000000000000e+02
4.480000000000000000e+02
4.100000000000000000e+02
4.340000000000000000e+02
4.300000000000000000e+02
4.880000000000000000e+02
4.980000000000000000e+02
5.350000000000000000e+02
5.610000000000000000e+02
5.640000000000000000e+02
5.490000000000000000e+02
5.910000000000000000e+02
5.690000000000000000e+02
5.910000000000000000e+02
5.970000000000000000e+02
6.290000000000000000e+02
6.190000000000000000e+02
5.880000000000000000e+02
6.080000000000000000e+02
6.430000000000000000e+02
6.050000000000000000e+02
6.400000000000000000e+02
6.360000000000000000e+02
6.950000000000000000e+02
6.700000000000000000e+02
6.920000000000000000e+02
7.370000000000000000e+02
6.670000000000000000e+02
6.870000000000000000e+02
6.810000000000000000e+02
7.200000000000000000e+02
7.740000000000000000e+02
7.410000000000000000e+02
8.230000000000000000e+02
7.340000000000000000e+02
7.500000000000000000e+02
6.710000000000000000e+02
7.260000000000000000e+02
7.620000000000000000e+02
7.750000000000000000e+02
7.380000000000000000e+02
7.630000000000000000e+02
8.360000000000000000e+02
7.310000000000000000e+02
8.950000000000000000e+02
6.880000000000000000e+02
8.360000000000000000e+02
7.630000000000000000e+02
8.870000000000000000e+02
7.710000000000000000e+02
9.140000000000000000e+02
8.580000000000000000e+02
8.930000000000000000e+02
8.730000000000000000e+02
9.040000000000000000e+02
8.540000000000000000e+02
8.560000000000000000e+02
8.730000000000000000e+02
9.620000000000000000e+02
8.880000000000000000e+02
9.580000000000000000e+02
9.000000000000000000e+02
9.660000000000000000e+02
1.000000000000000000e+03
1.000000000000000000e+03
1.000000000000000000e+03
1.000000000000000000e+03
1.000000000000000000e+03
1.000000000000000000e+03
1.000000000000000000e+03
1.000000000000000000e+03
1.000000000000000000e+03
1.000000000000000000e+03
1.000000000000000000e+03
1.000000000000000000e+03
1.000000000000000000e+03
1.000000000000000000e+03
1.000000000000000000e+03
1.000000000000000000e+03
1.000000000000000000e+03
1.000000000000000000e+03
1.000000000000000000e+03
1.000000000000000000e+03
1.000000000000000000e+03
1.000000000000000000e+03
1.000000000000000000e+03
1.000000000000000000e+03
1.000000000000000000e+03
1.000000000000000000e+03
1.000000000000000000e+03
1.000000000000000000e+03
1.000000000000000000e+03
1.000000000000000000e+03
1.000000000000000000e+03
1.000000000000000000e+03
1.000000000000000000e+03
1.000000000000000000e+03
1.000000000000000000e+03
1.000000000000000000e+03
1.000000000000000000e+03
1.000000000000000000e+03
1.000000000000000000e+03
1.000000000000000000e+03
1.000000000000000000e+03
1.000000000000000000e+03
1.000000000000000000e+03
1.000000000000000000e+03
1.000000000000000000e+03
1.000000000000000000e+03
1.000000000000000000e+03
1.000000000000000000e+03
1.000000000000000000e+03
1.000000000000000000e+03
1.000000000000000000e+03
1.000000000000000000e+03
1.000000000000000000e+03
1.000000000000000000e+03
1.000000000000000000e+03
1.000000000000000000e+03
1.000000000000000000e+03
1.000000000000000000e+03
1.000000000000000000e+03
1.000000000000000000e+03
1.000000000000000000e+03
1.000000000000000000e+03
1.000000000000000000e+03
1.000000000000000000e+03
1.000000000000000000e+03
1.000000000000000000e+03
1.000000000000000000e+03
1.000000000000000000e+03
1.000000000000000000e+03
1.000000000000000000e+03
1.000000000000000000e+03
1.000000000000000000e+03
1.000000000000000000e+03
1.000000000000000000e+03
1.000000000000000000e+03
1.000000000000000000e+03
1.000000000000000000e+03
1.000000000000000000e+03
1.000000000000000000e+03
1.000000000000000000e+03
1.000000000000000000e+03
1.000000000000000000e+03
1.000000000000000000e+03
1.000000000000000000e+03
1.000000000000000000e+03
1.000000000000000000e+03
1.000000000000000000e+03
1.000000000000000000e+03
1.000000000000000000e+03
1.000000000000000000e+03
1.000000000000000000e+03
1.000000000000000000e+03
1.000000000000000000e+03
1.000000000000000000e+03
1.000000000000000000e+03
1.000000000000000000e+03
1.000000000000000000e+03
1.000000000000000000e+03
1.000000000000000000e+03
1.000000000000000000e+03
1.000000000000000000e+03
1.000000000000000000e+03
1.000000000000000000e+03
1.000000000000000000e+03
1.000000000000000000e+03
1.000000000000000000e+03
1.000000000000000000e+03
1.000000000000000000e+03
1.000000000000000000e+03
1.000000000000000000e+03
1.000000000000000000e+03
1.000000000000000000e+03
1.000000000000000000e+03
1.000000000000000000e+03
1.000000000000000000e+03
1.000000000000000000e+03
1.000000000000000000e+03
