0.000000000000000000e+00
0.000000000000000000e+00
7.000000000000000000e+00
2.300000000000000000e+01
6.300000000000000000e+01
1.310000000000000000e+02
1.760000000000000000e+02
2.620000000000000000e+02
2.590000000000000000e+02
3.250000000000000000e+02
3.110000000000000000e+02
3.390000000000000000e+02
2.960000000000000000e+02
3.160000000000000000e+02
3.090000000000000000e+02
2.990000000000000000e+02
3.460000000000000000e+02
3.230000000000000000e+02
3.100000000000000000e+02
3.480000000000000000e+02
3.510000000000000000e+02
3.170000000000000000e+02
3.250000000000000000e+02
3.310000000000000000e+02
3.350000000000000000e+02
3.010000000000000000e+02
3.180000000000000000e+02
3.110000000000000000e+02
3.360000000000000000e+02
3.240000000000000000e+02
3.550000000000000000e+02
3.250000000000000000e+02
3.570000000000000000e+02
3.210000000000000000e+02
3.800000000000000000e+02
3.840000000000000000e+02
4.500000000000000000e+02
3.970000000000000000e+02
4.000000000000000000e+02
3.940000000000000000e+02
3.870000000000000000e+02
4.640000000000000000e+02
4.160000000000000000e+02
4.970000000000000000e+02
4.430000000000000000e+02
4.840000000000000000e+02
5.130000000000000000e+02
4.790000000000000000e+02
5.310000000000000000e+02
5.110000000000000000e+02
5.580000000000000000e+02
4.880000000000000000e+02
5.390000000000000000e+02
5.200000000000000000e+02
5.010000000000000000e+02
5.710000000000000000e+02
4.650000000000000000e+02
5.190000000000000000e+02
5.020000000000000000e+02
5.470000000000000000e+02
5.840000000000000000e+02
5.460000000000000000e+02
5.620000000000000000e+02
5.770000000000000000e+02
5.660000000000000000e+02
6.100000000000000000e+02
6.090000000000000000e+02
6.290000000000000000e+02
7.040000000000000000e+02
6.720000000000000000e+02
7.030000000000000000e+02
6.390000000000000000e+02
7.180000000000000000e+02
6.990000000000000000e+02
6.760000000000000000e+02
7.480000000000000000e+02
7.800000000000000000e+02
8.470000000000000000e+02
9.360000000000000000e+02
9.510000000000000000e+02
9.920000000000000000e+02
9.360000000000000000e+02
9.520000000000000000e+02
8.370000000000000000e+02
9.520000000000000000e+02
8.400000000000000000e+02
8.220000000000000000e+02
8.100000000000000000e+02
8.280000000000000000e+02
7.500000000000000000e+02
7.540000000000000000e+02
7.370000000000000000e+02
7.120000000000000000e+02
8.070000000000000000e+02
7.340000000000000000e+02
8.630000000000000000e+02
8.000000000000000000e+02
8.290000000000000000e+02
8.760000000000000000e+02
8.820000000000000000e+02
1.000000000000000000e+03
1.000000000000000000e+03
1.000000000000000000e+03
1.000000000000000000e+03
1.000000000000000000e+03
1.000000000000000000e+03
1.000000000000000000e+03
1.000000000000000000e+03
1.000000000000000000e+03
1.000000000000000000e+03
1.000000000000000000e+03
1.000000000000000000e+03
1.000000000000000000e+03
1.000000000000000000e+03
1.000000000000000000e+03
1.000000000000000000e+03
1.000000000000000000e+03
1.000000000000000000e+03
1.000000000000000000e+03
1.000000000000000000e+03
1.000000000000000000e+03
1.000000000000000000e+03
1.000000000000000000e+03
1.000000000000000000e+03
1.000000000000000000e+03
1.000000000000000000e+03
1.000000000000000000e+03
1.000000000000000000e+03
1.000000000000000000e+03
1.000000000000000000e+03
1.000000000000000000e+03
1.000000000000000000e+03
1.000000000000000000e+03
1.000000000000000000e+03
1.000000000000000000e+03
1.000000000000000000e+03
1.000000000000000000e+03
1.000000000000000000e+03
1.000000000000000000e+03
1.000000000000000000e+03
1.000000000000000000e+03
1.000000000000000000e+03
1.000000000000000000e+03
1.000000000000000000e+03
1.000000000000000000e+03
1.000000000000000000e+03
1.000000000000000000e+03
1.000000000000000000e+03
1.000000000000000000e+03
1.000000000000000000e+03
1.000000000000000000e+03
1.000000000000000000e+03
1.000000000000000000e+03
1.000000000000000000e+03
1.000000000000000000e+03
1.000000000000000000e+03
1.000000000000000000e+03
1.000000000000000000e+03
1.000000000000000000e+03
1.000000000000000000e+03
1.000000000000000000e+03
1.000000000000000000e+03
1.000000000000000000e+03
1.000000000000000000e+03
1.000000000000000000e+03
1.000000000000000000e+03
1.000000000000000000e+03
1.000000000000000000e+03
1.000000000000000000e+03
1.000000000000000000e+03
1.000000000000000000e+03
1.000000000000000000e+03
1.000000000000000000e+03
1.000000000000000000e+03
1.000000000000000000e+03
1.000000000000000000e+03
1.000000000000000000e+03
1.000000000000000000e+03
1.000000000000000000e+03
1.000000000000000000e+03
1.000000000000000000e+03
1.000000000000000000e+03
1.000000000000000000e+03
1.000000000000000000e+03
1.000000000000000000e+03
1.000000000000000000e+03
1.000000000000000000e+03
1.000000000000000000e+03
1.000000000000000000e+03
1.000000000000000000e+03
1.000000000000000000e+03
1.000000000000000000e+03
1.000000000000000000e+03
1.000000000000000000e+03
1.000000000000000000e+03
1.000000000000000000e+03
1.000000000000000000e+03
1.000000000000000000e+03
1.000000000000000000e+03
1.000000000000000000e+03
