0.000000000000000000e+00
0.000000000000000000e+00
1.100000000000000000e+01
2.000000000000000000e+01
8.000000000000000000e+01
1.290000000000000000e+02
2.000000000000000000e+02
2.930000000000000000e+02
2.710000000000000000e+02
3.570000000000000000e+02
3.300000000000000000e+02
3.580000000000000000e+02
3.890000000000000000e+02
4.110000000000000000e+02
3.990000000000000000e+02
3.990000000000000000e+02
4.010000000000000000e+02
4.240000000000000000e+02
3.660000000000000000e+02
4.000000000000000000e+02
4.450000000000000000e+02
4.160000000000000000e+02
4.760000000000000000e+02
4.520000000000000000e+02
5.240000000000000000e+02
5.450000000000000000e+02
5.260000000000000000e+02
5.610000000000000000e+02
5.480000000000000000e+02
5.710000000000000000e+02
5.970000000000000000e+02
6.420000000000000000e+02
6.380000000000000000e+02
6.070000000000000000e+02
5.890000000000000000e+02
6.520000000000000000e+02
5.560000000000000000e+02
6.360000000000000000e+02
5.780000000000000000e+02
6.670000000000000000e+02
5.420000000000000000e+02
5.910000000000000000e+02
5.540000000000000000e+02
5.910000000000000000e+02
6.070000000000000000e+02
6.250000000000000000e+02
6.690000000000000000e+02
6.370000000000000000e+02
5.930000000000000000e+02
6.140000000000000000e+02
5.940000000000000000e+02
6.500000000000000000e+02
5.300000000000000000e+02
7.210000000000000000e+02
6.170000000000000000e+02
8.190000000000000000e+02
7.080000000000000000e+02
8.040000000000000000e+02
7.840000000000000000e+02
8.090000000000000000e+02
8.690000000000000000e+02
8.200000000000000000e+02
8.930000000000000000e+02
9.020000000000000000e+02
8.410000000000000000e+02
9.310000000000000000e+02
9.750000000000000000e+02
9.420000000000000000e+02
9.590000000000000000e+02
1.000000000000000000e+03
9.920000000000000000e+02
1.000000000000000000e+03
1.000000000000000000e+03
1.000000000000000000e+03
1.000000000000000000e+03
1.000000000000000000e+03
1.000000000000000000e+03
1.000000000000000000e+03
1.000000000000000000e+03
1.000000000000000000e+03
1.000000000000000000e+03
1.000000000000000000e+03
1.000000000000000000e+03
1.000000000000000000e+03
1.000000000000000000e+03
1.000000000000000000e+03
1.000000000000000000e+03
1.000000000000000000e+03
1.000000000000000000e+03
1.000000000000000000e+03
1.000000000000000000e+03
1.000000000000000000e+03
1.000000000000000000e+03
1.000000000000000000e+03
1.000000000000000000e+03
1.000000000000000000e+03
1.000000000000000000e+03
1.000000000000000000e+03
1.000000000000000000e+03
1.000000000000000000e+03
1.000000000000000000e+03
1.000000000000000000e+03
1.000000000000000000e+03
1.000000000000000000e+03
1.000000000000000000e+03
1.000000000000000000e+03
1.000000000000000000e+03
1.000000000000000000e+03
1.000000000000000000e+03
1.000000000000000000e+03
1.000000000000000000e+03
1.000000000000000000e+03
1.000000000000000000e+03
1.000000000000000000e+03
1.000000000000000000e+03
1.000000000000000000e+03
1.000000000000000000e+03
1.000000000000000000e+03
1.000000000000000000e+03
1.000000000000000000e+03
1.000000000000000000e+03
1.000000000000000000e+03
1.000000000000000000e+03
1.000000000000000000e+03
1.000000000000000000e+03
1.000000000000000000e+03
1.000000000000000000e+03
1.000000000000000000e+03
1.000000000000000000e+03
1.000000000000000000e+03
1.000000000000000000e+03
1.000000000000000000e+03
1.000000000000000000e+03
1.000000000000000000e+03
1.000000000000000000e+03
1.000000000000000000e+03
1.000000000000000000e+03
1.000000000000000000e+03
1.000000000000000000e+03
1.000000000000000000e+03
1.000000000000000000e+03
1.000000000000000000e+03
1.000000000000000000e+03
1.000000000000000000e+03
1.000000000000000000e+03
1.000000000000000000e+03
1.000000000000000000e+03
1.000000000000000000e+03
1.000000000000000000e+03
1.000000000000000000e+03
1.000000000000000000e+03
1.000000000000000000e+03
1.000000000000000000e+03
1.000000000000000000e+03
1.000000000000000000e+03
1.000000000000000000e+03
1.000000000000000000e+03
1.000000000000000000e+03
1.000000000000000000e+03
1.000000000000000000e+03
1.000000000000000000e+03
1.000000000000000000e+03
1.000000000000000000e+03
1.000000000000000000e+03
1.000000000000000000e+03
1.000000000000000000e+03
1.000000000000000000e+03
1.000000000000000000e+03
1.000000000000000000e+03
1.000000000000000000e+03
1.000000000000000000e+03
1.000000000000000000e+03
1.000000000000000000e+03
1.000000000000000000e+03
1.000000000000000000e+03
1.000000000000000000e+03
1.000000000000000000e+03
1.000000000000000000e+03
1.000000000000000000e+03
1.000000000000000000e+03
1.000000000000000000e+03
1.000000000000000000e+03
1.000000000000000000e+03
1.000000000000000000e+03
1.000000000000000000e+03
1.000000000000000000e+03
1.000000000000000000e+03
1.000000000000000000e+03
1.000000000000000000e+03
1.000000000000000000e+03
1.000000000000000000e+03
1.000000000000000000e+03
1.000000000000000000e+03
1.000000000000000000e+03
1.000000000000000000e+03
1.000000000000000000e+03
1.000000000000000000e+03
1.000000000000000000e+03
1.000000000000000000e+03
1.000000000000000000e+03
