0.000000000000000000e+00
0.000000000000000000e+00
1.200000000000000000e+01
2.700000000000000000e+01
8.400000000000000000e+01
1.430000000000000000e+02
1.890000000000000000e+02
2.270000000000000000e+02
2.330000000000000000e+02
2.960000000000000000e+02
2.750000000000000000e+02
3.410000000000000000e+02
3.140000000000000000e+02
3.190000000000000000e+02
3.080000000000000000e+02
3.120000000000000000e+02
3.280000000000000000e+02
3.390000000000000000e+02
3.520000000000000000e+02
3.490000000000000000e+02
4.110000000000000000e+02
3.870000000000000000e+02
4.140000000000000000e+02
4.230000000000000000e+02
4.700000000000000000e+02
4.230000000000000000e+02
4.780000000000000000e+02
5.170000000000000000e+02
4.670000000000000000e+02
4.940000000000000000e+02
4.890000000000000000e+02
5.550000000000000000e+02
4.940000000000000000e+02
5.350000000000000000e+02
5.910000000000000000e+02
5.480000000000000000e+02
5.890000000000000000e+02
5.700000000000000000e+02
5.690000000000000000e+02
5.660000000000000000e+02
5.770000000000000000e+02
5.790000000000000000e+02
6.100000000000000000e+02
6.100000000000000000e+02
7.080000000000000000e+02
6.270000000000000000e+02
6.620000000000000000e+02
7.780000000000000000e+02
7.530000000000000000e+02
7.900000000000000000e+02
7.230000000000000000e+02
8.420000000000000000e+02
7.450000000000000000e+02
8.540000000000000000e+02
8.290000000000000000e+02
8.220000000000000000e+02
8.800000000000000000e+02
8.410000000000000000e+02
8.930000000000000000e+02
8.200000000000000000e+02
9.390000000000000000e+02
9.190000000000000000e+02
1.000000000000000000e+03
1.000000000000000000e+03
9.310000000000000000e+02
9.600000000000000000e+02
9.530000000000000000e+02
9.710000000000000000e+02
1.000000000000000000e+03
1.000000000000000000e+03
1.000000000000000000e+03
1.000000000000000000e+03
1.000000000000000000e+03
1.000000000000000000e+03
1.000000000000000000e+03
1.000000000000000000e+03
1.000000000000000000e+03
1.000000000000000000e+03
1.000000000000000000e+03
1.000000000000000000e+03
1.000000000000000000e+03
1.000000000000000000e+03
1.000000000000000000e+03
1.000000000000000000e+03
1.000000000000000000e+03
1.000000000000000000e+03
1.000000000000000000e+03
1.000000000000000000e+03
1.000000000000000000e+03
1.000000000000000000e+03
1.000000000000000000e+03
1.000000000000000000e+03
1.000000000000000000e+03
1.000000000000000000e+03
1.000000000000000000e+03
1.000000000000000000e+03
1.000000000000000000e+03
1.000000000000000000e+03
1.000000000000000000e+03
1.000000000000000000e+03
1.000000000000000000e+03
1.000000000000000000e+03
1.000000000000000000e+03
1.000000000000000000e+03
1.000000000000000000e+03
1.000000000000000000e+03
1.000000000000000000e+03
1.000000000000000000e+03
1.000000000000000000e+03
1.000000000000000000e+03
1.000000000000000000e+03
1.000000000000000000e+03
1.000000000000000000e+03
1.000000000000000000e+03
1.000000000000000000e+03
1.000000000000000000e+03
1.000000000000000000e+03
1.000000000000000000e+03
1.000000000000000000e+03
1.000000000000000000e+03
1.000000000000000000e+03
1.000000000000000000e+03
1.000000000000000000e+03
1.000000000000000000e+03
1.000000000000000000e+03
1.000000000000000000e+03
1.000000000000000000e+03
1.000000000000000000e+03
1.000000000000000000e+03
1.000000000000000000e+03
1.000000000000000000e+03
1.000000000000000000e+03
1.000000000000000000e+03
1.000000000000000000e+03
1.000000000000000000e+03
1.000000000000000000e+03
1.000000000000000000e+03
1.000000000000000000e+03
1.000000000000000000e+03
1.000000000000000000e+03
1.000000000000000000e+03
1.000000000000000000e+03
1.000000000000000000e+03
1.000000000000000000e+03
1.000000000000000000e+03
1.000000000000000000e+03
1.000000000000000000e+03
1.000000000000000000e+03
1.000000000000000000e+03
1.000000000000000000e+03
1.000000000000000000e+03
1.000000000000000000e+03
1.000000000000000000e+03
1.000000000000000000e+03
1.000000000000000000e+03
1.000000000000000000e+03
1.000000000000000000e+03
1.000000000000000000e+03
1.000000000000000000e+03
1.000000000000000000e+03
1.000000000000000000e+03
1.000000000000000000e+03
1.000000000000000000e+03
1.000000000000000000e+03
1.000000000000000000e+03
1.000000000000000000e+03
1.000000000000000000e+03
1.000000000000000000e+03
1.000000000000000000e+03
1.000000000000000000e+03
1.000000000000000000e+03
1.000000000000000000e+03
1.000000000000000000e+03
1.000000000000000000e+03
1.000000000000000000e+03
1.000000000000000000e+03
1.000000000000000000e+03
1.000000000000000000e+03
1.000000000000000000e+03
1.000000000000000000e+03
1.000000000000000000e+03
1.000000000000000000e+03
1.000000000000000000e+03
1.000000000000000000e+03
1.000000000000000000e+03
1.000000000000000000e+03
1.000000000000000000e+03
1.000000000000000000e+03
1.000000000000000000e+03
1.000000000000000000e+03
1.000000000000000000e+03
1.000000000000000000e+03
1.000000000000000000e+03
1.000000000000000000e+03
1.000000000000000000e+03
1.000000000000000000e+03
1.000000000000000000e+03
1.000000000000000000e+03
1.000000000000000000e+03
1.000000000000000000e+03
