0.000000000000000000e+00
0.000000000000000000e+00
1.200000000000000000e+01
2.300000000000000000e+01
9.200000000000000000e+01
1.370000000000000000e+02
2.270000000000000000e+02
2.690000000000000000e+02
2.780000000000000000e+02
3.190000000000000000e+02
3.200000000000000000e+02
3.390000000000000000e+02
2.800000000000000000e+02
3.780000000000000000e+02
3.280000000000000000e+02
3.860000000000000000e+02
3.560000000000000000e+02
4.050000000000000000e+02
3.980000000000000000e+02
3.920000000000000000e+02
3.710000000000000000e+02
3.920000000000000000e+02
3.490000000000000000e+02
3.560000000000000000e+02
3.480000000000000000e+02
4.340000000000000000e+02
3.970000000000000000e+02
4.330000000000000000e+02
4.320000000000000000e+02
4.040000000000000000e+02
3.770000000000000000e+02
4.830000000000000000e+02
4.180000000000000000e+02
4.400000000000000000e+02
4.930000000000000000e+02
4.330000000000000000e+02
5.210000000000000000e+02
4.950000000000000000e+02
5.080000000000000000e+02
5.790000000000000000e+02
6.270000000000000000e+02
4.940000000000000000e+02
5.820000000000000000e+02
5.440000000000000000e+02
5.800000000000000000e+02
5.090000000000000000e+02
5.770000000000000000e+02
5.300000000000000000e+02
5.600000000000000000e+02
5.710000000000000000e+02
5.230000000000000000e+02
6.150000000000000000e+02
5.970000000000000000e+02
6.170000000000000000e+02
6.220000000000000000e+02
6.080000000000000000e+02
5.580000000000000000e+02
5.900000000000000000e+02
6.200000000000000000e+02
6.270000000000000000e+02
6.380000000000000000e+02
6.390000000000000000e+02
6.050000000000000000e+02
5.970000000000000000e+02
7.050000000000000000e+02
6.090000000000000000e+02
6.400000000000000000e+02
6.330000000000000000e+02
6.340000000000000000e+02
6.110000000000000000e+02
5.870000000000000000e+02
5.710000000000000000e+02
6.270000000000000000e+02
5.970000000000000000e+02
6.500000000000000000e+02
6.920000000000000000e+02
6.590000000000000000e+02
7.030000000000000000e+02
7.330000000000000000e+02
6.780000000000000000e+02
7.800000000000000000e+02
6.850000000000000000e+02
8.660000000000000000e+02
6.920000000000000000e+02
8.670000000000000000e+02
8.280000000000000000e+02
8.820000000000000000e+02
8.660000000000000000e+02
8.630000000000000000e+02
8.530000000000000000e+02
8.470000000000000000e+02
8.870000000000000000e+02
8.400000000000000000e+02
8.620000000000000000e+02
8.020000000000000000e+02
8.410000000000000000e+02
8.930000000000000000e+02
9.380000000000000000e+02
9.320000000000000000e+02
9.210000000000000000e+02
8.690000000000000000e+02
8.580000000000000000e+02
8.530000000000000000e+02
9.200000000000000000e+02
7.950000000000000000e+02
9.430000000000000000e+02
8.510000000000000000e+02
1.000000000000000000e+03
9.170000000000000000e+02
9.520000000000000000e+02
9.370000000000000000e+02
9.910000000000000000e+02
1.000000000000000000e+03
1.000000000000000000e+03
1.000000000000000000e+03
1.000000000000000000e+03
1.000000000000000000e+03
1.000000000000000000e+03
1.000000000000000000e+03
1.000000000000000000e+03
1.000000000000000000e+03
1.000000000000000000e+03
1.000000000000000000e+03
1.000000000000000000e+03
1.000000000000000000e+03
1.000000000000000000e+03
1.000000000000000000e+03
1.000000000000000000e+03
1.000000000000000000e+03
1.000000000000000000e+03
1.000000000000000000e+03
1.000000000000000000e+03
1.000000000000000000e+03
1.000000000000000000e+03
1.000000000000000000e+03
1.000000000000000000e+03
1.000000000000000000e+03
1.000000000000000000e+03
1.000000000000000000e+03
1.000000000000000000e+03
1.000000000000000000e+03
1.000000000000000000e+03
1.000000000000000000e+03
1.000000000000000000e+03
1.000000000000000000e+03
1.000000000000000000e+03
1.000000000000000000e+03
1.000000000000000000e+03
1.000000000000000000e+03
1.000000000000000000e+03
1.000000000000000000e+03
1.000000000000000000e+03
1.000000000000000000e+03
1.000000000000000000e+03
1.000000000000000000e+03
1.000000000000000000e+03
1.000000000000000000e+03
1.000000000000000000e+03
1.000000000000000000e+03
1.000000000000000000e+03
1.000000000000000000e+03
1.000000000000000000e+03
1.000000000000000000e+03
1.000000000000000000e+03
1.000000000000000000e+03
1.000000000000000000e+03
1.000000000000000000e+03
1.000000000000000000e+03
1.000000000000000000e+03
1.000000000000000000e+03
1.000000000000000000e+03
1.000000000000000000e+03
1.000000000000000000e+03
1.000000000000000000e+03
1.000000000000000000e+03
1.000000000000000000e+03
1.000000000000000000e+03
1.000000000000000000e+03
1.000000000000000000e+03
1.000000000000000000e+03
1.000000000000000000e+03
1.000000000000000000e+03
1.000000000000000000e+03
1.000000000000000000e+03
1.000000000000000000e+03
1.000000000000000000e+03
1.000000000000000000e+03
1.000000000000000000e+03
1.000000000000000000e+03
1.000000000000000000e+03
1.000000000000000000e+03
1.000000000000000000e+03
1.000000000000000000e+03
1.000000000000000000e+03
1.000000000000000000e+03
1.000000000000000000e+03
1.000000000000000000e+03
1.000000000000000000e+03
1.000000000000000000e+03
1.000000000000000000e+03
