0.000000000000000000e+00
0.000000000000000000e+00
1.300000000000000000e+01
2.500000000000000000e+01
8.000000000000000000e+01
1.360000000000000000e+02
1.780000000000000000e+02
2.490000000000000000e+02
2.560000000000000000e+02
2.820000000000000000e+02
3.010000000000000000e+02
3.180000000000000000e+02
3.330000000000000000e+02
2.800000000000000000e+02
3.150000000000000000e+02
2.850000000000000000e+02
2.670000000000000000e+02
2.500000000000000000e+02
2.460000000000000000e+02
2.770000000000000000e+02
2.680000000000000000e+02
2.580000000000000000e+02
2.820000000000000000e+02
2.860000000000000000e+02
3.260000000000000000e+02
3.070000000000000000e+02
2.720000000000000000e+02
3.070000000000000000e+02
2.780000000000000000e+02
3.060000000000000000e+02
3.230000000000000000e+02
3.310000000000000000e+02
3.280000000000000000e+02
3.160000000000000000e+02
3.990000000000000000e+02
3.780000000000000000e+02
3.820000000000000000e+02
3.780000000000000000e+02
3.040000000000000000e+02
3.520000000000000000e+02
3.170000000000000000e+02
3.460000000000000000e+02
3.700000000000000000e+02
4.140000000000000000e+02
4.260000000000000000e+02
4.830000000000000000e+02
4.700000000000000000e+02
5.060000000000000000e+02
5.170000000000000000e+02
5.290000000000000000e+02
5.440000000000000000e+02
5.700000000000000000e+02
5.900000000000000000e+02
6.240000000000000000e+02
6.340000000000000000e+02
5.990000000000000000e+02
6.290000000000000000e+02
6.240000000000000000e+02
6.490000000000000000e+02
6.440000000000000000e+02
6.780000000000000000e+02
7.000000000000000000e+02
7.740000000000000000e+02
7.580000000000000000e+02
7.910000000000000000e+02
7.290000000000000000e+02
8.210000000000000000e+02
7.000000000000000000e+02
8.660000000000000000e+02
7.180000000000000000e+02
8.980000000000000000e+02
8.020000000000000000e+02
9.710000000000000000e+02
8.430000000000000000e+02
9.580000000000000000e+02
8.810000000000000000e+02
1.000000000000000000e+03
9.850000000000000000e+02
1.000000000000000000e+03
1.000000000000000000e+03
1.000000000000000000e+03
1.000000000000000000e+03
1.000000000000000000e+03
1.000000000000000000e+03
1.000000000000000000e+03
1.000000000000000000e+03
1.000000000000000000e+03
1.000000000000000000e+03
1.000000000000000000e+03
1.000000000000000000e+03
1.000000000000000000e+03
1.000000000000000000e+03
1.000000000000000000e+03
1.000000000000000000e+03
1.000000000000000000e+03
1.000000000000000000e+03
1.000000000000000000e+03
1.000000000000000000e+03
1.000000000000000000e+03
1.000000000000000000e+03
1.000000000000000000e+03
1.000000000000000000e+03
1.000000000000000000e+03
1.000000000000000000e+03
1.000000000000000000e+03
1.000000000000000000e+03
1.000000000000000000e+03
1.000000000000000000e+03
1.000000000000000000e+03
1.000000000000000000e+03
1.000000000000000000e+03
1.000000000000000000e+03
1.000000000000000000e+03
1.000000000000000000e+03
1.000000000000000000e+03
1.000000000000000000e+03
1.000000000000000000e+03
1.000000000000000000e+03
1.000000000000000000e+03
1.000000000000000000e+03
1.000000000000000000e+03
1.000000000000000000e+03
1.000000000000000000e+03
1.000000000000000000e+03
1.000000000000000000e+03
1.000000000000000000e+03
1.000000000000000000e+03
1.000000000000000000e+03
1.000000000000000000e+03
1.000000000000000000e+03
1.000000000000000000e+03
1.000000000000000000e+03
1.000000000000000000e+03
1.000000000000000000e+03
1.000000000000000000e+03
1.000000000000000000e+03
1.000000000000000000e+03
1.000000000000000000e+03
1.000000000000000000e+03
1.000000000000000000e+03
1.000000000000000000e+03
1.000000000000000000e+03
1.000000000000000000e+03
1.000000000000000000e+03
1.000000000000000000e+03
1.000000000000000000e+03
1.000000000000000000e+03
1.000000000000000000e+03
1.000000000000000000e+03
1.000000000000000000e+03
1.000000000000000000e+03
1.000000000000000000e+03
1.000000000000000000e+03
1.000000000000000000e+03
1.000000000000000000e+03
1.000000000000000000e+03
1.000000000000000000e+03
1.000000000000000000e+03
1.000000000000000000e+03
1.000000000000000000e+03
1.000000000000000000e+03
1.000000000000000000e+03
1.000000000000000000e+03
1.000000000000000000e+03
1.000000000000000000e+03
1.000000000000000000e+03
1.000000000000000000e+03
1.000000000000000000e+03
1.000000000000000000e+03
1.000000000000000000e+03
1.000000000000000000e+03
1.000000000000000000e+03
1.000000000000000000e+03
1.000000000000000000e+03
1.000000000000000000e+03
1.000000000000000000e+03
1.000000000000000000e+03
1.000000000000000000e+03
1.000000000000000000e+03
1.000000000000000000e+03
1.000000000000000000e+03
1.000000000000000000e+03
1.000000000000000000e+03
1.000000000000000000e+03
1.000000000000000000e+03
1.000000000000000000e+03
1.000000000000000000e+03
1.000000000000000000e+03
1.000000000000000000e+03
1.000000000000000000e+03
1.000000000000000000e+03
1.000000000000000000e+03
1.000000000000000000e+03
1.000000000000000000e+03
1.000000000000000000e+03
1.000000000000000000e+03
1.000000000000000000e+03
1.000000000000000000e+03
1.000000000000000000e+03
1.000000000000000000e+03
