0.000000000000000000e+00
0.000000000000000000e+00
1.000000000000000000e+01
3.000000000000000000e+01
7.200000000000000000e+01
1.580000000000000000e+02
1.800000000000000000e+02
2.520000000000000000e+02
2.640000000000000000e+02
2.620000000000000000e+02
2.960000000000000000e+02
2.610000000000000000e+02
3.520000000000000000e+02
2.870000000000000000e+02
3.380000000000000000e+02
3.930000000000000000e+02
3.750000000000000000e+02
4.330000000000000000e+02
4.120000000000000000e+02
4.910000000000000000e+02
4.190000000000000000e+02
4.090000000000000000e+02
4.010000000000000000e+02
3.950000000000000000e+02
3.640000000000000000e+02
4.110000000000000000e+02
4.200000000000000000e+02
4.460000000000000000e+02
4.940000000000000000e+02
5.110000000000000000e+02
5.240000000000000000e+02
5.900000000000000000e+02
6.110000000000000000e+02
6.120000000000000000e+02
6.330000000000000000e+02
6.380000000000000000e+02
6.720000000000000000e+02
6.630000000000000000e+02
6.900000000000000000e+02
6.390000000000000000e+02
6.030000000000000000e+02
5.900000000000000000e+02
5.440000000000000000e+02
5.460000000000000000e+02
5.840000000000000000e+02
5.550000000000000000e+02
5.970000000000000000e+02
5.520000000000000000e+02
6.220000000000000000e+02
5.990000000000000000e+02
6.000000000000000000e+02
6.170000000000000000e+02
5.910000000000000000e+02
6.780000000000000000e+02
6.030000000000000000e+02
7.020000000000000000e+02
7.300000000000000000e+02
6.840000000000000000e+02
7.310000000000000000e+02
8.170000000000000000e+02
7.360000000000000000e+02
8.620000000000000000e+02
8.200000000000000000e+02
8.360000000000000000e+02
9.340000000000000000e+02
9.260000000000000000e+02
8.970000000000000000e+02
9.630000000000000000e+02
9.820000000000000000e+02
9.740000000000000000e+02
1.000000000000000000e+03
1.000000000000000000e+03
1.000000000000000000e+03
1.000000000000000000e+03
1.000000000000000000e+03
1.000000000000000000e+03
1.000000000000000000e+03
1.000000000000000000e+03
1.000000000000000000e+03
1.000000000000000000e+03
1.000000000000000000e+03
1.000000000000000000e+03
1.000000000000000000e+03
1.000000000000000000e+03
1.000000000000000000e+03
1.000000000000000000e+03
1.000000000000000000e+03
1.000000000000000000e+03
1.000000000000000000e+03
1.000000000000000000e+03
1.000000000000000000e+03
1.000000000000000000e+03
1.000000000000000000e+03
1.000000000000000000e+03
1.000000000000000000e+03
1.000000000000000000e+03
1.000000000000000000e+03
1.000000000000000000e+03
1.000000000000000000e+03
1.000000000000000000e+03
1.000000000000000000e+03
1.000000000000000000e+03
1.000000000000000000e+03
1.000000000000000000e+03
1.000000000000000000e+03
1.000000000000000000e+03
1.000000000000000000e+03
1.000000000000000000e+03
1.000000000000000000e+03
1.000000000000000000e+03
1.000000000000000000e+03
1.000000000000000000e+03
1.000000000000000000e+03
1.000000000000000000e+03
1.000000000000000000e+03
1.000000000000000000e+03
1.000000000000000000e+03
1.000000000000000000e+03
1.000000000000000000e+03
1.000000000000000000e+03
1.000000000000000000e+03
1.000000000000000000e+03
1.000000000000000000e+03
1.000000000000000000e+03
1.000000000000000000e+03
1.000000000000000000e+03
1.000000000000000000e+03
1.000000000000000000e+03
1.000000000000000000e+03
1.000000000000000000e+03
1.000000000000000000e+03
1.000000000000000000e+03
1.000000000000000000e+03
1.000000000000000000e+03
1.000000000000000000e+03
1.000000000000000000e+03
1.000000000000000000e+03
1.000000000000000000e+03
1.000000000000000000e+03
1.000000000000000000e+03
1.000000000000000000e+03
1.000000000000000000e+03
1.000000000000000000e+03
1.000000000000000000e+03
1.000000000000000000e+03
1.000000000000000000e+03
1.000000000000000000e+03
1.000000000000000000e+03
1.000000000000000000e+03
1.000000000000000000e+03
1.000000000000000000e+03
1.000000000000000000e+03
1.000000000000000000e+03
1.000000000000000000e+03
1.000000000000000000e+03
1.000000000000000000e+03
1.000000000000000000e+03
1.000000000000000000e+03
1.000000000000000000e+03
1.000000000000000000e+03
1.000000000000000000e+03
1.000000000000000000e+03
1.000000000000000000e+03
1.000000000000000000e+03
1.000000000000000000e+03
1.000000000000000000e+03
1.000000000000000000e+03
1.000000000000000000e+03
1.000000000000000000e+03
1.000000000000000000e+03
1.000000000000000000e+03
1.000000000000000000e+03
1.000000000000000000e+03
1.000000000000000000e+03
1.000000000000000000e+03
1.000000000000000000e+03
1.000000000000000000e+03
1.000000000000000000e+03
1.000000000000000000e+03
1.000000000000000000e+03
1.000000000000000000e+03
1.000000000000000000e+03
1.000000000000000000e+03
1.000000000000000000e+03
1.000000000000000000e+03
1.000000000000000000e+03
1.000000000000000000e+03
1.000000000000000000e+03
1.000000000000000000e+03
1.000000000000000000e+03
1.000000000000000000e+03
1.000000000000000000e+03
1.000000000000000000e+03
1.000000000000000000e+03
1.000000000000000000e+03
1.000000000000000000e+03
1.000000000000000000e+03
1.000000000000000000e+03
1.000000000000000000e+03
1.000000000000000000e+03
