0.000000000000000000e+00
0.000000000000000000e+00
7.000000000000000000e+00
2.600000000000000000e+01
6.500000000000000000e+01
1.610000000000000000e+02
1.930000000000000000e+02
3.080000000000000000e+02
2.370000000000000000e+02
3.320000000000000000e+02
2.860000000000000000e+02
3.130000000000000000e+02
3.380000000000000000e+02
2.870000000000000000e+02
3.300000000000000000e+02
3.210000000000000000e+02
2.990000000000000000e+02
3.110000000000000000e+02
3.270000000000000000e+02
3.510000000000000000e+02
3.760000000000000000e+02
3.540000000000000000e+02
3.490000000000000000e+02
3.780000000000000000e+02
4.220000000000000000e+02
3.590000000000000000e+02
4.340000000000000000e+02
3.300000000000000000e+02
4.550000000000000000e+02
3.260000000000000000e+02
4.100000000000000000e+02
3.950000000000000000e+02
4.490000000000000000e+02
4.090000000000000000e+02
4.520000000000000000e+02
4.160000000000000000e+02
5.030000000000000000e+02
4.090000000000000000e+02
5.020000000000000000e+02
4.160000000000000000e+02
4.400000000000000000e+02
5.030000000000000000e+02
4.970000000000000000e+02
4.980000000000000000e+02
6.020000000000000000e+02
5.550000000000000000e+02
6.420000000000000000e+02
5.910000000000000000e+02
6.320000000000000000e+02
6.220000000000000000e+02
5.940000000000000000e+02
6.890000000000000000e+02
6.100000000000000000e+02
7.160000000000000000e+02
6.320000000000000000e+02
6.350000000000000000e+02
6.700000000000000000e+02
6.550000000000000000e+02
6.950000000000000000e+02
6.440000000000000000e+02
7.950000000000000000e+02
7.340000000000000000e+02
7.390000000000000000e+02
7.850000000000000000e+02
7.420000000000000000e+02
7.810000000000000000e+02
7.060000000000000000e+02
6.850000000000000000e+02
7.330000000000000000e+02
6.690000000000000000e+02
8.160000000000000000e+02
7.300000000000000000e+02
8.660000000000000000e+02
7.950000000000000000e+02
9.170000000000000000e+02
8.410000000000000000e+02
9.790000000000000000e+02
8.520000000000000000e+02
9.450000000000000000e+02
8.990000000000000000e+02
9.400000000000000000e+02
1.000000000000000000e+03
1.000000000000000000e+03
8.780000000000000000e+02
9.630000000000000000e+02
8.480000000000000000e+02
1.000000000000000000e+03
8.590000000000000000e+02
9.580000000000000000e+02
9.320000000000000000e+02
9.620000000000000000e+02
9.930000000000000000e+02
9.500000000000000000e+02
9.460000000000000000e+02
9.240000000000000000e+02
8.120000000000000000e+02
9.640000000000000000e+02
9.770000000000000000e+02
9.440000000000000000e+02
9.520000000000000000e+02
9.610000000000000000e+02
1.000000000000000000e+03
1.000000000000000000e+03
1.000000000000000000e+03
1.000000000000000000e+03
1.000000000000000000e+03
1.000000000000000000e+03
1.000000000000000000e+03
1.000000000000000000e+03
1.000000000000000000e+03
1.000000000000000000e+03
1.000000000000000000e+03
1.000000000000000000e+03
1.000000000000000000e+03
1.000000000000000000e+03
1.000000000000000000e+03
1.000000000000000000e+03
1.000000000000000000e+03
1.000000000000000000e+03
1.000000000000000000e+03
1.000000000000000000e+03
1.000000000000000000e+03
1.000000000000000000e+03
1.000000000000000000e+03
1.000000000000000000e+03
1.000000000000000000e+03
1.000000000000000000e+03
1.000000000000000000e+03
1.000000000000000000e+03
1.000000000000000000e+03
1.000000000000000000e+03
1.000000000000000000e+03
1.000000000000000000e+03
1.000000000000000000e+03
1.000000000000000000e+03
1.000000000000000000e+03
1.000000000000000000e+03
1.000000000000000000e+03
1.000000000000000000e+03
1.000000000000000000e+03
1.000000000000000000e+03
1.000000000000000000e+03
1.000000000000000000e+03
1.000000000000000000e+03
1.000000000000000000e+03
1.000000000000000000e+03
1.000000000000000000e+03
1.000000000000000000e+03
1.000000000000000000e+03
1.000000000000000000e+03
1.000000000000000000e+03
1.000000000000000000e+03
1.000000000000000000e+03
1.000000000000000000e+03
1.000000000000000000e+03
1.000000000000000000e+03
1.000000000000000000e+03
1.000000000000000000e+03
1.000000000000000000e+03
1.000000000000000000e+03
1.000000000000000000e+03
1.000000000000000000e+03
1.000000000000000000e+03
1.000000000000000000e+03
1.000000000000000000e+03
1.000000000000000000e+03
1.000000000000000000e+03
1.000000000000000000e+03
1.000000000000000000e+03
1.000000000000000000e+03
1.000000000000000000e+03
1.000000000000000000e+03
1.000000000000000000e+03
1.000000000000000000e+03
1.000000000000000000e+03
1.000000000000000000e+03
1.000000000000000000e+03
1.000000000000000000e+03
1.000000000000000000e+03
1.000000000000000000e+03
1.000000000000000000e+03
1.000000000000000000e+03
1.000000000000000000e+03
1.000000000000000000e+03
1.000000000000000000e+03
1.000000000000000000e+03
1.000000000000000000e+03
1.000000000000000000e+03
1.000000000000000000e+03
1.000000000000000000e+03
1.000000000000000000e+03
1.000000000000000000e+03
1.000000000000000000e+03
1.000000000000000000e+03
1.000000000000000000e+03
1.000000000000000000e+03
1.000000000000000000e+03
1.000000000000000000e+03
1.000000000000000000e+03
1.000000000000000000e+03
