0.000000000000000000e+00
0.000000000000000000e+00
7.000000000000000000e+00
2.200000000000000000e+01
6.900000000000000000e+01
1.260000000000000000e+02
2.160000000000000000e+02
2.230000000000000000e+02
2.930000000000000000e+02
2.810000000000000000e+02
3.410000000000000000e+02
3.090000000000000000e+02
3.770000000000000000e+02
3.190000000000000000e+02
3.370000000000000000e+02
3.470000000000000000e+02
2.960000000000000000e+02
3.750000000000000000e+02
3.260000000000000000e+02
4.310000000000000000e+02
3.240000000000000000e+02
3.930000000000000000e+02
3.310000000000000000e+02
4.380000000000000000e+02
4.140000000000000000e+02
4.520000000000000000e+02
4.200000000000000000e+02
3.970000000000000000e+02
4.260000000000000000e+02
4.010000000000000000e+02
4.290000000000000000e+02
3.970000000000000000e+02
4.700000000000000000e+02
4.670000000000000000e+02
5.160000000000000000e+02
5.060000000000000000e+02
5.620000000000000000e+02
5.560000000000000000e+02
5.890000000000000000e+02
6.240000000000000000e+02
6.090000000000000000e+02
6.570000000000000000e+02
6.080000000000000000e+02
7.190000000000000000e+02
6.920000000000000000e+02
7.120000000000000000e+02
7.080000000000000000e+02
6.730000000000000000e+02
6.990000000000000000e+02
7.270000000000000000e+02
7.720000000000000000e+02
7.860000000000000000e+02
7.690000000000000000e+02
8.170000000000000000e+02
8.670000000000000000e+02
8.590000000000000000e+02
8.260000000000000000e+02
9.240000000000000000e+02
9.100000000000000000e+02
9.910000000000000000e+02
8.560000000000000000e+02
1.000000000000000000e+03
8.100000000000000000e+02
1.000000000000000000e+03
8.210000000000000000e+02
1.000000000000000000e+03
9.360000000000000000e+02
1.000000000000000000e+03
1.000000000000000000e+03
1.000000000000000000e+03
9.320000000000000000e+02
9.550000000000000000e+02
1.000000000000000000e+03
1.000000000000000000e+03
1.000000000000000000e+03
1.000000000000000000e+03
1.000000000000000000e+03
1.000000000000000000e+03
1.000000000000000000e+03
1.000000000000000000e+03
1.000000000000000000e+03
1.000000000000000000e+03
1.000000000000000000e+03
1.000000000000000000e+03
1.000000000000000000e+03
1.000000000000000000e+03
1.000000000000000000e+03
1.000000000000000000e+03
1.000000000000000000e+03
1.000000000000000000e+03
1.000000000000000000e+03
1.000000000000000000e+03
1.000000000000000000e+03
1.000000000000000000e+03
1.000000000000000000e+03
1.000000000000000000e+03
1.000000000000000000e+03
1.000000000000000000e+03
1.000000000000000000e+03
1.000000000000000000e+03
1.000000000000000000e+03
1.000000000000000000e+03
1.000000000000000000e+03
1.000000000000000000e+03
1.000000000000000000e+03
1.000000000000000000e+03
1.000000000000000000e+03
1.000000000000000000e+03
1.000000000000000000e+03
1.000000000000000000e+03
1.000000000000000000e+03
1.000000000000000000e+03
1.000000000000000000e+03
1.000000000000000000e+03
1.000000000000000000e+03
1.000000000000000000e+03
1.000000000000000000e+03
1.000000000000000000e+03
1.000000000000000000e+03
1.000000000000000000e+03
1.000000000000000000e+03
1.000000000000000000e+03
1.000000000000000000e+03
1.000000000000000000e+03
1.000000000000000000e+03
1.000000000000000000e+03
1.000000000000000000e+03
1.000000000000000000e+03
1.000000000000000000e+03
1.000000000000000000e+03
1.000000000000000000e+03
1.000000000000000000e+03
1.000000000000000000e+03
1.000000000000000000e+03
1.000000000000000000e+03
1.000000000000000000e+03
1.000000000000000000e+03
1.000000000000000000e+03
1.000000000000000000e+03
1.000000000000000000e+03
1.000000000000000000e+03
1.000000000000000000e+03
1.000000000000000000e+03
1.000000000000000000e+03
1.000000000000000000e+03
1.000000000000000000e+03
1.000000000000000000e+03
1.000000000000000000e+03
1.000000000000000000e+03
1.000000000000000000e+03
1.000000000000000000e+03
1.000000000000000000e+03
1.000000000000000000e+03
1.000000000000000000e+03
1.000000000000000000e+03
1.000000000000000000e+03
1.000000000000000000e+03
1.000000000000000000e+03
1.000000000000000000e+03
1.000000000000000000e+03
1.000000000000000000e+03
1.000000000000000000e+03
1.000000000000000000e+03
1.000000000000000000e+03
1.000000000000000000e+03
1.000000000000000000e+03
1.000000000000000000e+03
1.000000000000000000e+03
1.000000000000000000e+03
1.000000000000000000e+03
1.000000000000000000e+03
1.000000000000000000e+03
1.000000000000000000e+03
1.000000000000000000e+03
1.000000000000000000e+03
1.000000000000000000e+03
1.000000000000000000e+03
1.000000000000000000e+03
1.000000000000000000e+03
1.000000000000000000e+03
1.000000000000000000e+03
1.000000000000000000e+03
1.000000000000000000e+03
1.000000000000000000e+03
1.000000000000000000e+03
1.000000000000000000e+03
1.000000000000000000e+03
1.000000000000000000e+03
1.000000000000000000e+03
1.000000000000000000e+03
1.000000000000000000e+03
1.000000000000000000e+03
1.000000000000000000e+03
1.000000000000000000e+03
1.000000000000000000e+03
1.000000000000000000e+03
1.000000000000000000e+03
1.000000000000000000e+03
1.000000000000000000e+03
1.000000000000000000e+03
