0.000000000000000000e+00
0.000000000000000000e+00
1.500000000000000000e+01
2.300000000000000000e+01
8.700000000000000000e+01
1.300000000000000000e+02
1.550000000000000000e+02
2.290000000000000000e+02
2.330000000000000000e+02
2.490000000000000000e+02
2.910000000000000000e+02
2.600000000000000000e+02
2.990000000000000000e+02
2.640000000000000000e+02
3.050000000000000000e+02
2.900000000000000000e+02
2.600000000000000000e+02
2.790000000000000000e+02
2.570000000000000000e+02
2.430000000000000000e+02
2.360000000000000000e+02
2.840000000000000000e+02
2.680000000000000000e+02
3.130000000000000000e+02
2.420000000000000000e+02
2.940000000000000000e+02
2.630000000000000000e+02
2.920000000000000000e+02
3.150000000000000000e+02
2.870000000000000000e+02
3.720000000000000000e+02
3.050000000000000000e+02
3.200000000000000000e+02
3.870000000000000000e+02
3.390000000000000000e+02
4.370000000000000000e+02
3.670000000000000000e+02
3.850000000000000000e+02
3.470000000000000000e+02
3.500000000000000000e+02
3.810000000000000000e+02
3.190000000000000000e+02
3.860000000000000000e+02
3.400000000000000000e+02
3.920000000000000000e+02
3.440000000000000000e+02
3.870000000000000000e+02
3.510000000000000000e+02
4.310000000000000000e+02
3.670000000000000000e+02
4.630000000000000000e+02
4.330000000000000000e+02
4.400000000000000000e+02
4.760000000000000000e+02
4.350000000000000000e+02
4.990000000000000000e+02
4.660000000000000000e+02
5.540000000000000000e+02
4.840000000000000000e+02
5.150000000000000000e+02
5.410000000000000000e+02
5.330000000000000000e+02
4.810000000000000000e+02
5.500000000000000000e+02
5.360000000000000000e+02
5.720000000000000000e+02
5.260000000000000000e+02
5.880000000000000000e+02
5.360000000000000000e+02
6.270000000000000000e+02
6.070000000000000000e+02
5.970000000000000000e+02
6.150000000000000000e+02
6.740000000000000000e+02
6.560000000000000000e+02
6.820000000000000000e+02
7.210000000000000000e+02
6.730000000000000000e+02
7.360000000000000000e+02
6.950000000000000000e+02
7.620000000000000000e+02
7.730000000000000000e+02
7.630000000000000000e+02
7.170000000000000000e+02
7.690000000000000000e+02
7.900000000000000000e+02
8.120000000000000000e+02
7.750000000000000000e+02
7.720000000000000000e+02
8.090000000000000000e+02
7.860000000000000000e+02
8.570000000000000000e+02
8.080000000000000000e+02
8.850000000000000000e+02
8.220000000000000000e+02
7.880000000000000000e+02
8.080000000000000000e+02
8.340000000000000000e+02
8.370000000000000000e+02
8.810000000000000000e+02
8.280000000000000000e+02
9.490000000000000000e+02
8.700000000000000000e+02
9.990000000000000000e+02
9.750000000000000000e+02
9.340000000000000000e+02
1.000000000000000000e+03
9.660000000000000000e+02
1.000000000000000000e+03
1.000000000000000000e+03
1.000000000000000000e+03
1.000000000000000000e+03
1.000000000000000000e+03
1.000000000000000000e+03
1.000000000000000000e+03
1.000000000000000000e+03
1.000000000000000000e+03
1.000000000000000000e+03
1.000000000000000000e+03
1.000000000000000000e+03
1.000000000000000000e+03
1.000000000000000000e+03
1.000000000000000000e+03
1.000000000000000000e+03
1.000000000000000000e+03
1.000000000000000000e+03
1.000000000000000000e+03
1.000000000000000000e+03
1.000000000000000000e+03
1.000000000000000000e+03
1.000000000000000000e+03
1.000000000000000000e+03
1.000000000000000000e+03
1.000000000000000000e+03
1.000000000000000000e+03
1.000000000000000000e+03
1.000000000000000000e+03
1.000000000000000000e+03
1.000000000000000000e+03
1.000000000000000000e+03
1.000000000000000000e+03
1.000000000000000000e+03
1.000000000000000000e+03
1.000000000000000000e+03
1.000000000000000000e+03
1.000000000000000000e+03
1.000000000000000000e+03
1.000000000000000000e+03
1.000000000000000000e+03
1.000000000000000000e+03
1.000000000000000000e+03
1.000000000000000000e+03
1.000000000000000000e+03
1.000000000000000000e+03
1.000000000000000000e+03
1.000000000000000000e+03
1.000000000000000000e+03
1.000000000000000000e+03
1.000000000000000000e+03
1.000000000000000000e+03
1.000000000000000000e+03
1.000000000000000000e+03
1.000000000000000000e+03
1.000000000000000000e+03
1.000000000000000000e+03
1.000000000000000000e+03
1.000000000000000000e+03
1.000000000000000000e+03
1.000000000000000000e+03
1.000000000000000000e+03
1.000000000000000000e+03
1.000000000000000000e+03
1.000000000000000000e+03
1.000000000000000000e+03
1.000000000000000000e+03
1.000000000000000000e+03
1.000000000000000000e+03
1.000000000000000000e+03
1.000000000000000000e+03
1.000000000000000000e+03
1.000000000000000000e+03
1.000000000000000000e+03
1.000000000000000000e+03
1.000000000000000000e+03
1.000000000000000000e+03
1.000000000000000000e+03
1.000000000000000000e+03
1.000000000000000000e+03
1.000000000000000000e+03
1.000000000000000000e+03
1.000000000000000000e+03
1.000000000000000000e+03
1.000000000000000000e+03
1.000000000000000000e+03
1.000000000000000000e+03
1.000000000000000000e+03
1.000000000000000000e+03
1.000000000000000000e+03
1.000000000000000000e+03
1.000000000000000000e+03
