0.000000000000000000e+00
0.000000000000000000e+00
1.200000000000000000e+01
2.700000000000000000e+01
8.900000000000000000e+01
1.490000000000000000e+02
2.050000000000000000e+02
2.510000000000000000e+02
2.370000000000000000e+02
2.740000000000000000e+02
2.670000000000000000e+02
3.220000000000000000e+02
2.680000000000000000e+02
2.250000000000000000e+02
2.620000000000000000e+02
2.480000000000000000e+02
2.630000000000000000e+02
2.580000000000000000e+02
2.590000000000000000e+02
2.990000000000000000e+02
2.290000000000000000e+02
3.350000000000000000e+02
2.220000000000000000e+02
3.150000000000000000e+02
2.830000000000000000e+02
2.910000000000000000e+02
3.290000000000000000e+02
3.120000000000000000e+02
3.300000000000000000e+02
3.370000000000000000e+02
3.470000000000000000e+02
3.120000000000000000e+02
3.260000000000000000e+02
2.860000000000000000e+02
3.020000000000000000e+02
3.230000000000000000e+02
3.950000000000000000e+02
3.930000000000000000e+02
4.430000000000000000e+02
4.620000000000000000e+02
4.270000000000000000e+02
4.430000000000000000e+02
4.200000000000000000e+02
4.450000000000000000e+02
4.720000000000000000e+02
4.280000000000000000e+02
4.430000000000000000e+02
4.600000000000000000e+02
4.810000000000000000e+02
5.020000000000000000e+02
4.850000000000000000e+02
5.040000000000000000e+02
4.880000000000000000e+02
5.630000000000000000e+02
4.680000000000000000e+02
4.710000000000000000e+02
4.430000000000000000e+02
4.380000000000000000e+02
4.860000000000000000e+02
5.080000000000000000e+02
4.970000000000000000e+02
5.300000000000000000e+02
4.820000000000000000e+02
5.420000000000000000e+02
5.700000000000000000e+02
5.330000000000000000e+02
6.370000000000000000e+02
5.140000000000000000e+02
5.970000000000000000e+02
5.470000000000000000e+02
5.520000000000000000e+02
6.550000000000000000e+02
5.980000000000000000e+02
6.500000000000000000e+02
7.050000000000000000e+02
6.820000000000000000e+02
7.170000000000000000e+02
6.200000000000000000e+02
6.410000000000000000e+02
6.090000000000000000e+02
6.710000000000000000e+02
6.450000000000000000e+02
7.080000000000000000e+02
6.630000000000000000e+02
6.820000000000000000e+02
6.650000000000000000e+02
6.760000000000000000e+02
6.340000000000000000e+02
6.770000000000000000e+02
6.690000000000000000e+02
7.110000000000000000e+02
6.840000000000000000e+02
6.850000000000000000e+02
6.790000000000000000e+02
6.180000000000000000e+02
7.110000000000000000e+02
6.700000000000000000e+02
6.300000000000000000e+02
6.750000000000000000e+02
6.250000000000000000e+02
6.290000000000000000e+02
6.880000000000000000e+02
6.950000000000000000e+02
6.840000000000000000e+02
6.390000000000000000e+02
7.020000000000000000e+02
7.150000000000000000e+02
7.380000000000000000e+02
6.420000000000000000e+02
7.960000000000000000e+02
6.540000000000000000e+02
7.920000000000000000e+02
7.540000000000000000e+02
7.630000000000000000e+02
7.800000000000000000e+02
7.890000000000000000e+02
7.770000000000000000e+02
7.680000000000000000e+02
8.660000000000000000e+02
8.060000000000000000e+02
7.750000000000000000e+02
8.700000000000000000e+02
7.280000000000000000e+02
8.710000000000000000e+02
8.070000000000000000e+02
9.360000000000000000e+02
8.640000000000000000e+02
1.000000000000000000e+03
9.640000000000000000e+02
9.840000000000000000e+02
8.800000000000000000e+02
9.450000000000000000e+02
9.710000000000000000e+02
9.700000000000000000e+02
8.610000000000000000e+02
9.580000000000000000e+02
8.390000000000000000e+02
9.630000000000000000e+02
9.130000000000000000e+02
1.000000000000000000e+03
1.000000000000000000e+03
1.000000000000000000e+03
1.000000000000000000e+03
1.000000000000000000e+03
1.000000000000000000e+03
1.000000000000000000e+03
1.000000000000000000e+03
1.000000000000000000e+03
1.000000000000000000e+03
1.000000000000000000e+03
1.000000000000000000e+03
1.000000000000000000e+03
1.000000000000000000e+03
1.000000000000000000e+03
1.000000000000000000e+03
1.000000000000000000e+03
1.000000000000000000e+03
1.000000000000000000e+03
1.000000000000000000e+03
1.000000000000000000e+03
1.000000000000000000e+03
1.000000000000000000e+03
1.000000000000000000e+03
1.000000000000000000e+03
1.000000000000000000e+03
1.000000000000000000e+03
1.000000000000000000e+03
1.000000000000000000e+03
1.000000000000000000e+03
1.000000000000000000e+03
1.000000000000000000e+03
1.000000000000000000e+03
1.000000000000000000e+03
1.000000000000000000e+03
1.000000000000000000e+03
1.000000000000000000e+03
1.000000000000000000e+03
1.000000000000000000e+03
1.000000000000000000e+03
1.000000000000000000e+03
1.000000000000000000e+03
1.000000000000000000e+03
1.000000000000000000e+03
1.000000000000000000e+03
1.000000000000000000e+03
1.000000000000000000e+03
1.000000000000000000e+03
1.000000000000000000e+03
1.000000000000000000e+03
1.000000000000000000e+03
1.000000000000000000e+03
1.000000000000000000e+03
1.000000000000000000e+03
1.000000000000000000e+03
1.000000000000000000e+03
1.000000000000000000e+03
1.000000000000000000e+03
1.000000000000000000e+03
1.000000000000000000e+03
1.000000000000000000e+03
