0.000000000000000000e+00
0.000000000000000000e+00
1.100000000000000000e+01
3.400000000000000000e+01
7.400000000000000000e+01
1.870000000000000000e+02
1.700000000000000000e+02
2.890000000000000000e+02
2.210000000000000000e+02
2.960000000000000000e+02
2.710000000000000000e+02
2.720000000000000000e+02
3.320000000000000000e+02
2.960000000000000000e+02
3.840000000000000000e+02
2.910000000000000000e+02
3.710000000000000000e+02
3.120000000000000000e+02
4.060000000000000000e+02
3.220000000000000000e+02
3.940000000000000000e+02
3.190000000000000000e+02
3.790000000000000000e+02
2.700000000000000000e+02
3.810000000000000000e+02
3.040000000000000000e+02
3.870000000000000000e+02
3.470000000000000000e+02
3.630000000000000000e+02
3.780000000000000000e+02
4.150000000000000000e+02
3.960000000000000000e+02
3.790000000000000000e+02
4.380000000000000000e+02
4.280000000000000000e+02
4.550000000000000000e+02
4.260000000000000000e+02
5.270000000000000000e+02
4.980000000000000000e+02
4.990000000000000000e+02
4.540000000000000000e+02
4.660000000000000000e+02
5.340000000000000000e+02
5.670000000000000000e+02
5.820000000000000000e+02
6.600000000000000000e+02
5.860000000000000000e+02
6.420000000000000000e+02
6.530000000000000000e+02
7.130000000000000000e+02
6.610000000000000000e+02
7.180000000000000000e+02
7.340000000000000000e+02
7.770000000000000000e+02
7.000000000000000000e+02
7.310000000000000000e+02
7.730000000000000000e+02
7.810000000000000000e+02
8.650000000000000000e+02
8.250000000000000000e+02
7.920000000000000000e+02
8.830000000000000000e+02
8.000000000000000000e+02
9.320000000000000000e+02
8.010000000000000000e+02
8.950000000000000000e+02
7.560000000000000000e+02
9.350000000000000000e+02
8.250000000000000000e+02
9.520000000000000000e+02
9.130000000000000000e+02
9.070000000000000000e+02
9.560000000000000000e+02
9.220000000000000000e+02
1.000000000000000000e+03
1.000000000000000000e+03
1.000000000000000000e+03
1.000000000000000000e+03
1.000000000000000000e+03
1.000000000000000000e+03
1.000000000000000000e+03
1.000000000000000000e+03
1.000000000000000000e+03
1.000000000000000000e+03
1.000000000000000000e+03
1.000000000000000000e+03
1.000000000000000000e+03
1.000000000000000000e+03
1.000000000000000000e+03
1.000000000000000000e+03
1.000000000000000000e+03
1.000000000000000000e+03
1.000000000000000000e+03
1.000000000000000000e+03
1.000000000000000000e+03
1.000000000000000000e+03
1.000000000000000000e+03
1.000000000000000000e+03
1.000000000000000000e+03
1.000000000000000000e+03
1.000000000000000000e+03
1.000000000000000000e+03
1.000000000000000000e+03
1.000000000000000000e+03
1.000000000000000000e+03
1.000000000000000000e+03
1.000000000000000000e+03
1.000000000000000000e+03
1.000000000000000000e+03
1.000000000000000000e+03
1.000000000000000000e+03
1.000000000000000000e+03
1.000000000000000000e+03
1.000000000000000000e+03
1.000000000000000000e+03
1.000000000000000000e+03
1.000000000000000000e+03
1.000000000000000000e+03
1.000000000000000000e+03
1.000000000000000000e+03
1.000000000000000000e+03
1.000000000000000000e+03
1.000000000000000000e+03
1.000000000000000000e+03
1.000000000000000000e+03
1.000000000000000000e+03
1.000000000000000000e+03
1.000000000000000000e+03
1.000000000000000000e+03
1.000000000000000000e+03
1.000000000000000000e+03
1.000000000000000000e+03
1.000000000000000000e+03
1.000000000000000000e+03
1.000000000000000000e+03
1.000000000000000000e+03
1.000000000000000000e+03
1.000000000000000000e+03
1.000000000000000000e+03
1.000000000000000000e+03
1.000000000000000000e+03
1.000000000000000000e+03
1.000000000000000000e+03
1.000000000000000000e+03
1.000000000000000000e+03
1.000000000000000000e+03
1.000000000000000000e+03
1.000000000000000000e+03
1.000000000000000000e+03
1.000000000000000000e+03
1.000000000000000000e+03
1.000000000000000000e+03
1.000000000000000000e+03
1.000000000000000000e+03
1.000000000000000000e+03
1.000000000000000000e+03
1.000000000000000000e+03
1.000000000000000000e+03
1.000000000000000000e+03
1.000000000000000000e+03
1.000000000000000000e+03
1.000000000000000000e+03
1.000000000000000000e+03
1.000000000000000000e+03
1.000000000000000000e+03
1.000000000000000000e+03
1.000000000000000000e+03
1.000000000000000000e+03
1.000000000000000000e+03
1.000000000000000000e+03
1.000000000000000000e+03
1.000000000000000000e+03
1.000000000000000000e+03
1.000000000000000000e+03
1.000000000000000000e+03
1.000000000000000000e+03
1.000000000000000000e+03
1.000000000000000000e+03
1.000000000000000000e+03
1.000000000000000000e+03
1.000000000000000000e+03
1.000000000000000000e+03
1.000000000000000000e+03
1.000000000000000000e+03
1.000000000000000000e+03
1.000000000000000000e+03
1.000000000000000000e+03
1.000000000000000000e+03
1.000000000000000000e+03
1.000000000000000000e+03
1.000000000000000000e+03
1.000000000000000000e+03
1.000000000000000000e+03
1.000000000000000000e+03
1.000000000000000000e+03
1.000000000000000000e+03
1.000000000000000000e+03
1.000000000000000000e+03
1.000000000000000000e+03
1.000000000000000000e+03
