0.000000000000000000e+00
0.000000000000000000e+00
1.000000000000000000e+01
2.500000000000000000e+01
7.000000000000000000e+01
1.430000000000000000e+02
1.750000000000000000e+02
2.460000000000000000e+02
2.670000000000000000e+02
3.160000000000000000e+02
3.180000000000000000e+02
3.470000000000000000e+02
3.900000000000000000e+02
3.390000000000000000e+02
3.630000000000000000e+02
3.320000000000000000e+02
4.390000000000000000e+02
4.260000000000000000e+02
4.550000000000000000e+02
3.760000000000000000e+02
4.710000000000000000e+02
3.870000000000000000e+02
4.800000000000000000e+02
4.110000000000000000e+02
4.940000000000000000e+02
4.130000000000000000e+02
4.400000000000000000e+02
3.910000000000000000e+02
3.880000000000000000e+02
4.170000000000000000e+02
3.870000000000000000e+02
3.860000000000000000e+02
3.830000000000000000e+02
3.600000000000000000e+02
4.090000000000000000e+02
4.090000000000000000e+02
4.450000000000000000e+02
4.190000000000000000e+02
4.530000000000000000e+02
4.110000000000000000e+02
4.730000000000000000e+02
4.960000000000000000e+02
4.490000000000000000e+02
5.100000000000000000e+02
4.770000000000000000e+02
5.180000000000000000e+02
5.690000000000000000e+02
4.240000000000000000e+02
5.630000000000000000e+02
4.790000000000000000e+02
5.390000000000000000e+02
4.490000000000000000e+02
4.790000000000000000e+02
4.970000000000000000e+02
5.000000000000000000e+02
4.680000000000000000e+02
5.470000000000000000e+02
5.610000000000000000e+02
5.920000000000000000e+02
5.910000000000000000e+02
6.260000000000000000e+02
6.370000000000000000e+02
7.620000000000000000e+02
7.670000000000000000e+02
7.890000000000000000e+02
8.360000000000000000e+02
7.520000000000000000e+02
7.300000000000000000e+02
7.480000000000000000e+02
7.310000000000000000e+02
6.840000000000000000e+02
6.800000000000000000e+02
6.690000000000000000e+02
6.690000000000000000e+02
6.330000000000000000e+02
7.100000000000000000e+02
6.880000000000000000e+02
7.330000000000000000e+02
7.060000000000000000e+02
7.340000000000000000e+02
7.250000000000000000e+02
6.850000000000000000e+02
6.930000000000000000e+02
7.500000000000000000e+02
7.540000000000000000e+02
8.230000000000000000e+02
7.800000000000000000e+02
8.470000000000000000e+02
8.170000000000000000e+02
7.990000000000000000e+02
8.600000000000000000e+02
7.040000000000000000e+02
8.490000000000000000e+02
7.330000000000000000e+02
8.970000000000000000e+02
8.220000000000000000e+02
9.240000000000000000e+02
8.420000000000000000e+02
9.700000000000000000e+02
8.530000000000000000e+02
8.920000000000000000e+02
9.070000000000000000e+02
9.880000000000000000e+02
9.580000000000000000e+02
1.000000000000000000e+03
1.000000000000000000e+03
1.000000000000000000e+03
1.000000000000000000e+03
1.000000000000000000e+03
1.000000000000000000e+03
1.000000000000000000e+03
1.000000000000000000e+03
1.000000000000000000e+03
1.000000000000000000e+03
1.000000000000000000e+03
1.000000000000000000e+03
1.000000000000000000e+03
1.000000000000000000e+03
1.000000000000000000e+03
1.000000000000000000e+03
1.000000000000000000e+03
1.000000000000000000e+03
1.000000000000000000e+03
1.000000000000000000e+03
1.000000000000000000e+03
1.000000000000000000e+03
1.000000000000000000e+03
1.000000000000000000e+03
1.000000000000000000e+03
1.000000000000000000e+03
1.000000000000000000e+03
1.000000000000000000e+03
1.000000000000000000e+03
1.000000000000000000e+03
1.000000000000000000e+03
1.000000000000000000e+03
1.000000000000000000e+03
1.000000000000000000e+03
1.000000000000000000e+03
1.000000000000000000e+03
1.000000000000000000e+03
1.000000000000000000e+03
1.000000000000000000e+03
1.000000000000000000e+03
1.000000000000000000e+03
1.000000000000000000e+03
1.000000000000000000e+03
1.000000000000000000e+03
1.000000000000000000e+03
1.000000000000000000e+03
1.000000000000000000e+03
1.000000000000000000e+03
1.000000000000000000e+03
1.000000000000000000e+03
1.000000000000000000e+03
1.000000000000000000e+03
1.000000000000000000e+03
1.000000000000000000e+03
1.000000000000000000e+03
1.000000000000000000e+03
1.000000000000000000e+03
1.000000000000000000e+03
1.000000000000000000e+03
1.000000000000000000e+03
1.000000000000000000e+03
1.000000000000000000e+03
1.000000000000000000e+03
1.000000000000000000e+03
1.000000000000000000e+03
1.000000000000000000e+03
1.000000000000000000e+03
1.000000000000000000e+03
1.000000000000000000e+03
1.000000000000000000e+03
1.000000000000000000e+03
1.000000000000000000e+03
1.000000000000000000e+03
1.000000000000000000e+03
1.000000000000000000e+03
1.000000000000000000e+03
1.000000000000000000e+03
1.000000000000000000e+03
1.000000000000000000e+03
1.000000000000000000e+03
1.000000000000000000e+03
1.000000000000000000e+03
1.000000000000000000e+03
1.000000000000000000e+03
1.000000000000000000e+03
1.000000000000000000e+03
1.000000000000000000e+03
1.000000000000000000e+03
1.000000000000000000e+03
1.000000000000000000e+03
1.000000000000000000e+03
1.000000000000000000e+03
1.000000000000000000e+03
1.000000000000000000e+03
1.000000000000000000e+03
1.000000000000000000e+03
