0.000000000000000000e+00
0.000000000000000000e+00
9.000000000000000000e+00
2.700000000000000000e+01
7.400000000000000000e+01
1.430000000000000000e+02
1.990000000000000000e+02
2.520000000000000000e+02
2.770000000000000000e+02
3.320000000000000000e+02
2.950000000000000000e+02
2.900000000000000000e+02
3.320000000000000000e+02
3.000000000000000000e+02
2.650000000000000000e+02
2.830000000000000000e+02
2.830000000000000000e+02
3.110000000000000000e+02
2.450000000000000000e+02
3.210000000000000000e+02
2.780000000000000000e+02
3.220000000000000000e+02
2.760000000000000000e+02
3.090000000000000000e+02
3.160000000000000000e+02
2.770000000000000000e+02
3.120000000000000000e+02
2.880000000000000000e+02
3.110000000000000000e+02
3.250000000000000000e+02
3.810000000000000000e+02
3.500000000000000000e+02
4.160000000000000000e+02
4.180000000000000000e+02
4.510000000000000000e+02
4.460000000000000000e+02
4.970000000000000000e+02
4.590000000000000000e+02
5.630000000000000000e+02
5.210000000000000000e+02
5.170000000000000000e+02
5.540000000000000000e+02
5.720000000000000000e+02
5.500000000000000000e+02
5.740000000000000000e+02
5.430000000000000000e+02
5.590000000000000000e+02
5.680000000000000000e+02
5.440000000000000000e+02
6.620000000000000000e+02
6.040000000000000000e+02
7.310000000000000000e+02
7.010000000000000000e+02
7.580000000000000000e+02
6.920000000000000000e+02
7.290000000000000000e+02
6.550000000000000000e+02
6.820000000000000000e+02
7.220000000000000000e+02
7.460000000000000000e+02
7.060000000000000000e+02
7.710000000000000000e+02
7.730000000000000000e+02
7.200000000000000000e+02
8.100000000000000000e+02
7.560000000000000000e+02
8.580000000000000000e+02
8.020000000000000000e+02
9.190000000000000000e+02
8.680000000000000000e+02
1.000000000000000000e+03
8.600000000000000000e+02
9.990000000000000000e+02
8.920000000000000000e+02
1.000000000000000000e+03
1.000000000000000000e+03
1.000000000000000000e+03
1.000000000000000000e+03
1.000000000000000000e+03
1.000000000000000000e+03
1.000000000000000000e+03
1.000000000000000000e+03
1.000000000000000000e+03
1.000000000000000000e+03
1.000000000000000000e+03
1.000000000000000000e+03
1.000000000000000000e+03
1.000000000000000000e+03
1.000000000000000000e+03
1.000000000000000000e+03
1.000000000000000000e+03
1.000000000000000000e+03
1.000000000000000000e+03
1.000000000000000000e+03
1.000000000000000000e+03
1.000000000000000000e+03
1.000000000000000000e+03
1.000000000000000000e+03
1.000000000000000000e+03
1.000000000000000000e+03
1.000000000000000000e+03
1.000000000000000000e+03
1.000000000000000000e+03
1.000000000000000000e+03
1.000000000000000000e+03
1.000000000000000000e+03
1.000000000000000000e+03
1.000000000000000000e+03
1.000000000000000000e+03
1.000000000000000000e+03
1.000000000000000000e+03
1.000000000000000000e+03
1.000000000000000000e+03
1.000000000000000000e+03
1.000000000000000000e+03
1.000000000000000000e+03
1.000000000000000000e+03
1.000000000000000000e+03
1.000000000000000000e+03
1.000000000000000000e+03
1.000000000000000000e+03
1.000000000000000000e+03
1.000000000000000000e+03
1.000000000000000000e+03
1.000000000000000000e+03
1.000000000000000000e+03
1.000000000000000000e+03
1.000000000000000000e+03
1.000000000000000000e+03
1.000000000000000000e+03
1.000000000000000000e+03
1.000000000000000000e+03
1.000000000000000000e+03
1.000000000000000000e+03
1.000000000000000000e+03
1.000000000000000000e+03
1.000000000000000000e+03
1.000000000000000000e+03
1.000000000000000000e+03
1.000000000000000000e+03
1.000000000000000000e+03
1.000000000000000000e+03
1.000000000000000000e+03
1.000000000000000000e+03
1.000000000000000000e+03
1.000000000000000000e+03
1.000000000000000000e+03
1.000000000000000000e+03
1.000000000000000000e+03
1.000000000000000000e+03
1.000000000000000000e+03
1.000000000000000000e+03
1.000000000000000000e+03
1.000000000000000000e+03
1.000000000000000000e+03
1.000000000000000000e+03
1.000000000000000000e+03
1.000000000000000000e+03
1.000000000000000000e+03
1.000000000000000000e+03
1.000000000000000000e+03
1.000000000000000000e+03
1.000000000000000000e+03
1.000000000000000000e+03
1.000000000000000000e+03
1.000000000000000000e+03
1.000000000000000000e+03
1.000000000000000000e+03
1.000000000000000000e+03
1.000000000000000000e+03
1.000000000000000000e+03
1.000000000000000000e+03
1.000000000000000000e+03
1.000000000000000000e+03
1.000000000000000000e+03
1.000000000000000000e+03
1.000000000000000000e+03
1.000000000000000000e+03
1.000000000000000000e+03
1.000000000000000000e+03
1.000000000000000000e+03
1.000000000000000000e+03
1.000000000000000000e+03
1.000000000000000000e+03
1.000000000000000000e+03
1.000000000000000000e+03
1.000000000000000000e+03
1.000000000000000000e+03
1.000000000000000000e+03
1.000000000000000000e+03
1.000000000000000000e+03
1.000000000000000000e+03
1.000000000000000000e+03
1.000000000000000000e+03
1.000000000000000000e+03
1.000000000000000000e+03
1.000000000000000000e+03
1.000000000000000000e+03
1.000000000000000000e+03
1.000000000000000000e+03
