0.000000000000000000e+00
0.000000000000000000e+00
1.800000000000000000e+01
2.000000000000000000e+01
1.060000000000000000e+02
1.200000000000000000e+02
2.050000000000000000e+02
2.210000000000000000e+02
2.810000000000000000e+02
2.360000000000000000e+02
3.670000000000000000e+02
2.590000000000000000e+02
3.690000000000000000e+02
3.070000000000000000e+02
3.240000000000000000e+02
3.330000000000000000e+02
3.250000000000000000e+02
3.090000000000000000e+02
3.450000000000000000e+02
2.730000000000000000e+02
3.850000000000000000e+02
3.200000000000000000e+02
3.720000000000000000e+02
3.100000000000000000e+02
4.010000000000000000e+02
3.370000000000000000e+02
4.090000000000000000e+02
3.150000000000000000e+02
4.290000000000000000e+02
3.920000000000000000e+02
4.840000000000000000e+02
3.710000000000000000e+02
4.930000000000000000e+02
4.320000000000000000e+02
4.170000000000000000e+02
4.560000000000000000e+02
4.280000000000000000e+02
4.870000000000000000e+02
4.460000000000000000e+02
5.150000000000000000e+02
4.230000000000000000e+02
5.310000000000000000e+02
4.550000000000000000e+02
5.290000000000000000e+02
4.430000000000000000e+02
4.700000000000000000e+02
4.240000000000000000e+02
4.930000000000000000e+02
4.680000000000000000e+02
4.780000000000000000e+02
4.770000000000000000e+02
4.630000000000000000e+02
5.300000000000000000e+02
5.260000000000000000e+02
5.740000000000000000e+02
6.000000000000000000e+02
5.230000000000000000e+02
5.650000000000000000e+02
5.770000000000000000e+02
5.870000000000000000e+02
4.750000000000000000e+02
5.690000000000000000e+02
4.770000000000000000e+02
5.790000000000000000e+02
4.460000000000000000e+02
5.490000000000000000e+02
4.610000000000000000e+02
5.620000000000000000e+02
5.150000000000000000e+02
5.410000000000000000e+02
5.660000000000000000e+02
6.100000000000000000e+02
5.890000000000000000e+02
6.540000000000000000e+02
6.390000000000000000e+02
7.640000000000000000e+02
6.650000000000000000e+02
8.020000000000000000e+02
7.210000000000000000e+02
8.620000000000000000e+02
7.300000000000000000e+02
7.580000000000000000e+02
8.320000000000000000e+02
8.180000000000000000e+02
9.000000000000000000e+02
9.370000000000000000e+02
1.000000000000000000e+03
9.760000000000000000e+02
1.000000000000000000e+03
1.000000000000000000e+03
1.000000000000000000e+03
1.000000000000000000e+03
1.000000000000000000e+03
1.000000000000000000e+03
1.000000000000000000e+03
1.000000000000000000e+03
1.000000000000000000e+03
1.000000000000000000e+03
1.000000000000000000e+03
1.000000000000000000e+03
1.000000000000000000e+03
1.000000000000000000e+03
1.000000000000000000e+03
1.000000000000000000e+03
1.000000000000000000e+03
1.000000000000000000e+03
1.000000000000000000e+03
1.000000000000000000e+03
1.000000000000000000e+03
1.000000000000000000e+03
1.000000000000000000e+03
1.000000000000000000e+03
1.000000000000000000e+03
1.000000000000000000e+03
1.000000000000000000e+03
1.000000000000000000e+03
1.000000000000000000e+03
1.000000000000000000e+03
1.000000000000000000e+03
1.000000000000000000e+03
1.000000000000000000e+03
1.000000000000000000e+03
1.000000000000000000e+03
1.000000000000000000e+03
1.000000000000000000e+03
1.000000000000000000e+03
1.000000000000000000e+03
1.000000000000000000e+03
1.000000000000000000e+03
1.000000000000000000e+03
1.000000000000000000e+03
1.000000000000000000e+03
1.000000000000000000e+03
1.000000000000000000e+03
1.000000000000000000e+03
1.000000000000000000e+03
1.000000000000000000e+03
1.000000000000000000e+03
1.000000000000000000e+03
1.000000000000000000e+03
1.000000000000000000e+03
1.000000000000000000e+03
1.000000000000000000e+03
1.000000000000000000e+03
1.000000000000000000e+03
1.000000000000000000e+03
1.000000000000000000e+03
1.000000000000000000e+03
1.000000000000000000e+03
1.000000000000000000e+03
1.000000000000000000e+03
1.000000000000000000e+03
1.000000000000000000e+03
1.000000000000000000e+03
1.000000000000000000e+03
1.000000000000000000e+03
1.000000000000000000e+03
1.000000000000000000e+03
1.000000000000000000e+03
1.000000000000000000e+03
1.000000000000000000e+03
1.000000000000000000e+03
1.000000000000000000e+03
1.000000000000000000e+03
1.000000000000000000e+03
1.000000000000000000e+03
1.000000000000000000e+03
1.000000000000000000e+03
1.000000000000000000e+03
1.000000000000000000e+03
1.000000000000000000e+03
1.000000000000000000e+03
1.000000000000000000e+03
1.000000000000000000e+03
1.000000000000000000e+03
1.000000000000000000e+03
1.000000000000000000e+03
1.000000000000000000e+03
1.000000000000000000e+03
1.000000000000000000e+03
1.000000000000000000e+03
1.000000000000000000e+03
1.000000000000000000e+03
1.000000000000000000e+03
1.000000000000000000e+03
1.000000000000000000e+03
1.000000000000000000e+03
1.000000000000000000e+03
1.000000000000000000e+03
1.000000000000000000e+03
1.000000000000000000e+03
1.000000000000000000e+03
1.000000000000000000e+03
1.000000000000000000e+03
1.000000000000000000e+03
1.000000000000000000e+03
1.000000000000000000e+03
1.000000000000000000e+03
1.000000000000000000e+03
1.000000000000000000e+03
