0.000000000000000000e+00
0.000000000000000000e+00
8.000000000000000000e+00
2.500000000000000000e+01
7.100000000000000000e+01
1.480000000000000000e+02
2.020000000000000000e+02
2.620000000000000000e+02
2.200000000000000000e+02
2.850000000000000000e+02
2.910000000000000000e+02
3.110000000000000000e+02
3.510000000000000000e+02
3.460000000000000000e+02
3.190000000000000000e+02
3.430000000000000000e+02
3.570000000000000000e+02
3.500000000000000000e+02
3.390000000000000000e+02
3.890000000000000000e+02
4.200000000000000000e+02
3.960000000000000000e+02
3.910000000000000000e+02
3.850000000000000000e+02
3.700000000000000000e+02
4.140000000000000000e+02
3.620000000000000000e+02
3.740000000000000000e+02
3.850000000000000000e+02
3.880000000000000000e+02
3.850000000000000000e+02
3.660000000000000000e+02
3.680000000000000000e+02
3.690000000000000000e+02
4.150000000000000000e+02
4.210000000000000000e+02
4.380000000000000000e+02
4.260000000000000000e+02
3.700000000000000000e+02
4.220000000000000000e+02
3.910000000000000000e+02
4.020000000000000000e+02
3.860000000000000000e+02
3.680000000000000000e+02
4.120000000000000000e+02
3.790000000000000000e+02
3.720000000000000000e+02
3.380000000000000000e+02
3.900000000000000000e+02
3.860000000000000000e+02
4.390000000000000000e+02
4.030000000000000000e+02
4.060000000000000000e+02
3.640000000000000000e+02
4.020000000000000000e+02
3.950000000000000000e+02
4.570000000000000000e+02
3.650000000000000000e+02
4.910000000000000000e+02
3.660000000000000000e+02
4.450000000000000000e+02
4.190000000000000000e+02
4.170000000000000000e+02
4.990000000000000000e+02
4.330000000000000000e+02
3.870000000000000000e+02
4.460000000000000000e+02
4.110000000000000000e+02
4.230000000000000000e+02
4.610000000000000000e+02
4.710000000000000000e+02
4.570000000000000000e+02
5.310000000000000000e+02
4.840000000000000000e+02
5.320000000000000000e+02
4.160000000000000000e+02
4.800000000000000000e+02
4.530000000000000000e+02
4.740000000000000000e+02
4.690000000000000000e+02
5.150000000000000000e+02
5.240000000000000000e+02
5.830000000000000000e+02
4.900000000000000000e+02
6.160000000000000000e+02
5.300000000000000000e+02
6.430000000000000000e+02
5.890000000000000000e+02
6.630000000000000000e+02
5.860000000000000000e+02
6.660000000000000000e+02
5.050000000000000000e+02
6.920000000000000000e+02
6.200000000000000000e+02
5.640000000000000000e+02
6.360000000000000000e+02
5.790000000000000000e+02
5.920000000000000000e+02
6.540000000000000000e+02
6.060000000000000000e+02
6.620000000000000000e+02
6.600000000000000000e+02
6.060000000000000000e+02
7.460000000000000000e+02
5.930000000000000000e+02
6.820000000000000000e+02
6.590000000000000000e+02
6.800000000000000000e+02
6.870000000000000000e+02
7.380000000000000000e+02
7.600000000000000000e+02
7.970000000000000000e+02
8.370000000000000000e+02
7.700000000000000000e+02
8.660000000000000000e+02
8.130000000000000000e+02
9.710000000000000000e+02
9.190000000000000000e+02
1.000000000000000000e+03
1.000000000000000000e+03
1.000000000000000000e+03
1.000000000000000000e+03
1.000000000000000000e+03
1.000000000000000000e+03
1.000000000000000000e+03
1.000000000000000000e+03
1.000000000000000000e+03
1.000000000000000000e+03
1.000000000000000000e+03
1.000000000000000000e+03
1.000000000000000000e+03
1.000000000000000000e+03
1.000000000000000000e+03
1.000000000000000000e+03
1.000000000000000000e+03
1.000000000000000000e+03
1.000000000000000000e+03
1.000000000000000000e+03
1.000000000000000000e+03
1.000000000000000000e+03
1.000000000000000000e+03
1.000000000000000000e+03
1.000000000000000000e+03
1.000000000000000000e+03
1.000000000000000000e+03
1.000000000000000000e+03
1.000000000000000000e+03
1.000000000000000000e+03
1.000000000000000000e+03
1.000000000000000000e+03
1.000000000000000000e+03
1.000000000000000000e+03
1.000000000000000000e+03
1.000000000000000000e+03
1.000000000000000000e+03
1.000000000000000000e+03
1.000000000000000000e+03
1.000000000000000000e+03
1.000000000000000000e+03
1.000000000000000000e+03
1.000000000000000000e+03
1.000000000000000000e+03
1.000000000000000000e+03
1.000000000000000000e+03
1.000000000000000000e+03
1.000000000000000000e+03
1.000000000000000000e+03
1.000000000000000000e+03
1.000000000000000000e+03
1.000000000000000000e+03
1.000000000000000000e+03
1.000000000000000000e+03
1.000000000000000000e+03
1.000000000000000000e+03
1.000000000000000000e+03
1.000000000000000000e+03
1.000000000000000000e+03
1.000000000000000000e+03
1.000000000000000000e+03
1.000000000000000000e+03
1.000000000000000000e+03
1.000000000000000000e+03
1.000000000000000000e+03
1.000000000000000000e+03
1.000000000000000000e+03
1.000000000000000000e+03
1.000000000000000000e+03
1.000000000000000000e+03
1.000000000000000000e+03
1.000000000000000000e+03
1.000000000000000000e+03
1.000000000000000000e+03
1.000000000000000000e+03
1.000000000000000000e+03
1.000000000000000000e+03
1.000000000000000000e+03
1.000000000000000000e+03
1.000000000000000000e+03
1.000000000000000000e+03
1.000000000000000000e+03
