0.000000000000000000e+00
0.000000000000000000e+00
9.000000000000000000e+00
2.500000000000000000e+01
6.200000000000000000e+01
1.370000000000000000e+02
1.470000000000000000e+02
2.750000000000000000e+02
2.070000000000000000e+02
3.380000000000000000e+02
3.220000000000000000e+02
3.090000000000000000e+02
3.290000000000000000e+02
3.560000000000000000e+02
3.280000000000000000e+02
3.540000000000000000e+02
3.350000000000000000e+02
3.860000000000000000e+02
3.290000000000000000e+02
3.540000000000000000e+02
4.190000000000000000e+02
4.110000000000000000e+02
4.260000000000000000e+02
4.290000000000000000e+02
4.590000000000000000e+02
4.650000000000000000e+02
4.070000000000000000e+02
4.890000000000000000e+02
4.670000000000000000e+02
4.340000000000000000e+02
4.840000000000000000e+02
4.740000000000000000e+02
5.350000000000000000e+02
5.490000000000000000e+02
5.820000000000000000e+02
5.280000000000000000e+02
5.270000000000000000e+02
5.420000000000000000e+02
5.410000000000000000e+02
5.240000000000000000e+02
5.800000000000000000e+02
5.440000000000000000e+02
6.610000000000000000e+02
6.440000000000000000e+02
6.600000000000000000e+02
6.970000000000000000e+02
6.830000000000000000e+02
7.080000000000000000e+02
7.040000000000000000e+02
6.450000000000000000e+02
6.900000000000000000e+02
6.230000000000000000e+02
6.460000000000000000e+02
5.840000000000000000e+02
6.140000000000000000e+02
6.230000000000000000e+02
5.630000000000000000e+02
6.420000000000000000e+02
6.620000000000000000e+02
6.420000000000000000e+02
6.160000000000000000e+02
6.830000000000000000e+02
6.830000000000000000e+02
7.030000000000000000e+02
8.120000000000000000e+02
7.250000000000000000e+02
8.290000000000000000e+02
7.680000000000000000e+02
8.010000000000000000e+02
7.570000000000000000e+02
8.160000000000000000e+02
8.700000000000000000e+02
8.920000000000000000e+02
8.840000000000000000e+02
9.450000000000000000e+02
9.710000000000000000e+02
9.960000000000000000e+02
1.000000000000000000e+03
1.000000000000000000e+03
1.000000000000000000e+03
1.000000000000000000e+03
1.000000000000000000e+03
1.000000000000000000e+03
1.000000000000000000e+03
1.000000000000000000e+03
1.000000000000000000e+03
1.000000000000000000e+03
1.000000000000000000e+03
1.000000000000000000e+03
1.000000000000000000e+03
1.000000000000000000e+03
1.000000000000000000e+03
1.000000000000000000e+03
1.000000000000000000e+03
1.000000000000000000e+03
1.000000000000000000e+03
1.000000000000000000e+03
1.000000000000000000e+03
1.000000000000000000e+03
1.000000000000000000e+03
1.000000000000000000e+03
1.000000000000000000e+03
1.000000000000000000e+03
1.000000000000000000e+03
1.000000000000000000e+03
1.000000000000000000e+03
1.000000000000000000e+03
1.000000000000000000e+03
1.000000000000000000e+03
1.000000000000000000e+03
1.000000000000000000e+03
1.000000000000000000e+03
1.000000000000000000e+03
1.000000000000000000e+03
1.000000000000000000e+03
1.000000000000000000e+03
1.000000000000000000e+03
1.000000000000000000e+03
1.000000000000000000e+03
1.000000000000000000e+03
1.000000000000000000e+03
1.000000000000000000e+03
1.000000000000000000e+03
1.000000000000000000e+03
1.000000000000000000e+03
1.000000000000000000e+03
1.000000000000000000e+03
1.000000000000000000e+03
1.000000000000000000e+03
1.000000000000000000e+03
1.000000000000000000e+03
1.000000000000000000e+03
1.000000000000000000e+03
1.000000000000000000e+03
1.000000000000000000e+03
1.000000000000000000e+03
1.000000000000000000e+03
1.000000000000000000e+03
1.000000000000000000e+03
1.000000000000000000e+03
1.000000000000000000e+03
1.000000000000000000e+03
1.000000000000000000e+03
1.000000000000000000e+03
1.000000000000000000e+03
1.000000000000000000e+03
1.000000000000000000e+03
1.000000000000000000e+03
1.000000000000000000e+03
1.000000000000000000e+03
1.000000000000000000e+03
1.000000000000000000e+03
1.000000000000000000e+03
1.000000000000000000e+03
1.000000000000000000e+03
1.000000000000000000e+03
1.000000000000000000e+03
1.000000000000000000e+03
1.000000000000000000e+03
1.000000000000000000e+03
1.000000000000000000e+03
1.000000000000000000e+03
1.000000000000000000e+03
1.000000000000000000e+03
1.000000000000000000e+03
1.000000000000000000e+03
1.000000000000000000e+03
1.000000000000000000e+03
1.000000000000000000e+03
1.000000000000000000e+03
1.000000000000000000e+03
1.000000000000000000e+03
1.000000000000000000e+03
1.000000000000000000e+03
1.000000000000000000e+03
1.000000000000000000e+03
1.000000000000000000e+03
1.000000000000000000e+03
1.000000000000000000e+03
1.000000000000000000e+03
1.000000000000000000e+03
1.000000000000000000e+03
1.000000000000000000e+03
1.000000000000000000e+03
1.000000000000000000e+03
1.000000000000000000e+03
1.000000000000000000e+03
1.000000000000000000e+03
1.000000000000000000e+03
1.000000000000000000e+03
1.000000000000000000e+03
1.000000000000000000e+03
1.000000000000000000e+03
1.000000000000000000e+03
1.000000000000000000e+03
1.000000000000000000e+03
1.000000000000000000e+03
1.000000000000000000e+03
1.000000000000000000e+03
1.000000000000000000e+03
