0.000000000000000000e+00
0.000000000000000000e+00
1.900000000000000000e+01
3.000000000000000000e+01
1.210000000000000000e+02
1.670000000000000000e+02
2.530000000000000000e+02
2.530000000000000000e+02
3.030000000000000000e+02
2.590000000000000000e+02
3.300000000000000000e+02
2.700000000000000000e+02
3.390000000000000000e+02
2.500000000000000000e+02
3.400000000000000000e+02
2.370000000000000000e+02
3.450000000000000000e+02
2.660000000000000000e+02
3.400000000000000000e+02
3.080000000000000000e+02
3.680000000000000000e+02
3.390000000000000000e+02
4.530000000000000000e+02
3.650000000000000000e+02
4.560000000000000000e+02
4.040000000000000000e+02
4.430000000000000000e+02
4.010000000000000000e+02
4.620000000000000000e+02
4.100000000000000000e+02
4.460000000000000000e+02
3.900000000000000000e+02
5.180000000000000000e+02
4.360000000000000000e+02
4.880000000000000000e+02
4.360000000000000000e+02
4.720000000000000000e+02
4.530000000000000000e+02
4.670000000000000000e+02
5.580000000000000000e+02
5.180000000000000000e+02
5.820000000000000000e+02
5.690000000000000000e+02
5.090000000000000000e+02
5.750000000000000000e+02
5.430000000000000000e+02
6.480000000000000000e+02
5.560000000000000000e+02
6.380000000000000000e+02
5.470000000000000000e+02
6.350000000000000000e+02
6.460000000000000000e+02
6.490000000000000000e+02
6.410000000000000000e+02
6.710000000000000000e+02
7.000000000000000000e+02
7.820000000000000000e+02
7.400000000000000000e+02
7.530000000000000000e+02
7.530000000000000000e+02
7.050000000000000000e+02
6.860000000000000000e+02
7.180000000000000000e+02
6.530000000000000000e+02
7.550000000000000000e+02
7.440000000000000000e+02
7.740000000000000000e+02
8.210000000000000000e+02
8.030000000000000000e+02
7.810000000000000000e+02
8.680000000000000000e+02
9.070000000000000000e+02
8.170000000000000000e+02
8.770000000000000000e+02
8.180000000000000000e+02
8.890000000000000000e+02
9.060000000000000000e+02
8.700000000000000000e+02
9.000000000000000000e+02
9.590000000000000000e+02
9.140000000000000000e+02
9.870000000000000000e+02
9.440000000000000000e+02
9.990000000000000000e+02
9.400000000000000000e+02
9.930000000000000000e+02
9.990000000000000000e+02
1.000000000000000000e+03
1.000000000000000000e+03
1.000000000000000000e+03
1.000000000000000000e+03
1.000000000000000000e+03
1.000000000000000000e+03
1.000000000000000000e+03
1.000000000000000000e+03
1.000000000000000000e+03
1.000000000000000000e+03
1.000000000000000000e+03
1.000000000000000000e+03
1.000000000000000000e+03
1.000000000000000000e+03
1.000000000000000000e+03
1.000000000000000000e+03
1.000000000000000000e+03
1.000000000000000000e+03
1.000000000000000000e+03
1.000000000000000000e+03
1.000000000000000000e+03
1.000000000000000000e+03
1.000000000000000000e+03
1.000000000000000000e+03
1.000000000000000000e+03
1.000000000000000000e+03
1.000000000000000000e+03
1.000000000000000000e+03
1.000000000000000000e+03
1.000000000000000000e+03
1.000000000000000000e+03
1.000000000000000000e+03
1.000000000000000000e+03
1.000000000000000000e+03
1.000000000000000000e+03
1.000000000000000000e+03
1.000000000000000000e+03
1.000000000000000000e+03
1.000000000000000000e+03
1.000000000000000000e+03
1.000000000000000000e+03
1.000000000000000000e+03
1.000000000000000000e+03
1.000000000000000000e+03
1.000000000000000000e+03
1.000000000000000000e+03
1.000000000000000000e+03
1.000000000000000000e+03
1.000000000000000000e+03
1.000000000000000000e+03
1.000000000000000000e+03
1.000000000000000000e+03
1.000000000000000000e+03
1.000000000000000000e+03
1.000000000000000000e+03
1.000000000000000000e+03
1.000000000000000000e+03
1.000000000000000000e+03
1.000000000000000000e+03
1.000000000000000000e+03
1.000000000000000000e+03
1.000000000000000000e+03
1.000000000000000000e+03
1.000000000000000000e+03
1.000000000000000000e+03
1.000000000000000000e+03
1.000000000000000000e+03
1.000000000000000000e+03
1.000000000000000000e+03
1.000000000000000000e+03
1.000000000000000000e+03
1.000000000000000000e+03
1.000000000000000000e+03
1.000000000000000000e+03
1.000000000000000000e+03
1.000000000000000000e+03
1.000000000000000000e+03
1.000000000000000000e+03
1.000000000000000000e+03
1.000000000000000000e+03
1.000000000000000000e+03
1.000000000000000000e+03
1.000000000000000000e+03
1.000000000000000000e+03
1.000000000000000000e+03
1.000000000000000000e+03
1.000000000000000000e+03
1.000000000000000000e+03
1.000000000000000000e+03
1.000000000000000000e+03
1.000000000000000000e+03
1.000000000000000000e+03
1.000000000000000000e+03
1.000000000000000000e+03
1.000000000000000000e+03
1.000000000000000000e+03
1.000000000000000000e+03
1.000000000000000000e+03
1.000000000000000000e+03
1.000000000000000000e+03
1.000000000000000000e+03
1.000000000000000000e+03
1.000000000000000000e+03
1.000000000000000000e+03
1.000000000000000000e+03
1.000000000000000000e+03
1.000000000000000000e+03
1.000000000000000000e+03
1.000000000000000000e+03
1.000000000000000000e+03
1.000000000000000000e+03
1.000000000000000000e+03
1.000000000000000000e+03
