0.000000000000000000e+00
0.000000000000000000e+00
1.100000000000000000e+01
3.200000000000000000e+01
8.500000000000000000e+01
1.580000000000000000e+02
2.170000000000000000e+02
2.450000000000000000e+02
2.610000000000000000e+02
3.090000000000000000e+02
2.930000000000000000e+02
3.140000000000000000e+02
2.620000000000000000e+02
2.960000000000000000e+02
2.410000000000000000e+02
3.600000000000000000e+02
2.540000000000000000e+02
3.120000000000000000e+02
3.030000000000000000e+02
3.130000000000000000e+02
2.720000000000000000e+02
3.100000000000000000e+02
2.610000000000000000e+02
3.150000000000000000e+02
2.910000000000000000e+02
3.430000000000000000e+02
4.090000000000000000e+02
3.040000000000000000e+02
3.770000000000000000e+02
3.370000000000000000e+02
3.560000000000000000e+02
3.290000000000000000e+02
3.620000000000000000e+02
2.910000000000000000e+02
3.090000000000000000e+02
2.680000000000000000e+02
3.120000000000000000e+02
3.390000000000000000e+02
2.820000000000000000e+02
3.510000000000000000e+02
2.850000000000000000e+02
3.870000000000000000e+02
3.510000000000000000e+02
4.300000000000000000e+02
4.250000000000000000e+02
4.200000000000000000e+02
4.120000000000000000e+02
4.630000000000000000e+02
4.900000000000000000e+02
4.250000000000000000e+02
5.690000000000000000e+02
4.420000000000000000e+02
5.000000000000000000e+02
4.990000000000000000e+02
5.670000000000000000e+02
5.230000000000000000e+02
6.010000000000000000e+02
5.460000000000000000e+02
6.070000000000000000e+02
5.810000000000000000e+02
6.220000000000000000e+02
6.080000000000000000e+02
6.490000000000000000e+02
5.770000000000000000e+02
6.580000000000000000e+02
5.700000000000000000e+02
6.470000000000000000e+02
5.590000000000000000e+02
6.620000000000000000e+02
6.390000000000000000e+02
7.230000000000000000e+02
7.150000000000000000e+02
8.070000000000000000e+02
6.770000000000000000e+02
7.380000000000000000e+02
7.400000000000000000e+02
6.670000000000000000e+02
7.860000000000000000e+02
6.660000000000000000e+02
8.380000000000000000e+02
7.390000000000000000e+02
7.730000000000000000e+02
7.560000000000000000e+02
7.590000000000000000e+02
6.830000000000000000e+02
8.380000000000000000e+02
7.420000000000000000e+02
7.880000000000000000e+02
7.820000000000000000e+02
8.230000000000000000e+02
8.100000000000000000e+02
7.410000000000000000e+02
8.000000000000000000e+02
8.040000000000000000e+02
8.840000000000000000e+02
9.320000000000000000e+02
8.870000000000000000e+02
1.000000000000000000e+03
1.000000000000000000e+03
1.000000000000000000e+03
9.270000000000000000e+02
9.710000000000000000e+02
8.840000000000000000e+02
1.000000000000000000e+03
9.560000000000000000e+02
9.350000000000000000e+02
9.900000000000000000e+02
1.000000000000000000e+03
1.000000000000000000e+03
1.000000000000000000e+03
1.000000000000000000e+03
1.000000000000000000e+03
1.000000000000000000e+03
1.000000000000000000e+03
1.000000000000000000e+03
1.000000000000000000e+03
1.000000000000000000e+03
1.000000000000000000e+03
1.000000000000000000e+03
1.000000000000000000e+03
1.000000000000000000e+03
1.000000000000000000e+03
1.000000000000000000e+03
1.000000000000000000e+03
1.000000000000000000e+03
1.000000000000000000e+03
1.000000000000000000e+03
1.000000000000000000e+03
1.000000000000000000e+03
1.000000000000000000e+03
1.000000000000000000e+03
1.000000000000000000e+03
1.000000000000000000e+03
1.000000000000000000e+03
1.000000000000000000e+03
1.000000000000000000e+03
1.000000000000000000e+03
1.000000000000000000e+03
1.000000000000000000e+03
1.000000000000000000e+03
1.000000000000000000e+03
1.000000000000000000e+03
1.000000000000000000e+03
1.000000000000000000e+03
1.000000000000000000e+03
1.000000000000000000e+03
1.000000000000000000e+03
1.000000000000000000e+03
1.000000000000000000e+03
1.000000000000000000e+03
1.000000000000000000e+03
1.000000000000000000e+03
1.000000000000000000e+03
1.000000000000000000e+03
1.000000000000000000e+03
1.000000000000000000e+03
1.000000000000000000e+03
1.000000000000000000e+03
1.000000000000000000e+03
1.000000000000000000e+03
1.000000000000000000e+03
1.000000000000000000e+03
1.000000000000000000e+03
1.000000000000000000e+03
1.000000000000000000e+03
1.000000000000000000e+03
1.000000000000000000e+03
1.000000000000000000e+03
1.000000000000000000e+03
1.000000000000000000e+03
1.000000000000000000e+03
1.000000000000000000e+03
1.000000000000000000e+03
1.000000000000000000e+03
1.000000000000000000e+03
1.000000000000000000e+03
1.000000000000000000e+03
1.000000000000000000e+03
1.000000000000000000e+03
1.000000000000000000e+03
1.000000000000000000e+03
1.000000000000000000e+03
1.000000000000000000e+03
1.000000000000000000e+03
1.000000000000000000e+03
1.000000000000000000e+03
1.000000000000000000e+03
1.000000000000000000e+03
1.000000000000000000e+03
1.000000000000000000e+03
1.000000000000000000e+03
1.000000000000000000e+03
1.000000000000000000e+03
1.000000000000000000e+03
1.000000000000000000e+03
1.000000000000000000e+03
1.000000000000000000e+03
1.000000000000000000e+03
1.000000000000000000e+03
1.000000000000000000e+03
