0.000000000000000000e+00
0.000000000000000000e+00
1.200000000000000000e+01
1.800000000000000000e+01
7.600000000000000000e+01
1.220000000000000000e+02
1.820000000000000000e+02
2.620000000000000000e+02
3.170000000000000000e+02
3.080000000000000000e+02
3.350000000000000000e+02
3.330000000000000000e+02
3.020000000000000000e+02
3.410000000000000000e+02
2.730000000000000000e+02
3.310000000000000000e+02
2.430000000000000000e+02
3.120000000000000000e+02
2.650000000000000000e+02
3.580000000000000000e+02
2.890000000000000000e+02
3.090000000000000000e+02
3.430000000000000000e+02
3.000000000000000000e+02
3.750000000000000000e+02
3.260000000000000000e+02
3.910000000000000000e+02
4.010000000000000000e+02
3.720000000000000000e+02
4.490000000000000000e+02
4.120000000000000000e+02
4.830000000000000000e+02
4.600000000000000000e+02
5.380000000000000000e+02
4.270000000000000000e+02
4.180000000000000000e+02
4.290000000000000000e+02
4.260000000000000000e+02
4.420000000000000000e+02
4.580000000000000000e+02
4.800000000000000000e+02
5.170000000000000000e+02
4.780000000000000000e+02
5.760000000000000000e+02
4.060000000000000000e+02
5.700000000000000000e+02
4.850000000000000000e+02
5.950000000000000000e+02
5.810000000000000000e+02
5.810000000000000000e+02
5.660000000000000000e+02
5.280000000000000000e+02
6.170000000000000000e+02
5.610000000000000000e+02
6.920000000000000000e+02
5.720000000000000000e+02
6.670000000000000000e+02
5.570000000000000000e+02
6.370000000000000000e+02
6.380000000000000000e+02
6.130000000000000000e+02
6.730000000000000000e+02
6.040000000000000000e+02
7.370000000000000000e+02
7.080000000000000000e+02
7.090000000000000000e+02
7.100000000000000000e+02
7.930000000000000000e+02
7.400000000000000000e+02
7.760000000000000000e+02
7.790000000000000000e+02
8.540000000000000000e+02
8.450000000000000000e+02
8.520000000000000000e+02
8.400000000000000000e+02
7.930000000000000000e+02
9.300000000000000000e+02
7.660000000000000000e+02
9.010000000000000000e+02
8.280000000000000000e+02
8.650000000000000000e+02
8.920000000000000000e+02
9.090000000000000000e+02
1.000000000000000000e+03
9.980000000000000000e+02
9.200000000000000000e+02
1.000000000000000000e+03
9.390000000000000000e+02
1.000000000000000000e+03
1.000000000000000000e+03
1.000000000000000000e+03
1.000000000000000000e+03
1.000000000000000000e+03
1.000000000000000000e+03
1.000000000000000000e+03
1.000000000000000000e+03
1.000000000000000000e+03
1.000000000000000000e+03
1.000000000000000000e+03
1.000000000000000000e+03
1.000000000000000000e+03
1.000000000000000000e+03
1.000000000000000000e+03
1.000000000000000000e+03
1.000000000000000000e+03
1.000000000000000000e+03
1.000000000000000000e+03
1.000000000000000000e+03
1.000000000000000000e+03
1.000000000000000000e+03
1.000000000000000000e+03
1.000000000000000000e+03
1.000000000000000000e+03
1.000000000000000000e+03
1.000000000000000000e+03
1.000000000000000000e+03
1.000000000000000000e+03
1.000000000000000000e+03
1.000000000000000000e+03
1.000000000000000000e+03
1.000000000000000000e+03
1.000000000000000000e+03
1.000000000000000000e+03
1.000000000000000000e+03
1.000000000000000000e+03
1.000000000000000000e+03
1.000000000000000000e+03
1.000000000000000000e+03
1.000000000000000000e+03
1.000000000000000000e+03
1.000000000000000000e+03
1.000000000000000000e+03
1.000000000000000000e+03
1.000000000000000000e+03
1.000000000000000000e+03
1.000000000000000000e+03
1.000000000000000000e+03
1.000000000000000000e+03
1.000000000000000000e+03
1.000000000000000000e+03
1.000000000000000000e+03
1.000000000000000000e+03
1.000000000000000000e+03
1.000000000000000000e+03
1.000000000000000000e+03
1.000000000000000000e+03
1.000000000000000000e+03
1.000000000000000000e+03
1.000000000000000000e+03
1.000000000000000000e+03
1.000000000000000000e+03
1.000000000000000000e+03
1.000000000000000000e+03
1.000000000000000000e+03
1.000000000000000000e+03
1.000000000000000000e+03
1.000000000000000000e+03
1.000000000000000000e+03
1.000000000000000000e+03
1.000000000000000000e+03
1.000000000000000000e+03
1.000000000000000000e+03
1.000000000000000000e+03
1.000000000000000000e+03
1.000000000000000000e+03
1.000000000000000000e+03
1.000000000000000000e+03
1.000000000000000000e+03
1.000000000000000000e+03
1.000000000000000000e+03
1.000000000000000000e+03
1.000000000000000000e+03
1.000000000000000000e+03
1.000000000000000000e+03
1.000000000000000000e+03
1.000000000000000000e+03
1.000000000000000000e+03
1.000000000000000000e+03
1.000000000000000000e+03
1.000000000000000000e+03
1.000000000000000000e+03
1.000000000000000000e+03
1.000000000000000000e+03
1.000000000000000000e+03
1.000000000000000000e+03
1.000000000000000000e+03
1.000000000000000000e+03
1.000000000000000000e+03
1.000000000000000000e+03
1.000000000000000000e+03
1.000000000000000000e+03
1.000000000000000000e+03
1.000000000000000000e+03
1.000000000000000000e+03
1.000000000000000000e+03
1.000000000000000000e+03
1.000000000000000000e+03
1.000000000000000000e+03
1.000000000000000000e+03
1.000000000000000000e+03
