0.000000000000000000e+00
0.000000000000000000e+00
1.100000000000000000e+01
2.300000000000000000e+01
7.500000000000000000e+01
1.230000000000000000e+02
1.640000000000000000e+02
2.120000000000000000e+02
2.350000000000000000e+02
2.830000000000000000e+02
2.840000000000000000e+02
2.760000000000000000e+02
3.120000000000000000e+02
2.840000000000000000e+02
2.840000000000000000e+02
2.430000000000000000e+02
2.770000000000000000e+02
2.400000000000000000e+02
2.800000000000000000e+02
2.810000000000000000e+02
3.010000000000000000e+02
2.840000000000000000e+02
3.000000000000000000e+02
3.300000000000000000e+02
3.140000000000000000e+02
3.670000000000000000e+02
3.790000000000000000e+02
3.930000000000000000e+02
3.640000000000000000e+02
4.370000000000000000e+02
3.670000000000000000e+02
4.410000000000000000e+02
3.650000000000000000e+02
4.110000000000000000e+02
4.620000000000000000e+02
3.870000000000000000e+02
4.560000000000000000e+02
3.610000000000000000e+02
3.940000000000000000e+02
3.800000000000000000e+02
4.360000000000000000e+02
3.860000000000000000e+02
4.090000000000000000e+02
4.360000000000000000e+02
3.790000000000000000e+02
3.930000000000000000e+02
3.450000000000000000e+02
4.060000000000000000e+02
3.870000000000000000e+02
4.810000000000000000e+02
4.900000000000000000e+02
4.630000000000000000e+02
5.250000000000000000e+02
5.070000000000000000e+02
5.440000000000000000e+02
4.900000000000000000e+02
5.640000000000000000e+02
4.970000000000000000e+02
5.510000000000000000e+02
5.070000000000000000e+02
4.900000000000000000e+02
5.110000000000000000e+02
5.330000000000000000e+02
5.210000000000000000e+02
6.090000000000000000e+02
5.830000000000000000e+02
6.470000000000000000e+02
6.060000000000000000e+02
6.710000000000000000e+02
6.110000000000000000e+02
6.370000000000000000e+02
6.710000000000000000e+02
7.570000000000000000e+02
7.080000000000000000e+02
7.590000000000000000e+02
7.840000000000000000e+02
7.860000000000000000e+02
7.840000000000000000e+02
8.730000000000000000e+02
8.440000000000000000e+02
7.890000000000000000e+02
7.620000000000000000e+02
7.830000000000000000e+02
7.890000000000000000e+02
8.780000000000000000e+02
8.220000000000000000e+02
9.060000000000000000e+02
9.650000000000000000e+02
9.240000000000000000e+02
9.580000000000000000e+02
9.810000000000000000e+02
9.330000000000000000e+02
9.270000000000000000e+02
8.760000000000000000e+02
1.000000000000000000e+03
9.730000000000000000e+02
1.000000000000000000e+03
1.000000000000000000e+03
1.000000000000000000e+03
1.000000000000000000e+03
1.000000000000000000e+03
1.000000000000000000e+03
1.000000000000000000e+03
1.000000000000000000e+03
1.000000000000000000e+03
1.000000000000000000e+03
1.000000000000000000e+03
1.000000000000000000e+03
1.000000000000000000e+03
1.000000000000000000e+03
1.000000000000000000e+03
1.000000000000000000e+03
1.000000000000000000e+03
1.000000000000000000e+03
1.000000000000000000e+03
1.000000000000000000e+03
1.000000000000000000e+03
1.000000000000000000e+03
1.000000000000000000e+03
1.000000000000000000e+03
1.000000000000000000e+03
1.000000000000000000e+03
1.000000000000000000e+03
1.000000000000000000e+03
1.000000000000000000e+03
1.000000000000000000e+03
1.000000000000000000e+03
1.000000000000000000e+03
1.000000000000000000e+03
1.000000000000000000e+03
1.000000000000000000e+03
1.000000000000000000e+03
1.000000000000000000e+03
1.000000000000000000e+03
1.000000000000000000e+03
1.000000000000000000e+03
1.000000000000000000e+03
1.000000000000000000e+03
1.000000000000000000e+03
1.000000000000000000e+03
1.000000000000000000e+03
1.000000000000000000e+03
1.000000000000000000e+03
1.000000000000000000e+03
1.000000000000000000e+03
1.000000000000000000e+03
1.000000000000000000e+03
1.000000000000000000e+03
1.000000000000000000e+03
1.000000000000000000e+03
1.000000000000000000e+03
1.000000000000000000e+03
1.000000000000000000e+03
1.000000000000000000e+03
1.000000000000000000e+03
1.000000000000000000e+03
1.000000000000000000e+03
1.000000000000000000e+03
1.000000000000000000e+03
1.000000000000000000e+03
1.000000000000000000e+03
1.000000000000000000e+03
1.000000000000000000e+03
1.000000000000000000e+03
1.000000000000000000e+03
1.000000000000000000e+03
1.000000000000000000e+03
1.000000000000000000e+03
1.000000000000000000e+03
1.000000000000000000e+03
1.000000000000000000e+03
1.000000000000000000e+03
1.000000000000000000e+03
1.000000000000000000e+03
1.000000000000000000e+03
1.000000000000000000e+03
1.000000000000000000e+03
1.000000000000000000e+03
1.000000000000000000e+03
1.000000000000000000e+03
1.000000000000000000e+03
1.000000000000000000e+03
1.000000000000000000e+03
1.000000000000000000e+03
1.000000000000000000e+03
1.000000000000000000e+03
1.000000000000000000e+03
1.000000000000000000e+03
1.000000000000000000e+03
1.000000000000000000e+03
1.000000000000000000e+03
1.000000000000000000e+03
1.000000000000000000e+03
1.000000000000000000e+03
1.000000000000000000e+03
1.000000000000000000e+03
1.000000000000000000e+03
1.000000000000000000e+03
1.000000000000000000e+03
1.000000000000000000e+03
