0.000000000000000000e+00
0.000000000000000000e+00
1.400000000000000000e+01
2.800000000000000000e+01
8.800000000000000000e+01
1.430000000000000000e+02
1.880000000000000000e+02
2.250000000000000000e+02
2.450000000000000000e+02
2.940000000000000000e+02
2.700000000000000000e+02
3.200000000000000000e+02
3.200000000000000000e+02
3.040000000000000000e+02
2.770000000000000000e+02
3.430000000000000000e+02
3.130000000000000000e+02
3.350000000000000000e+02
3.110000000000000000e+02
2.940000000000000000e+02
3.120000000000000000e+02
3.330000000000000000e+02
3.660000000000000000e+02
3.410000000000000000e+02
3.850000000000000000e+02
3.700000000000000000e+02
3.770000000000000000e+02
3.540000000000000000e+02
3.320000000000000000e+02
3.650000000000000000e+02
3.380000000000000000e+02
4.080000000000000000e+02
3.910000000000000000e+02
4.460000000000000000e+02
3.820000000000000000e+02
4.940000000000000000e+02
4.120000000000000000e+02
4.540000000000000000e+02
3.840000000000000000e+02
4.750000000000000000e+02
3.990000000000000000e+02
5.260000000000000000e+02
5.150000000000000000e+02
5.480000000000000000e+02
5.670000000000000000e+02
5.610000000000000000e+02
6.190000000000000000e+02
6.100000000000000000e+02
5.800000000000000000e+02
5.790000000000000000e+02
6.290000000000000000e+02
5.740000000000000000e+02
6.890000000000000000e+02
5.650000000000000000e+02
5.630000000000000000e+02
5.600000000000000000e+02
6.300000000000000000e+02
5.370000000000000000e+02
5.960000000000000000e+02
6.090000000000000000e+02
5.640000000000000000e+02
6.030000000000000000e+02
6.830000000000000000e+02
6.320000000000000000e+02
6.940000000000000000e+02
6.860000000000000000e+02
6.980000000000000000e+02
6.820000000000000000e+02
7.450000000000000000e+02
7.070000000000000000e+02
8.810000000000000000e+02
7.500000000000000000e+02
8.290000000000000000e+02
7.780000000000000000e+02
8.030000000000000000e+02
7.230000000000000000e+02
8.380000000000000000e+02
7.890000000000000000e+02
8.100000000000000000e+02
8.090000000000000000e+02
9.080000000000000000e+02
9.840000000000000000e+02
9.360000000000000000e+02
9.510000000000000000e+02
9.480000000000000000e+02
8.810000000000000000e+02
8.850000000000000000e+02
9.230000000000000000e+02
8.820000000000000000e+02
9.400000000000000000e+02
8.200000000000000000e+02
9.430000000000000000e+02
8.940000000000000000e+02
9.510000000000000000e+02
8.810000000000000000e+02
9.270000000000000000e+02
9.370000000000000000e+02
9.910000000000000000e+02
1.000000000000000000e+03
1.000000000000000000e+03
1.000000000000000000e+03
1.000000000000000000e+03
1.000000000000000000e+03
1.000000000000000000e+03
1.000000000000000000e+03
1.000000000000000000e+03
1.000000000000000000e+03
1.000000000000000000e+03
1.000000000000000000e+03
1.000000000000000000e+03
1.000000000000000000e+03
1.000000000000000000e+03
1.000000000000000000e+03
1.000000000000000000e+03
1.000000000000000000e+03
1.000000000000000000e+03
1.000000000000000000e+03
1.000000000000000000e+03
1.000000000000000000e+03
1.000000000000000000e+03
1.000000000000000000e+03
1.000000000000000000e+03
1.000000000000000000e+03
1.000000000000000000e+03
1.000000000000000000e+03
1.000000000000000000e+03
1.000000000000000000e+03
1.000000000000000000e+03
1.000000000000000000e+03
1.000000000000000000e+03
1.000000000000000000e+03
1.000000000000000000e+03
1.000000000000000000e+03
1.000000000000000000e+03
1.000000000000000000e+03
1.000000000000000000e+03
1.000000000000000000e+03
1.000000000000000000e+03
1.000000000000000000e+03
1.000000000000000000e+03
1.000000000000000000e+03
1.000000000000000000e+03
1.000000000000000000e+03
1.000000000000000000e+03
1.000000000000000000e+03
1.000000000000000000e+03
1.000000000000000000e+03
1.000000000000000000e+03
1.000000000000000000e+03
1.000000000000000000e+03
1.000000000000000000e+03
1.000000000000000000e+03
1.000000000000000000e+03
1.000000000000000000e+03
1.000000000000000000e+03
1.000000000000000000e+03
1.000000000000000000e+03
1.000000000000000000e+03
1.000000000000000000e+03
1.000000000000000000e+03
1.000000000000000000e+03
1.000000000000000000e+03
1.000000000000000000e+03
1.000000000000000000e+03
1.000000000000000000e+03
1.000000000000000000e+03
1.000000000000000000e+03
1.000000000000000000e+03
1.000000000000000000e+03
1.000000000000000000e+03
1.000000000000000000e+03
1.000000000000000000e+03
1.000000000000000000e+03
1.000000000000000000e+03
1.000000000000000000e+03
1.000000000000000000e+03
1.000000000000000000e+03
1.000000000000000000e+03
1.000000000000000000e+03
1.000000000000000000e+03
1.000000000000000000e+03
1.000000000000000000e+03
1.000000000000000000e+03
1.000000000000000000e+03
1.000000000000000000e+03
1.000000000000000000e+03
1.000000000000000000e+03
1.000000000000000000e+03
1.000000000000000000e+03
1.000000000000000000e+03
1.000000000000000000e+03
1.000000000000000000e+03
1.000000000000000000e+03
1.000000000000000000e+03
1.000000000000000000e+03
1.000000000000000000e+03
1.000000000000000000e+03
1.000000000000000000e+03
1.000000000000000000e+03
1.000000000000000000e+03
