0.000000000000000000e+00
0.000000000000000000e+00
1.300000000000000000e+01
2.600000000000000000e+01
9.500000000000000000e+01
1.410000000000000000e+02
2.240000000000000000e+02
2.220000000000000000e+02
2.810000000000000000e+02
2.710000000000000000e+02
3.130000000000000000e+02
2.850000000000000000e+02
3.310000000000000000e+02
2.850000000000000000e+02
3.160000000000000000e+02
3.420000000000000000e+02
2.990000000000000000e+02
3.120000000000000000e+02
2.820000000000000000e+02
3.460000000000000000e+02
3.000000000000000000e+02
3.270000000000000000e+02
3.300000000000000000e+02
3.950000000000000000e+02
3.310000000000000000e+02
3.310000000000000000e+02
3.020000000000000000e+02
3.790000000000000000e+02
3.630000000000000000e+02
3.770000000000000000e+02
4.390000000000000000e+02
4.530000000000000000e+02
4.400000000000000000e+02
5.110000000000000000e+02
4.940000000000000000e+02
5.220000000000000000e+02
4.910000000000000000e+02
5.830000000000000000e+02
5.290000000000000000e+02
6.020000000000000000e+02
5.600000000000000000e+02
5.700000000000000000e+02
6.400000000000000000e+02
6.140000000000000000e+02
6.600000000000000000e+02
6.510000000000000000e+02
6.460000000000000000e+02
6.500000000000000000e+02
6.810000000000000000e+02
6.800000000000000000e+02
7.080000000000000000e+02
6.970000000000000000e+02
7.140000000000000000e+02
6.160000000000000000e+02
7.410000000000000000e+02
6.500000000000000000e+02
7.510000000000000000e+02
6.350000000000000000e+02
7.320000000000000000e+02
6.950000000000000000e+02
7.280000000000000000e+02
7.750000000000000000e+02
7.950000000000000000e+02
8.110000000000000000e+02
8.300000000000000000e+02
6.840000000000000000e+02
8.130000000000000000e+02
7.650000000000000000e+02
8.340000000000000000e+02
8.340000000000000000e+02
8.690000000000000000e+02
8.570000000000000000e+02
9.760000000000000000e+02
9.980000000000000000e+02
1.000000000000000000e+03
1.000000000000000000e+03
1.000000000000000000e+03
1.000000000000000000e+03
1.000000000000000000e+03
1.000000000000000000e+03
1.000000000000000000e+03
1.000000000000000000e+03
1.000000000000000000e+03
1.000000000000000000e+03
1.000000000000000000e+03
1.000000000000000000e+03
1.000000000000000000e+03
1.000000000000000000e+03
1.000000000000000000e+03
1.000000000000000000e+03
1.000000000000000000e+03
1.000000000000000000e+03
1.000000000000000000e+03
1.000000000000000000e+03
1.000000000000000000e+03
1.000000000000000000e+03
1.000000000000000000e+03
1.000000000000000000e+03
1.000000000000000000e+03
1.000000000000000000e+03
1.000000000000000000e+03
1.000000000000000000e+03
1.000000000000000000e+03
1.000000000000000000e+03
1.000000000000000000e+03
1.000000000000000000e+03
1.000000000000000000e+03
1.000000000000000000e+03
1.000000000000000000e+03
1.000000000000000000e+03
1.000000000000000000e+03
1.000000000000000000e+03
1.000000000000000000e+03
1.000000000000000000e+03
1.000000000000000000e+03
1.000000000000000000e+03
1.000000000000000000e+03
1.000000000000000000e+03
1.000000000000000000e+03
1.000000000000000000e+03
1.000000000000000000e+03
1.000000000000000000e+03
1.000000000000000000e+03
1.000000000000000000e+03
1.000000000000000000e+03
1.000000000000000000e+03
1.000000000000000000e+03
1.000000000000000000e+03
1.000000000000000000e+03
1.000000000000000000e+03
1.000000000000000000e+03
1.000000000000000000e+03
1.000000000000000000e+03
1.000000000000000000e+03
1.000000000000000000e+03
1.000000000000000000e+03
1.000000000000000000e+03
1.000000000000000000e+03
1.000000000000000000e+03
1.000000000000000000e+03
1.000000000000000000e+03
1.000000000000000000e+03
1.000000000000000000e+03
1.000000000000000000e+03
1.000000000000000000e+03
1.000000000000000000e+03
1.000000000000000000e+03
1.000000000000000000e+03
1.000000000000000000e+03
1.000000000000000000e+03
1.000000000000000000e+03
1.000000000000000000e+03
1.000000000000000000e+03
1.000000000000000000e+03
1.000000000000000000e+03
1.000000000000000000e+03
1.000000000000000000e+03
1.000000000000000000e+03
1.000000000000000000e+03
1.000000000000000000e+03
1.000000000000000000e+03
1.000000000000000000e+03
1.000000000000000000e+03
1.000000000000000000e+03
1.000000000000000000e+03
1.000000000000000000e+03
1.000000000000000000e+03
1.000000000000000000e+03
1.000000000000000000e+03
1.000000000000000000e+03
1.000000000000000000e+03
1.000000000000000000e+03
1.000000000000000000e+03
1.000000000000000000e+03
1.000000000000000000e+03
1.000000000000000000e+03
1.000000000000000000e+03
1.000000000000000000e+03
1.000000000000000000e+03
1.000000000000000000e+03
1.000000000000000000e+03
1.000000000000000000e+03
1.000000000000000000e+03
1.000000000000000000e+03
1.000000000000000000e+03
1.000000000000000000e+03
1.000000000000000000e+03
1.000000000000000000e+03
1.000000000000000000e+03
1.000000000000000000e+03
1.000000000000000000e+03
1.000000000000000000e+03
1.000000000000000000e+03
1.000000000000000000e+03
1.000000000000000000e+03
1.000000000000000000e+03
1.000000000000000000e+03
1.000000000000000000e+03
1.000000000000000000e+03
1.000000000000000000e+03
