0.000000000000000000e+00
0.000000000000000000e+00
1.400000000000000000e+01
1.800000000000000000e+01
9.800000000000000000e+01
1.040000000000000000e+02
2.340000000000000000e+02
2.010000000000000000e+02
2.920000000000000000e+02
2.580000000000000000e+02
3.280000000000000000e+02
3.110000000000000000e+02
3.450000000000000000e+02
2.750000000000000000e+02
3.520000000000000000e+02
2.800000000000000000e+02
3.450000000000000000e+02
2.890000000000000000e+02
3.250000000000000000e+02
3.270000000000000000e+02
3.480000000000000000e+02
3.440000000000000000e+02
3.460000000000000000e+02
3.220000000000000000e+02
3.380000000000000000e+02
3.530000000000000000e+02
3.600000000000000000e+02
3.490000000000000000e+02
3.450000000000000000e+02
3.690000000000000000e+02
3.710000000000000000e+02
2.730000000000000000e+02
3.320000000000000000e+02
3.830000000000000000e+02
3.650000000000000000e+02
3.570000000000000000e+02
3.630000000000000000e+02
3.660000000000000000e+02
3.920000000000000000e+02
3.830000000000000000e+02
4.390000000000000000e+02
4.610000000000000000e+02
4.590000000000000000e+02
4.470000000000000000e+02
4.260000000000000000e+02
4.190000000000000000e+02
3.950000000000000000e+02
3.890000000000000000e+02
4.380000000000000000e+02
4.380000000000000000e+02
5.380000000000000000e+02
4.820000000000000000e+02
5.740000000000000000e+02
6.430000000000000000e+02
5.830000000000000000e+02
7.020000000000000000e+02
5.930000000000000000e+02
7.340000000000000000e+02
6.340000000000000000e+02
7.960000000000000000e+02
6.120000000000000000e+02
8.340000000000000000e+02
6.850000000000000000e+02
8.280000000000000000e+02
7.740000000000000000e+02
7.350000000000000000e+02
7.060000000000000000e+02
7.860000000000000000e+02
6.660000000000000000e+02
7.460000000000000000e+02
6.990000000000000000e+02
7.800000000000000000e+02
7.440000000000000000e+02
8.380000000000000000e+02
7.400000000000000000e+02
8.600000000000000000e+02
7.700000000000000000e+02
8.380000000000000000e+02
8.550000000000000000e+02
8.430000000000000000e+02
8.620000000000000000e+02
9.130000000000000000e+02
9.360000000000000000e+02
8.610000000000000000e+02
1.000000000000000000e+03
9.650000000000000000e+02
1.000000000000000000e+03
1.000000000000000000e+03
1.000000000000000000e+03
1.000000000000000000e+03
1.000000000000000000e+03
1.000000000000000000e+03
1.000000000000000000e+03
1.000000000000000000e+03
1.000000000000000000e+03
1.000000000000000000e+03
1.000000000000000000e+03
1.000000000000000000e+03
1.000000000000000000e+03
1.000000000000000000e+03
1.000000000000000000e+03
1.000000000000000000e+03
1.000000000000000000e+03
1.000000000000000000e+03
1.000000000000000000e+03
1.000000000000000000e+03
1.000000000000000000e+03
1.000000000000000000e+03
1.000000000000000000e+03
1.000000000000000000e+03
1.000000000000000000e+03
1.000000000000000000e+03
1.000000000000000000e+03
1.000000000000000000e+03
1.000000000000000000e+03
1.000000000000000000e+03
1.000000000000000000e+03
1.000000000000000000e+03
1.000000000000000000e+03
1.000000000000000000e+03
1.000000000000000000e+03
1.000000000000000000e+03
1.000000000000000000e+03
1.000000000000000000e+03
1.000000000000000000e+03
1.000000000000000000e+03
1.000000000000000000e+03
1.000000000000000000e+03
1.000000000000000000e+03
1.000000000000000000e+03
1.000000000000000000e+03
1.000000000000000000e+03
1.000000000000000000e+03
1.000000000000000000e+03
1.000000000000000000e+03
1.000000000000000000e+03
1.000000000000000000e+03
1.000000000000000000e+03
1.000000000000000000e+03
1.000000000000000000e+03
1.000000000000000000e+03
1.000000000000000000e+03
1.000000000000000000e+03
1.000000000000000000e+03
1.000000000000000000e+03
1.000000000000000000e+03
1.000000000000000000e+03
1.000000000000000000e+03
1.000000000000000000e+03
1.000000000000000000e+03
1.000000000000000000e+03
1.000000000000000000e+03
1.000000000000000000e+03
1.000000000000000000e+03
1.000000000000000000e+03
1.000000000000000000e+03
1.000000000000000000e+03
1.000000000000000000e+03
1.000000000000000000e+03
1.000000000000000000e+03
1.000000000000000000e+03
1.000000000000000000e+03
1.000000000000000000e+03
1.000000000000000000e+03
1.000000000000000000e+03
1.000000000000000000e+03
1.000000000000000000e+03
1.000000000000000000e+03
1.000000000000000000e+03
1.000000000000000000e+03
1.000000000000000000e+03
1.000000000000000000e+03
1.000000000000000000e+03
1.000000000000000000e+03
1.000000000000000000e+03
1.000000000000000000e+03
1.000000000000000000e+03
1.000000000000000000e+03
1.000000000000000000e+03
1.000000000000000000e+03
1.000000000000000000e+03
1.000000000000000000e+03
1.000000000000000000e+03
1.000000000000000000e+03
1.000000000000000000e+03
1.000000000000000000e+03
1.000000000000000000e+03
1.000000000000000000e+03
1.000000000000000000e+03
1.000000000000000000e+03
1.000000000000000000e+03
1.000000000000000000e+03
1.000000000000000000e+03
1.000000000000000000e+03
1.000000000000000000e+03
1.000000000000000000e+03
1.000000000000000000e+03
1.000000000000000000e+03
1.000000000000000000e+03
1.000000000000000000e+03
