0.000000000000000000e+00
0.000000000000000000e+00
1.400000000000000000e+01
3.000000000000000000e+01
8.600000000000000000e+01
1.470000000000000000e+02
1.980000000000000000e+02
2.010000000000000000e+02
2.940000000000000000e+02
2.800000000000000000e+02
3.250000000000000000e+02
3.190000000000000000e+02
3.520000000000000000e+02
2.880000000000000000e+02
3.670000000000000000e+02
3.160000000000000000e+02
3.560000000000000000e+02
3.980000000000000000e+02
3.370000000000000000e+02
3.530000000000000000e+02
3.370000000000000000e+02
3.710000000000000000e+02
4.110000000000000000e+02
3.720000000000000000e+02
4.510000000000000000e+02
4.040000000000000000e+02
4.240000000000000000e+02
4.540000000000000000e+02
3.710000000000000000e+02
4.470000000000000000e+02
3.530000000000000000e+02
4.530000000000000000e+02
3.930000000000000000e+02
4.340000000000000000e+02
3.880000000000000000e+02
4.580000000000000000e+02
3.680000000000000000e+02
4.350000000000000000e+02
3.940000000000000000e+02
4.210000000000000000e+02
4.900000000000000000e+02
4.270000000000000000e+02
4.980000000000000000e+02
4.160000000000000000e+02
5.060000000000000000e+02
4.370000000000000000e+02
5.180000000000000000e+02
5.060000000000000000e+02
5.280000000000000000e+02
5.280000000000000000e+02
5.830000000000000000e+02
4.970000000000000000e+02
5.170000000000000000e+02
4.810000000000000000e+02
4.990000000000000000e+02
4.840000000000000000e+02
5.000000000000000000e+02
4.640000000000000000e+02
4.650000000000000000e+02
4.910000000000000000e+02
5.290000000000000000e+02
5.270000000000000000e+02
5.400000000000000000e+02
6.190000000000000000e+02
5.120000000000000000e+02
5.960000000000000000e+02
6.420000000000000000e+02
6.480000000000000000e+02
6.230000000000000000e+02
6.290000000000000000e+02
6.890000000000000000e+02
6.370000000000000000e+02
7.150000000000000000e+02
6.690000000000000000e+02
7.210000000000000000e+02
7.730000000000000000e+02
7.770000000000000000e+02
8.490000000000000000e+02
9.220000000000000000e+02
9.070000000000000000e+02
9.490000000000000000e+02
9.850000000000000000e+02
1.000000000000000000e+03
9.480000000000000000e+02
1.000000000000000000e+03
1.000000000000000000e+03
1.000000000000000000e+03
1.000000000000000000e+03
1.000000000000000000e+03
1.000000000000000000e+03
1.000000000000000000e+03
1.000000000000000000e+03
1.000000000000000000e+03
1.000000000000000000e+03
1.000000000000000000e+03
1.000000000000000000e+03
1.000000000000000000e+03
1.000000000000000000e+03
1.000000000000000000e+03
1.000000000000000000e+03
1.000000000000000000e+03
1.000000000000000000e+03
1.000000000000000000e+03
1.000000000000000000e+03
1.000000000000000000e+03
1.000000000000000000e+03
1.000000000000000000e+03
1.000000000000000000e+03
1.000000000000000000e+03
1.000000000000000000e+03
1.000000000000000000e+03
1.000000000000000000e+03
1.000000000000000000e+03
1.000000000000000000e+03
1.000000000000000000e+03
1.000000000000000000e+03
1.000000000000000000e+03
1.000000000000000000e+03
1.000000000000000000e+03
1.000000000000000000e+03
1.000000000000000000e+03
1.000000000000000000e+03
1.000000000000000000e+03
1.000000000000000000e+03
1.000000000000000000e+03
1.000000000000000000e+03
1.000000000000000000e+03
1.000000000000000000e+03
1.000000000000000000e+03
1.000000000000000000e+03
1.000000000000000000e+03
1.000000000000000000e+03
1.000000000000000000e+03
1.000000000000000000e+03
1.000000000000000000e+03
1.000000000000000000e+03
1.000000000000000000e+03
1.000000000000000000e+03
1.000000000000000000e+03
1.000000000000000000e+03
1.000000000000000000e+03
1.000000000000000000e+03
1.000000000000000000e+03
1.000000000000000000e+03
1.000000000000000000e+03
1.000000000000000000e+03
1.000000000000000000e+03
1.000000000000000000e+03
1.000000000000000000e+03
1.000000000000000000e+03
1.000000000000000000e+03
1.000000000000000000e+03
1.000000000000000000e+03
1.000000000000000000e+03
1.000000000000000000e+03
1.000000000000000000e+03
1.000000000000000000e+03
1.000000000000000000e+03
1.000000000000000000e+03
1.000000000000000000e+03
1.000000000000000000e+03
1.000000000000000000e+03
1.000000000000000000e+03
1.000000000000000000e+03
1.000000000000000000e+03
1.000000000000000000e+03
1.000000000000000000e+03
1.000000000000000000e+03
1.000000000000000000e+03
1.000000000000000000e+03
1.000000000000000000e+03
1.000000000000000000e+03
1.000000000000000000e+03
1.000000000000000000e+03
1.000000000000000000e+03
1.000000000000000000e+03
1.000000000000000000e+03
1.000000000000000000e+03
1.000000000000000000e+03
1.000000000000000000e+03
1.000000000000000000e+03
1.000000000000000000e+03
1.000000000000000000e+03
1.000000000000000000e+03
1.000000000000000000e+03
1.000000000000000000e+03
1.000000000000000000e+03
1.000000000000000000e+03
1.000000000000000000e+03
1.000000000000000000e+03
1.000000000000000000e+03
1.000000000000000000e+03
1.000000000000000000e+03
1.000000000000000000e+03
1.000000000000000000e+03
1.000000000000000000e+03
1.000000000000000000e+03
1.000000000000000000e+03
1.000000000000000000e+03
1.000000000000000000e+03
