0.000000000000000000e+00
0.000000000000000000e+00
1.400000000000000000e+01
2.600000000000000000e+01
9.400000000000000000e+01
1.430000000000000000e+02
2.370000000000000000e+02
2.670000000000000000e+02
3.430000000000000000e+02
3.410000000000000000e+02
3.810000000000000000e+02
3.220000000000000000e+02
4.240000000000000000e+02
3.090000000000000000e+02
4.100000000000000000e+02
3.000000000000000000e+02
3.910000000000000000e+02
2.960000000000000000e+02
3.250000000000000000e+02
3.200000000000000000e+02
3.330000000000000000e+02
4.200000000000000000e+02
3.650000000000000000e+02
4.120000000000000000e+02
3.450000000000000000e+02
3.780000000000000000e+02
3.890000000000000000e+02
3.770000000000000000e+02
3.930000000000000000e+02
4.290000000000000000e+02
4.170000000000000000e+02
4.530000000000000000e+02
4.600000000000000000e+02
5.150000000000000000e+02
4.210000000000000000e+02
5.260000000000000000e+02
4.610000000000000000e+02
5.200000000000000000e+02
4.950000000000000000e+02
5.560000000000000000e+02
5.200000000000000000e+02
5.360000000000000000e+02
6.090000000000000000e+02
5.990000000000000000e+02
6.100000000000000000e+02
6.330000000000000000e+02
6.230000000000000000e+02
6.560000000000000000e+02
6.030000000000000000e+02
6.780000000000000000e+02
5.940000000000000000e+02
6.560000000000000000e+02
6.680000000000000000e+02
6.400000000000000000e+02
6.970000000000000000e+02
6.700000000000000000e+02
7.660000000000000000e+02
7.610000000000000000e+02
7.920000000000000000e+02
8.380000000000000000e+02
7.950000000000000000e+02
8.440000000000000000e+02
8.780000000000000000e+02
8.260000000000000000e+02
8.010000000000000000e+02
8.250000000000000000e+02
8.470000000000000000e+02
8.420000000000000000e+02
9.380000000000000000e+02
8.750000000000000000e+02
9.580000000000000000e+02
9.120000000000000000e+02
9.120000000000000000e+02
1.000000000000000000e+03
9.580000000000000000e+02
9.700000000000000000e+02
9.680000000000000000e+02
9.430000000000000000e+02
9.770000000000000000e+02
1.000000000000000000e+03
1.000000000000000000e+03
1.000000000000000000e+03
1.000000000000000000e+03
1.000000000000000000e+03
1.000000000000000000e+03
1.000000000000000000e+03
1.000000000000000000e+03
1.000000000000000000e+03
1.000000000000000000e+03
1.000000000000000000e+03
1.000000000000000000e+03
1.000000000000000000e+03
1.000000000000000000e+03
1.000000000000000000e+03
1.000000000000000000e+03
1.000000000000000000e+03
1.000000000000000000e+03
1.000000000000000000e+03
1.000000000000000000e+03
1.000000000000000000e+03
1.000000000000000000e+03
1.000000000000000000e+03
1.000000000000000000e+03
1.000000000000000000e+03
1.000000000000000000e+03
1.000000000000000000e+03
1.000000000000000000e+03
1.000000000000000000e+03
1.000000000000000000e+03
1.000000000000000000e+03
1.000000000000000000e+03
1.000000000000000000e+03
1.000000000000000000e+03
1.000000000000000000e+03
1.000000000000000000e+03
1.000000000000000000e+03
1.000000000000000000e+03
1.000000000000000000e+03
1.000000000000000000e+03
1.000000000000000000e+03
1.000000000000000000e+03
1.000000000000000000e+03
1.000000000000000000e+03
1.000000000000000000e+03
1.000000000000000000e+03
1.000000000000000000e+03
1.000000000000000000e+03
1.000000000000000000e+03
1.000000000000000000e+03
1.000000000000000000e+03
1.000000000000000000e+03
1.000000000000000000e+03
1.000000000000000000e+03
1.000000000000000000e+03
1.000000000000000000e+03
1.000000000000000000e+03
1.000000000000000000e+03
1.000000000000000000e+03
1.000000000000000000e+03
1.000000000000000000e+03
1.000000000000000000e+03
1.000000000000000000e+03
1.000000000000000000e+03
1.000000000000000000e+03
1.000000000000000000e+03
1.000000000000000000e+03
1.000000000000000000e+03
1.000000000000000000e+03
1.000000000000000000e+03
1.000000000000000000e+03
1.000000000000000000e+03
1.000000000000000000e+03
1.000000000000000000e+03
1.000000000000000000e+03
1.000000000000000000e+03
1.000000000000000000e+03
1.000000000000000000e+03
1.000000000000000000e+03
1.000000000000000000e+03
1.000000000000000000e+03
1.000000000000000000e+03
1.000000000000000000e+03
1.000000000000000000e+03
1.000000000000000000e+03
1.000000000000000000e+03
1.000000000000000000e+03
1.000000000000000000e+03
1.000000000000000000e+03
1.000000000000000000e+03
1.000000000000000000e+03
1.000000000000000000e+03
1.000000000000000000e+03
1.000000000000000000e+03
1.000000000000000000e+03
1.000000000000000000e+03
1.000000000000000000e+03
1.000000000000000000e+03
1.000000000000000000e+03
1.000000000000000000e+03
1.000000000000000000e+03
1.000000000000000000e+03
1.000000000000000000e+03
1.000000000000000000e+03
1.000000000000000000e+03
1.000000000000000000e+03
1.000000000000000000e+03
1.000000000000000000e+03
1.000000000000000000e+03
1.000000000000000000e+03
1.000000000000000000e+03
1.000000000000000000e+03
1.000000000000000000e+03
1.000000000000000000e+03
1.000000000000000000e+03
1.000000000000000000e+03
1.000000000000000000e+03
1.000000000000000000e+03
1.000000000000000000e+03
1.000000000000000000e+03
1.000000000000000000e+03
