0.000000000000000000e+00
0.000000000000000000e+00
1.100000000000000000e+01
3.400000000000000000e+01
8.100000000000000000e+01
1.720000000000000000e+02
2.080000000000000000e+02
2.430000000000000000e+02
3.100000000000000000e+02
3.060000000000000000e+02
3.770000000000000000e+02
2.610000000000000000e+02
3.300000000000000000e+02
2.820000000000000000e+02
2.940000000000000000e+02
2.750000000000000000e+02
2.720000000000000000e+02
3.060000000000000000e+02
2.920000000000000000e+02
2.900000000000000000e+02
3.030000000000000000e+02
3.040000000000000000e+02
3.330000000000000000e+02
2.950000000000000000e+02
3.190000000000000000e+02
2.490000000000000000e+02
3.880000000000000000e+02
2.730000000000000000e+02
3.780000000000000000e+02
3.380000000000000000e+02
3.980000000000000000e+02
3.570000000000000000e+02
3.540000000000000000e+02
3.020000000000000000e+02
3.410000000000000000e+02
3.250000000000000000e+02
3.470000000000000000e+02
3.450000000000000000e+02
3.680000000000000000e+02
3.260000000000000000e+02
4.100000000000000000e+02
3.930000000000000000e+02
4.460000000000000000e+02
4.000000000000000000e+02
4.770000000000000000e+02
4.130000000000000000e+02
6.090000000000000000e+02
4.750000000000000000e+02
6.740000000000000000e+02
4.420000000000000000e+02
5.980000000000000000e+02
4.070000000000000000e+02
5.960000000000000000e+02
4.580000000000000000e+02
5.460000000000000000e+02
4.970000000000000000e+02
5.930000000000000000e+02
5.410000000000000000e+02
6.110000000000000000e+02
6.460000000000000000e+02
6.710000000000000000e+02
6.500000000000000000e+02
6.860000000000000000e+02
7.650000000000000000e+02
6.550000000000000000e+02
7.010000000000000000e+02
7.060000000000000000e+02
8.200000000000000000e+02
7.460000000000000000e+02
7.700000000000000000e+02
7.540000000000000000e+02
8.620000000000000000e+02
7.810000000000000000e+02
8.240000000000000000e+02
7.830000000000000000e+02
8.200000000000000000e+02
8.010000000000000000e+02
8.080000000000000000e+02
8.250000000000000000e+02
8.800000000000000000e+02
8.840000000000000000e+02
9.500000000000000000e+02
8.430000000000000000e+02
1.000000000000000000e+03
9.210000000000000000e+02
9.990000000000000000e+02
1.000000000000000000e+03
1.000000000000000000e+03
1.000000000000000000e+03
1.000000000000000000e+03
1.000000000000000000e+03
1.000000000000000000e+03
1.000000000000000000e+03
1.000000000000000000e+03
1.000000000000000000e+03
1.000000000000000000e+03
1.000000000000000000e+03
1.000000000000000000e+03
1.000000000000000000e+03
1.000000000000000000e+03
1.000000000000000000e+03
1.000000000000000000e+03
1.000000000000000000e+03
1.000000000000000000e+03
1.000000000000000000e+03
1.000000000000000000e+03
1.000000000000000000e+03
1.000000000000000000e+03
1.000000000000000000e+03
1.000000000000000000e+03
1.000000000000000000e+03
1.000000000000000000e+03
1.000000000000000000e+03
1.000000000000000000e+03
1.000000000000000000e+03
1.000000000000000000e+03
1.000000000000000000e+03
1.000000000000000000e+03
1.000000000000000000e+03
1.000000000000000000e+03
1.000000000000000000e+03
1.000000000000000000e+03
1.000000000000000000e+03
1.000000000000000000e+03
1.000000000000000000e+03
1.000000000000000000e+03
1.000000000000000000e+03
1.000000000000000000e+03
1.000000000000000000e+03
1.000000000000000000e+03
1.000000000000000000e+03
1.000000000000000000e+03
1.000000000000000000e+03
1.000000000000000000e+03
1.000000000000000000e+03
1.000000000000000000e+03
1.000000000000000000e+03
1.000000000000000000e+03
1.000000000000000000e+03
1.000000000000000000e+03
1.000000000000000000e+03
1.000000000000000000e+03
1.000000000000000000e+03
1.000000000000000000e+03
1.000000000000000000e+03
1.000000000000000000e+03
1.000000000000000000e+03
1.000000000000000000e+03
1.000000000000000000e+03
1.000000000000000000e+03
1.000000000000000000e+03
1.000000000000000000e+03
1.000000000000000000e+03
1.000000000000000000e+03
1.000000000000000000e+03
1.000000000000000000e+03
1.000000000000000000e+03
1.000000000000000000e+03
1.000000000000000000e+03
1.000000000000000000e+03
1.000000000000000000e+03
1.000000000000000000e+03
1.000000000000000000e+03
1.000000000000000000e+03
1.000000000000000000e+03
1.000000000000000000e+03
1.000000000000000000e+03
1.000000000000000000e+03
1.000000000000000000e+03
1.000000000000000000e+03
1.000000000000000000e+03
1.000000000000000000e+03
1.000000000000000000e+03
1.000000000000000000e+03
1.000000000000000000e+03
1.000000000000000000e+03
1.000000000000000000e+03
1.000000000000000000e+03
1.000000000000000000e+03
1.000000000000000000e+03
1.000000000000000000e+03
1.000000000000000000e+03
1.000000000000000000e+03
1.000000000000000000e+03
1.000000000000000000e+03
1.000000000000000000e+03
1.000000000000000000e+03
1.000000000000000000e+03
1.000000000000000000e+03
1.000000000000000000e+03
1.000000000000000000e+03
1.000000000000000000e+03
1.000000000000000000e+03
1.000000000000000000e+03
1.000000000000000000e+03
1.000000000000000000e+03
1.000000000000000000e+03
1.000000000000000000e+03
1.000000000000000000e+03
1.000000000000000000e+03
