0.000000000000000000e+00
0.000000000000000000e+00
8.000000000000000000e+00
2.900000000000000000e+01
5.900000000000000000e+01
1.460000000000000000e+02
1.620000000000000000e+02
2.310000000000000000e+02
2.590000000000000000e+02
3.060000000000000000e+02
2.910000000000000000e+02
2.720000000000000000e+02
3.010000000000000000e+02
2.520000000000000000e+02
3.060000000000000000e+02
2.880000000000000000e+02
3.050000000000000000e+02
3.110000000000000000e+02
3.520000000000000000e+02
2.710000000000000000e+02
3.330000000000000000e+02
2.560000000000000000e+02
3.520000000000000000e+02
2.380000000000000000e+02
3.550000000000000000e+02
2.930000000000000000e+02
3.620000000000000000e+02
2.460000000000000000e+02
3.600000000000000000e+02
2.520000000000000000e+02
3.270000000000000000e+02
3.350000000000000000e+02
2.960000000000000000e+02
3.360000000000000000e+02
3.420000000000000000e+02
3.940000000000000000e+02
4.270000000000000000e+02
4.820000000000000000e+02
4.390000000000000000e+02
4.780000000000000000e+02
4.430000000000000000e+02
4.650000000000000000e+02
4.060000000000000000e+02
4.330000000000000000e+02
4.400000000000000000e+02
4.800000000000000000e+02
4.400000000000000000e+02
5.100000000000000000e+02
5.060000000000000000e+02
5.210000000000000000e+02
5.620000000000000000e+02
5.140000000000000000e+02
5.440000000000000000e+02
6.060000000000000000e+02
6.230000000000000000e+02
6.740000000000000000e+02
6.850000000000000000e+02
7.180000000000000000e+02
7.220000000000000000e+02
7.430000000000000000e+02
7.590000000000000000e+02
7.400000000000000000e+02
7.590000000000000000e+02
7.450000000000000000e+02
6.900000000000000000e+02
7.440000000000000000e+02
7.060000000000000000e+02
7.140000000000000000e+02
7.120000000000000000e+02
8.020000000000000000e+02
7.430000000000000000e+02
7.110000000000000000e+02
7.610000000000000000e+02
7.380000000000000000e+02
6.860000000000000000e+02
7.680000000000000000e+02
7.290000000000000000e+02
8.150000000000000000e+02
7.150000000000000000e+02
8.030000000000000000e+02
7.990000000000000000e+02
7.870000000000000000e+02
8.470000000000000000e+02
7.860000000000000000e+02
8.150000000000000000e+02
7.970000000000000000e+02
8.760000000000000000e+02
8.430000000000000000e+02
8.950000000000000000e+02
9.340000000000000000e+02
8.970000000000000000e+02
9.380000000000000000e+02
9.350000000000000000e+02
9.750000000000000000e+02
9.920000000000000000e+02
1.000000000000000000e+03
1.000000000000000000e+03
1.000000000000000000e+03
1.000000000000000000e+03
1.000000000000000000e+03
1.000000000000000000e+03
1.000000000000000000e+03
1.000000000000000000e+03
1.000000000000000000e+03
1.000000000000000000e+03
1.000000000000000000e+03
1.000000000000000000e+03
1.000000000000000000e+03
1.000000000000000000e+03
1.000000000000000000e+03
1.000000000000000000e+03
1.000000000000000000e+03
1.000000000000000000e+03
1.000000000000000000e+03
1.000000000000000000e+03
1.000000000000000000e+03
1.000000000000000000e+03
1.000000000000000000e+03
1.000000000000000000e+03
1.000000000000000000e+03
1.000000000000000000e+03
1.000000000000000000e+03
1.000000000000000000e+03
1.000000000000000000e+03
1.000000000000000000e+03
1.000000000000000000e+03
1.000000000000000000e+03
1.000000000000000000e+03
1.000000000000000000e+03
1.000000000000000000e+03
1.000000000000000000e+03
1.000000000000000000e+03
1.000000000000000000e+03
1.000000000000000000e+03
1.000000000000000000e+03
1.000000000000000000e+03
1.000000000000000000e+03
1.000000000000000000e+03
1.000000000000000000e+03
1.000000000000000000e+03
1.000000000000000000e+03
1.000000000000000000e+03
1.000000000000000000e+03
1.000000000000000000e+03
1.000000000000000000e+03
1.000000000000000000e+03
1.000000000000000000e+03
1.000000000000000000e+03
1.000000000000000000e+03
1.000000000000000000e+03
1.000000000000000000e+03
1.000000000000000000e+03
1.000000000000000000e+03
1.000000000000000000e+03
1.000000000000000000e+03
1.000000000000000000e+03
1.000000000000000000e+03
1.000000000000000000e+03
1.000000000000000000e+03
1.000000000000000000e+03
1.000000000000000000e+03
1.000000000000000000e+03
1.000000000000000000e+03
1.000000000000000000e+03
1.000000000000000000e+03
1.000000000000000000e+03
1.000000000000000000e+03
1.000000000000000000e+03
1.000000000000000000e+03
1.000000000000000000e+03
1.000000000000000000e+03
1.000000000000000000e+03
1.000000000000000000e+03
1.000000000000000000e+03
1.000000000000000000e+03
1.000000000000000000e+03
1.000000000000000000e+03
1.000000000000000000e+03
1.000000000000000000e+03
1.000000000000000000e+03
1.000000000000000000e+03
1.000000000000000000e+03
1.000000000000000000e+03
1.000000000000000000e+03
1.000000000000000000e+03
1.000000000000000000e+03
1.000000000000000000e+03
1.000000000000000000e+03
1.000000000000000000e+03
1.000000000000000000e+03
1.000000000000000000e+03
1.000000000000000000e+03
1.000000000000000000e+03
1.000000000000000000e+03
1.000000000000000000e+03
1.000000000000000000e+03
1.000000000000000000e+03
1.000000000000000000e+03
1.000000000000000000e+03
1.000000000000000000e+03
