0.000000000000000000e+00
0.000000000000000000e+00
7.000000000000000000e+00
3.200000000000000000e+01
6.600000000000000000e+01
1.680000000000000000e+02
1.930000000000000000e+02
2.540000000000000000e+02
2.520000000000000000e+02
2.950000000000000000e+02
3.290000000000000000e+02
2.870000000000000000e+02
3.360000000000000000e+02
3.120000000000000000e+02
3.630000000000000000e+02
3.590000000000000000e+02
3.630000000000000000e+02
3.740000000000000000e+02
3.950000000000000000e+02
3.580000000000000000e+02
3.490000000000000000e+02
3.740000000000000000e+02
3.870000000000000000e+02
3.770000000000000000e+02
3.350000000000000000e+02
4.270000000000000000e+02
3.710000000000000000e+02
3.970000000000000000e+02
4.000000000000000000e+02
4.930000000000000000e+02
4.090000000000000000e+02
4.430000000000000000e+02
4.100000000000000000e+02
4.170000000000000000e+02
4.240000000000000000e+02
4.300000000000000000e+02
4.550000000000000000e+02
4.490000000000000000e+02
4.360000000000000000e+02
4.380000000000000000e+02
5.000000000000000000e+02
4.690000000000000000e+02
4.800000000000000000e+02
4.770000000000000000e+02
5.770000000000000000e+02
5.750000000000000000e+02
5.660000000000000000e+02
6.490000000000000000e+02
5.460000000000000000e+02
6.010000000000000000e+02
5.340000000000000000e+02
6.170000000000000000e+02
5.990000000000000000e+02
6.490000000000000000e+02
5.710000000000000000e+02
6.460000000000000000e+02
6.380000000000000000e+02
6.740000000000000000e+02
7.390000000000000000e+02
6.870000000000000000e+02
7.910000000000000000e+02
7.670000000000000000e+02
7.310000000000000000e+02
6.790000000000000000e+02
7.650000000000000000e+02
7.080000000000000000e+02
7.990000000000000000e+02
8.480000000000000000e+02
8.480000000000000000e+02
8.530000000000000000e+02
9.250000000000000000e+02
8.230000000000000000e+02
1.000000000000000000e+03
9.630000000000000000e+02
9.900000000000000000e+02
1.000000000000000000e+03
9.670000000000000000e+02
9.840000000000000000e+02
9.840000000000000000e+02
1.000000000000000000e+03
1.000000000000000000e+03
1.000000000000000000e+03
1.000000000000000000e+03
1.000000000000000000e+03
1.000000000000000000e+03
1.000000000000000000e+03
1.000000000000000000e+03
1.000000000000000000e+03
1.000000000000000000e+03
1.000000000000000000e+03
1.000000000000000000e+03
1.000000000000000000e+03
1.000000000000000000e+03
1.000000000000000000e+03
1.000000000000000000e+03
1.000000000000000000e+03
1.000000000000000000e+03
1.000000000000000000e+03
1.000000000000000000e+03
1.000000000000000000e+03
1.000000000000000000e+03
1.000000000000000000e+03
1.000000000000000000e+03
1.000000000000000000e+03
1.000000000000000000e+03
1.000000000000000000e+03
1.000000000000000000e+03
1.000000000000000000e+03
1.000000000000000000e+03
1.000000000000000000e+03
1.000000000000000000e+03
1.000000000000000000e+03
1.000000000000000000e+03
1.000000000000000000e+03
1.000000000000000000e+03
1.000000000000000000e+03
1.000000000000000000e+03
1.000000000000000000e+03
1.000000000000000000e+03
1.000000000000000000e+03
1.000000000000000000e+03
1.000000000000000000e+03
1.000000000000000000e+03
1.000000000000000000e+03
1.000000000000000000e+03
1.000000000000000000e+03
1.000000000000000000e+03
1.000000000000000000e+03
1.000000000000000000e+03
1.000000000000000000e+03
1.000000000000000000e+03
1.000000000000000000e+03
1.000000000000000000e+03
1.000000000000000000e+03
1.000000000000000000e+03
1.000000000000000000e+03
1.000000000000000000e+03
1.000000000000000000e+03
1.000000000000000000e+03
1.000000000000000000e+03
1.000000000000000000e+03
1.000000000000000000e+03
1.000000000000000000e+03
1.000000000000000000e+03
1.000000000000000000e+03
1.000000000000000000e+03
1.000000000000000000e+03
1.000000000000000000e+03
1.000000000000000000e+03
1.000000000000000000e+03
1.000000000000000000e+03
1.000000000000000000e+03
1.000000000000000000e+03
1.000000000000000000e+03
1.000000000000000000e+03
1.000000000000000000e+03
1.000000000000000000e+03
1.000000000000000000e+03
1.000000000000000000e+03
1.000000000000000000e+03
1.000000000000000000e+03
1.000000000000000000e+03
1.000000000000000000e+03
1.000000000000000000e+03
1.000000000000000000e+03
1.000000000000000000e+03
1.000000000000000000e+03
1.000000000000000000e+03
1.000000000000000000e+03
1.000000000000000000e+03
1.000000000000000000e+03
1.000000000000000000e+03
1.000000000000000000e+03
1.000000000000000000e+03
1.000000000000000000e+03
1.000000000000000000e+03
1.000000000000000000e+03
1.000000000000000000e+03
1.000000000000000000e+03
1.000000000000000000e+03
1.000000000000000000e+03
1.000000000000000000e+03
1.000000000000000000e+03
1.000000000000000000e+03
1.000000000000000000e+03
1.000000000000000000e+03
1.000000000000000000e+03
1.000000000000000000e+03
1.000000000000000000e+03
1.000000000000000000e+03
1.000000000000000000e+03
1.000000000000000000e+03
1.000000000000000000e+03
1.000000000000000000e+03
1.000000000000000000e+03
1.000000000000000000e+03
1.000000000000000000e+03
1.000000000000000000e+03
1.000000000000000000e+03
1.000000000000000000e+03
