0.000000000000000000e+00
0.000000000000000000e+00
1.300000000000000000e+01
2.700000000000000000e+01
8.600000000000000000e+01
1.510000000000000000e+02
1.960000000000000000e+02
2.710000000000000000e+02
2.700000000000000000e+02
2.780000000000000000e+02
3.070000000000000000e+02
3.270000000000000000e+02
3.050000000000000000e+02
3.050000000000000000e+02
3.480000000000000000e+02
3.090000000000000000e+02
3.420000000000000000e+02
2.820000000000000000e+02
3.540000000000000000e+02
3.170000000000000000e+02
3.490000000000000000e+02
3.550000000000000000e+02
3.490000000000000000e+02
3.720000000000000000e+02
3.780000000000000000e+02
3.130000000000000000e+02
4.440000000000000000e+02
3.500000000000000000e+02
4.280000000000000000e+02
3.810000000000000000e+02
4.720000000000000000e+02
4.480000000000000000e+02
4.160000000000000000e+02
4.550000000000000000e+02
4.350000000000000000e+02
4.580000000000000000e+02
4.710000000000000000e+02
4.620000000000000000e+02
5.420000000000000000e+02
5.340000000000000000e+02
5.860000000000000000e+02
5.420000000000000000e+02
5.640000000000000000e+02
6.370000000000000000e+02
5.820000000000000000e+02
6.460000000000000000e+02
6.400000000000000000e+02
6.300000000000000000e+02
6.370000000000000000e+02
6.730000000000000000e+02
6.510000000000000000e+02
7.420000000000000000e+02
6.730000000000000000e+02
7.040000000000000000e+02
7.350000000000000000e+02
8.120000000000000000e+02
8.620000000000000000e+02
8.580000000000000000e+02
8.990000000000000000e+02
8.800000000000000000e+02
9.290000000000000000e+02
8.570000000000000000e+02
8.790000000000000000e+02
9.170000000000000000e+02
9.490000000000000000e+02
1.000000000000000000e+03
1.000000000000000000e+03
1.000000000000000000e+03
1.000000000000000000e+03
1.000000000000000000e+03
1.000000000000000000e+03
1.000000000000000000e+03
1.000000000000000000e+03
1.000000000000000000e+03
1.000000000000000000e+03
1.000000000000000000e+03
1.000000000000000000e+03
1.000000000000000000e+03
1.000000000000000000e+03
1.000000000000000000e+03
1.000000000000000000e+03
1.000000000000000000e+03
1.000000000000000000e+03
1.000000000000000000e+03
1.000000000000000000e+03
1.000000000000000000e+03
1.000000000000000000e+03
1.000000000000000000e+03
1.000000000000000000e+03
1.000000000000000000e+03
1.000000000000000000e+03
1.000000000000000000e+03
1.000000000000000000e+03
1.000000000000000000e+03
1.000000000000000000e+03
1.000000000000000000e+03
1.000000000000000000e+03
1.000000000000000000e+03
1.000000000000000000e+03
1.000000000000000000e+03
1.000000000000000000e+03
1.000000000000000000e+03
1.000000000000000000e+03
1.000000000000000000e+03
1.000000000000000000e+03
1.000000000000000000e+03
1.000000000000000000e+03
1.000000000000000000e+03
1.000000000000000000e+03
1.000000000000000000e+03
1.000000000000000000e+03
1.000000000000000000e+03
1.000000000000000000e+03
1.000000000000000000e+03
1.000000000000000000e+03
1.000000000000000000e+03
1.000000000000000000e+03
1.000000000000000000e+03
1.000000000000000000e+03
1.000000000000000000e+03
1.000000000000000000e+03
1.000000000000000000e+03
1.000000000000000000e+03
1.000000000000000000e+03
1.000000000000000000e+03
1.000000000000000000e+03
1.000000000000000000e+03
1.000000000000000000e+03
1.000000000000000000e+03
1.000000000000000000e+03
1.000000000000000000e+03
1.000000000000000000e+03
1.000000000000000000e+03
1.000000000000000000e+03
1.000000000000000000e+03
1.000000000000000000e+03
1.000000000000000000e+03
1.000000000000000000e+03
1.000000000000000000e+03
1.000000000000000000e+03
1.000000000000000000e+03
1.000000000000000000e+03
1.000000000000000000e+03
1.000000000000000000e+03
1.000000000000000000e+03
1.000000000000000000e+03
1.000000000000000000e+03
1.000000000000000000e+03
1.000000000000000000e+03
1.000000000000000000e+03
1.000000000000000000e+03
1.000000000000000000e+03
1.000000000000000000e+03
1.000000000000000000e+03
1.000000000000000000e+03
1.000000000000000000e+03
1.000000000000000000e+03
1.000000000000000000e+03
1.000000000000000000e+03
1.000000000000000000e+03
1.000000000000000000e+03
1.000000000000000000e+03
1.000000000000000000e+03
1.000000000000000000e+03
1.000000000000000000e+03
1.000000000000000000e+03
1.000000000000000000e+03
1.000000000000000000e+03
1.000000000000000000e+03
1.000000000000000000e+03
1.000000000000000000e+03
1.000000000000000000e+03
1.000000000000000000e+03
1.000000000000000000e+03
1.000000000000000000e+03
1.000000000000000000e+03
1.000000000000000000e+03
1.000000000000000000e+03
1.000000000000000000e+03
1.000000000000000000e+03
1.000000000000000000e+03
1.000000000000000000e+03
1.000000000000000000e+03
1.000000000000000000e+03
1.000000000000000000e+03
1.000000000000000000e+03
1.000000000000000000e+03
1.000000000000000000e+03
1.000000000000000000e+03
1.000000000000000000e+03
1.000000000000000000e+03
1.000000000000000000e+03
1.000000000000000000e+03
1.000000000000000000e+03
1.000000000000000000e+03
1.000000000000000000e+03
1.000000000000000000e+03
1.000000000000000000e+03
1.000000000000000000e+03
1.000000000000000000e+03
