0.000000000000000000e+00
0.000000000000000000e+00
1.000000000000000000e+01
2.500000000000000000e+01
7.300000000000000000e+01
1.370000000000000000e+02
1.800000000000000000e+02
2.360000000000000000e+02
2.380000000000000000e+02
2.900000000000000000e+02
3.020000000000000000e+02
2.820000000000000000e+02
3.260000000000000000e+02
2.900000000000000000e+02
3.120000000000000000e+02
2.240000000000000000e+02
2.980000000000000000e+02
2.530000000000000000e+02
3.370000000000000000e+02
2.910000000000000000e+02
3.180000000000000000e+02
3.400000000000000000e+02
3.360000000000000000e+02
3.350000000000000000e+02
3.500000000000000000e+02
3.920000000000000000e+02
3.690000000000000000e+02
3.290000000000000000e+02
3.620000000000000000e+02
3.300000000000000000e+02
3.800000000000000000e+02
3.920000000000000000e+02
3.270000000000000000e+02
3.610000000000000000e+02
3.900000000000000000e+02
3.540000000000000000e+02
3.520000000000000000e+02
4.200000000000000000e+02
4.240000000000000000e+02
4.050000000000000000e+02
4.830000000000000000e+02
4.480000000000000000e+02
5.210000000000000000e+02
4.960000000000000000e+02
5.230000000000000000e+02
5.130000000000000000e+02
5.720000000000000000e+02
6.000000000000000000e+02
6.560000000000000000e+02
7.250000000000000000e+02
6.580000000000000000e+02
6.570000000000000000e+02
6.800000000000000000e+02
6.870000000000000000e+02
5.910000000000000000e+02
6.600000000000000000e+02
5.950000000000000000e+02
7.090000000000000000e+02
6.110000000000000000e+02
7.640000000000000000e+02
6.780000000000000000e+02
7.910000000000000000e+02
7.630000000000000000e+02
8.550000000000000000e+02
7.240000000000000000e+02
8.050000000000000000e+02
7.700000000000000000e+02
8.010000000000000000e+02
7.720000000000000000e+02
8.490000000000000000e+02
8.690000000000000000e+02
9.070000000000000000e+02
8.050000000000000000e+02
9.160000000000000000e+02
7.820000000000000000e+02
1.000000000000000000e+03
9.010000000000000000e+02
1.000000000000000000e+03
9.220000000000000000e+02
1.000000000000000000e+03
9.170000000000000000e+02
9.890000000000000000e+02
1.000000000000000000e+03
1.000000000000000000e+03
1.000000000000000000e+03
1.000000000000000000e+03
1.000000000000000000e+03
1.000000000000000000e+03
1.000000000000000000e+03
1.000000000000000000e+03
1.000000000000000000e+03
1.000000000000000000e+03
1.000000000000000000e+03
1.000000000000000000e+03
1.000000000000000000e+03
1.000000000000000000e+03
1.000000000000000000e+03
1.000000000000000000e+03
1.000000000000000000e+03
1.000000000000000000e+03
1.000000000000000000e+03
1.000000000000000000e+03
1.000000000000000000e+03
1.000000000000000000e+03
1.000000000000000000e+03
1.000000000000000000e+03
1.000000000000000000e+03
1.000000000000000000e+03
1.000000000000000000e+03
1.000000000000000000e+03
1.000000000000000000e+03
1.000000000000000000e+03
1.000000000000000000e+03
1.000000000000000000e+03
1.000000000000000000e+03
1.000000000000000000e+03
1.000000000000000000e+03
1.000000000000000000e+03
1.000000000000000000e+03
1.000000000000000000e+03
1.000000000000000000e+03
1.000000000000000000e+03
1.000000000000000000e+03
1.000000000000000000e+03
1.000000000000000000e+03
1.000000000000000000e+03
1.000000000000000000e+03
1.000000000000000000e+03
1.000000000000000000e+03
1.000000000000000000e+03
1.000000000000000000e+03
1.000000000000000000e+03
1.000000000000000000e+03
1.000000000000000000e+03
1.000000000000000000e+03
1.000000000000000000e+03
1.000000000000000000e+03
1.000000000000000000e+03
1.000000000000000000e+03
1.000000000000000000e+03
1.000000000000000000e+03
1.000000000000000000e+03
1.000000000000000000e+03
1.000000000000000000e+03
1.000000000000000000e+03
1.000000000000000000e+03
1.000000000000000000e+03
1.000000000000000000e+03
1.000000000000000000e+03
1.000000000000000000e+03
1.000000000000000000e+03
1.000000000000000000e+03
1.000000000000000000e+03
1.000000000000000000e+03
1.000000000000000000e+03
1.000000000000000000e+03
1.000000000000000000e+03
1.000000000000000000e+03
1.000000000000000000e+03
1.000000000000000000e+03
1.000000000000000000e+03
1.000000000000000000e+03
1.000000000000000000e+03
1.000000000000000000e+03
1.000000000000000000e+03
1.000000000000000000e+03
1.000000000000000000e+03
1.000000000000000000e+03
1.000000000000000000e+03
1.000000000000000000e+03
1.000000000000000000e+03
1.000000000000000000e+03
1.000000000000000000e+03
1.000000000000000000e+03
1.000000000000000000e+03
1.000000000000000000e+03
1.000000000000000000e+03
1.000000000000000000e+03
1.000000000000000000e+03
1.000000000000000000e+03
1.000000000000000000e+03
1.000000000000000000e+03
1.000000000000000000e+03
1.000000000000000000e+03
1.000000000000000000e+03
1.000000000000000000e+03
1.000000000000000000e+03
1.000000000000000000e+03
1.000000000000000000e+03
1.000000000000000000e+03
1.000000000000000000e+03
1.000000000000000000e+03
1.000000000000000000e+03
1.000000000000000000e+03
1.000000000000000000e+03
1.000000000000000000e+03
1.000000000000000000e+03
1.000000000000000000e+03
1.000000000000000000e+03
1.000000000000000000e+03
