0.000000000000000000e+00
0.000000000000000000e+00
2.000000000000000000e+01
2.900000000000000000e+01
1.130000000000000000e+02
1.480000000000000000e+02
2.020000000000000000e+02
2.560000000000000000e+02
2.860000000000000000e+02
3.390000000000000000e+02
3.190000000000000000e+02
3.110000000000000000e+02
3.240000000000000000e+02
3.450000000000000000e+02
3.440000000000000000e+02
3.380000000000000000e+02
3.170000000000000000e+02
3.120000000000000000e+02
2.860000000000000000e+02
3.130000000000000000e+02
2.570000000000000000e+02
2.780000000000000000e+02
2.810000000000000000e+02
2.470000000000000000e+02
2.480000000000000000e+02
2.630000000000000000e+02
2.380000000000000000e+02
2.680000000000000000e+02
2.710000000000000000e+02
2.890000000000000000e+02
3.100000000000000000e+02
3.080000000000000000e+02
3.370000000000000000e+02
2.730000000000000000e+02
3.510000000000000000e+02
2.850000000000000000e+02
3.650000000000000000e+02
3.190000000000000000e+02
4.000000000000000000e+02
3.500000000000000000e+02
4.030000000000000000e+02
3.200000000000000000e+02
4.040000000000000000e+02
3.790000000000000000e+02
3.250000000000000000e+02
4.090000000000000000e+02
3.410000000000000000e+02
4.150000000000000000e+02
3.550000000000000000e+02
4.760000000000000000e+02
3.670000000000000000e+02
4.820000000000000000e+02
3.980000000000000000e+02
4.250000000000000000e+02
4.190000000000000000e+02
3.900000000000000000e+02
3.840000000000000000e+02
4.310000000000000000e+02
3.980000000000000000e+02
4.520000000000000000e+02
4.070000000000000000e+02
5.180000000000000000e+02
5.320000000000000000e+02
5.120000000000000000e+02
5.730000000000000000e+02
5.860000000000000000e+02
6.380000000000000000e+02
6.290000000000000000e+02
6.850000000000000000e+02
6.900000000000000000e+02
6.700000000000000000e+02
6.740000000000000000e+02
6.620000000000000000e+02
7.410000000000000000e+02
6.990000000000000000e+02
7.850000000000000000e+02
8.030000000000000000e+02
7.630000000000000000e+02
9.880000000000000000e+02
7.730000000000000000e+02
9.890000000000000000e+02
8.940000000000000000e+02
8.840000000000000000e+02
9.590000000000000000e+02
8.500000000000000000e+02
9.030000000000000000e+02
7.890000000000000000e+02
8.860000000000000000e+02
8.640000000000000000e+02
9.240000000000000000e+02
8.100000000000000000e+02
9.360000000000000000e+02
7.850000000000000000e+02
9.030000000000000000e+02
8.580000000000000000e+02
9.800000000000000000e+02
9.760000000000000000e+02
1.000000000000000000e+03
9.560000000000000000e+02
9.750000000000000000e+02
9.770000000000000000e+02
9.640000000000000000e+02
1.000000000000000000e+03
1.000000000000000000e+03
1.000000000000000000e+03
1.000000000000000000e+03
1.000000000000000000e+03
1.000000000000000000e+03
1.000000000000000000e+03
1.000000000000000000e+03
1.000000000000000000e+03
1.000000000000000000e+03
1.000000000000000000e+03
1.000000000000000000e+03
1.000000000000000000e+03
1.000000000000000000e+03
1.000000000000000000e+03
1.000000000000000000e+03
1.000000000000000000e+03
1.000000000000000000e+03
1.000000000000000000e+03
1.000000000000000000e+03
1.000000000000000000e+03
1.000000000000000000e+03
1.000000000000000000e+03
1.000000000000000000e+03
1.000000000000000000e+03
1.000000000000000000e+03
1.000000000000000000e+03
1.000000000000000000e+03
1.000000000000000000e+03
1.000000000000000000e+03
1.000000000000000000e+03
1.000000000000000000e+03
1.000000000000000000e+03
1.000000000000000000e+03
1.000000000000000000e+03
1.000000000000000000e+03
1.000000000000000000e+03
1.000000000000000000e+03
1.000000000000000000e+03
1.000000000000000000e+03
1.000000000000000000e+03
1.000000000000000000e+03
1.000000000000000000e+03
1.000000000000000000e+03
1.000000000000000000e+03
1.000000000000000000e+03
1.000000000000000000e+03
1.000000000000000000e+03
1.000000000000000000e+03
1.000000000000000000e+03
1.000000000000000000e+03
1.000000000000000000e+03
1.000000000000000000e+03
1.000000000000000000e+03
1.000000000000000000e+03
1.000000000000000000e+03
1.000000000000000000e+03
1.000000000000000000e+03
1.000000000000000000e+03
1.000000000000000000e+03
1.000000000000000000e+03
1.000000000000000000e+03
1.000000000000000000e+03
1.000000000000000000e+03
1.000000000000000000e+03
1.000000000000000000e+03
1.000000000000000000e+03
1.000000000000000000e+03
1.000000000000000000e+03
1.000000000000000000e+03
1.000000000000000000e+03
1.000000000000000000e+03
1.000000000000000000e+03
1.000000000000000000e+03
1.000000000000000000e+03
1.000000000000000000e+03
1.000000000000000000e+03
1.000000000000000000e+03
1.000000000000000000e+03
1.000000000000000000e+03
1.000000000000000000e+03
1.000000000000000000e+03
1.000000000000000000e+03
1.000000000000000000e+03
1.000000000000000000e+03
1.000000000000000000e+03
1.000000000000000000e+03
1.000000000000000000e+03
1.000000000000000000e+03
1.000000000000000000e+03
1.000000000000000000e+03
1.000000000000000000e+03
1.000000000000000000e+03
1.000000000000000000e+03
1.000000000000000000e+03
1.000000000000000000e+03
1.000000000000000000e+03
1.000000000000000000e+03
