0.000000000000000000e+00
0.000000000000000000e+00
9.000000000000000000e+00
2.400000000000000000e+01
7.400000000000000000e+01
1.280000000000000000e+02
1.890000000000000000e+02
2.200000000000000000e+02
2.600000000000000000e+02
2.790000000000000000e+02
3.180000000000000000e+02
2.360000000000000000e+02
2.680000000000000000e+02
2.560000000000000000e+02
2.660000000000000000e+02
2.710000000000000000e+02
2.750000000000000000e+02
3.200000000000000000e+02
3.080000000000000000e+02
3.530000000000000000e+02
2.920000000000000000e+02
4.050000000000000000e+02
3.690000000000000000e+02
4.550000000000000000e+02
4.120000000000000000e+02
5.050000000000000000e+02
4.400000000000000000e+02
5.360000000000000000e+02
4.940000000000000000e+02
5.570000000000000000e+02
5.100000000000000000e+02
5.190000000000000000e+02
5.310000000000000000e+02
5.340000000000000000e+02
5.200000000000000000e+02
5.450000000000000000e+02
5.820000000000000000e+02
6.330000000000000000e+02
6.650000000000000000e+02
6.260000000000000000e+02
6.890000000000000000e+02
5.690000000000000000e+02
7.470000000000000000e+02
6.270000000000000000e+02
7.410000000000000000e+02
7.450000000000000000e+02
7.390000000000000000e+02
9.030000000000000000e+02
7.570000000000000000e+02
8.200000000000000000e+02
7.680000000000000000e+02
8.620000000000000000e+02
7.680000000000000000e+02
8.980000000000000000e+02
8.080000000000000000e+02
8.540000000000000000e+02
7.820000000000000000e+02
8.730000000000000000e+02
9.060000000000000000e+02
9.380000000000000000e+02
8.760000000000000000e+02
9.370000000000000000e+02
8.890000000000000000e+02
8.950000000000000000e+02
9.630000000000000000e+02
9.710000000000000000e+02
9.680000000000000000e+02
9.740000000000000000e+02
9.610000000000000000e+02
1.000000000000000000e+03
9.790000000000000000e+02
1.000000000000000000e+03
1.000000000000000000e+03
1.000000000000000000e+03
1.000000000000000000e+03
1.000000000000000000e+03
1.000000000000000000e+03
1.000000000000000000e+03
1.000000000000000000e+03
1.000000000000000000e+03
1.000000000000000000e+03
1.000000000000000000e+03
1.000000000000000000e+03
1.000000000000000000e+03
1.000000000000000000e+03
1.000000000000000000e+03
1.000000000000000000e+03
1.000000000000000000e+03
1.000000000000000000e+03
1.000000000000000000e+03
1.000000000000000000e+03
1.000000000000000000e+03
1.000000000000000000e+03
1.000000000000000000e+03
1.000000000000000000e+03
1.000000000000000000e+03
1.000000000000000000e+03
1.000000000000000000e+03
1.000000000000000000e+03
1.000000000000000000e+03
1.000000000000000000e+03
1.000000000000000000e+03
1.000000000000000000e+03
1.000000000000000000e+03
1.000000000000000000e+03
1.000000000000000000e+03
1.000000000000000000e+03
1.000000000000000000e+03
1.000000000000000000e+03
1.000000000000000000e+03
1.000000000000000000e+03
1.000000000000000000e+03
1.000000000000000000e+03
1.000000000000000000e+03
1.000000000000000000e+03
1.000000000000000000e+03
1.000000000000000000e+03
1.000000000000000000e+03
1.000000000000000000e+03
1.000000000000000000e+03
1.000000000000000000e+03
1.000000000000000000e+03
1.000000000000000000e+03
1.000000000000000000e+03
1.000000000000000000e+03
1.000000000000000000e+03
1.000000000000000000e+03
1.000000000000000000e+03
1.000000000000000000e+03
1.000000000000000000e+03
1.000000000000000000e+03
1.000000000000000000e+03
1.000000000000000000e+03
1.000000000000000000e+03
1.000000000000000000e+03
1.000000000000000000e+03
1.000000000000000000e+03
1.000000000000000000e+03
1.000000000000000000e+03
1.000000000000000000e+03
1.000000000000000000e+03
1.000000000000000000e+03
1.000000000000000000e+03
1.000000000000000000e+03
1.000000000000000000e+03
1.000000000000000000e+03
1.000000000000000000e+03
1.000000000000000000e+03
1.000000000000000000e+03
1.000000000000000000e+03
1.000000000000000000e+03
1.000000000000000000e+03
1.000000000000000000e+03
1.000000000000000000e+03
1.000000000000000000e+03
1.000000000000000000e+03
1.000000000000000000e+03
1.000000000000000000e+03
1.000000000000000000e+03
1.000000000000000000e+03
1.000000000000000000e+03
1.000000000000000000e+03
1.000000000000000000e+03
1.000000000000000000e+03
1.000000000000000000e+03
1.000000000000000000e+03
1.000000000000000000e+03
1.000000000000000000e+03
1.000000000000000000e+03
1.000000000000000000e+03
1.000000000000000000e+03
1.000000000000000000e+03
1.000000000000000000e+03
1.000000000000000000e+03
1.000000000000000000e+03
1.000000000000000000e+03
1.000000000000000000e+03
1.000000000000000000e+03
1.000000000000000000e+03
1.000000000000000000e+03
1.000000000000000000e+03
1.000000000000000000e+03
1.000000000000000000e+03
1.000000000000000000e+03
1.000000000000000000e+03
1.000000000000000000e+03
1.000000000000000000e+03
1.000000000000000000e+03
1.000000000000000000e+03
1.000000000000000000e+03
1.000000000000000000e+03
1.000000000000000000e+03
1.000000000000000000e+03
1.000000000000000000e+03
1.000000000000000000e+03
1.000000000000000000e+03
1.000000000000000000e+03
1.000000000000000000e+03
1.000000000000000000e+03
1.000000000000000000e+03
