0.000000000000000000e+00
0.000000000000000000e+00
1.300000000000000000e+01
2.500000000000000000e+01
8.200000000000000000e+01
1.500000000000000000e+02
1.720000000000000000e+02
2.650000000000000000e+02
2.360000000000000000e+02
3.090000000000000000e+02
2.820000000000000000e+02
3.420000000000000000e+02
3.520000000000000000e+02
3.450000000000000000e+02
3.360000000000000000e+02
3.300000000000000000e+02
3.680000000000000000e+02
3.330000000000000000e+02
4.080000000000000000e+02
3.770000000000000000e+02
3.730000000000000000e+02
4.270000000000000000e+02
4.340000000000000000e+02
3.920000000000000000e+02
4.510000000000000000e+02
4.650000000000000000e+02
5.370000000000000000e+02
5.070000000000000000e+02
4.930000000000000000e+02
5.340000000000000000e+02
5.160000000000000000e+02
5.830000000000000000e+02
5.520000000000000000e+02
5.460000000000000000e+02
5.740000000000000000e+02
5.690000000000000000e+02
6.300000000000000000e+02
6.190000000000000000e+02
6.940000000000000000e+02
6.570000000000000000e+02
7.760000000000000000e+02
7.310000000000000000e+02
7.310000000000000000e+02
7.550000000000000000e+02
7.890000000000000000e+02
7.990000000000000000e+02
9.260000000000000000e+02
8.340000000000000000e+02
8.300000000000000000e+02
8.040000000000000000e+02
8.360000000000000000e+02
8.250000000000000000e+02
7.860000000000000000e+02
8.340000000000000000e+02
8.070000000000000000e+02
8.960000000000000000e+02
8.280000000000000000e+02
9.400000000000000000e+02
9.190000000000000000e+02
8.930000000000000000e+02
9.510000000000000000e+02
8.550000000000000000e+02
9.520000000000000000e+02
8.520000000000000000e+02
8.750000000000000000e+02
8.690000000000000000e+02
9.410000000000000000e+02
9.120000000000000000e+02
1.000000000000000000e+03
9.780000000000000000e+02
1.000000000000000000e+03
1.000000000000000000e+03
1.000000000000000000e+03
1.000000000000000000e+03
1.000000000000000000e+03
1.000000000000000000e+03
1.000000000000000000e+03
1.000000000000000000e+03
1.000000000000000000e+03
1.000000000000000000e+03
1.000000000000000000e+03
1.000000000000000000e+03
1.000000000000000000e+03
1.000000000000000000e+03
1.000000000000000000e+03
1.000000000000000000e+03
1.000000000000000000e+03
1.000000000000000000e+03
1.000000000000000000e+03
1.000000000000000000e+03
1.000000000000000000e+03
1.000000000000000000e+03
1.000000000000000000e+03
1.000000000000000000e+03
1.000000000000000000e+03
1.000000000000000000e+03
1.000000000000000000e+03
1.000000000000000000e+03
1.000000000000000000e+03
1.000000000000000000e+03
1.000000000000000000e+03
1.000000000000000000e+03
1.000000000000000000e+03
1.000000000000000000e+03
1.000000000000000000e+03
1.000000000000000000e+03
1.000000000000000000e+03
1.000000000000000000e+03
1.000000000000000000e+03
1.000000000000000000e+03
1.000000000000000000e+03
1.000000000000000000e+03
1.000000000000000000e+03
1.000000000000000000e+03
1.000000000000000000e+03
1.000000000000000000e+03
1.000000000000000000e+03
1.000000000000000000e+03
1.000000000000000000e+03
1.000000000000000000e+03
1.000000000000000000e+03
1.000000000000000000e+03
1.000000000000000000e+03
1.000000000000000000e+03
1.000000000000000000e+03
1.000000000000000000e+03
1.000000000000000000e+03
1.000000000000000000e+03
1.000000000000000000e+03
1.000000000000000000e+03
1.000000000000000000e+03
1.000000000000000000e+03
1.000000000000000000e+03
1.000000000000000000e+03
1.000000000000000000e+03
1.000000000000000000e+03
1.000000000000000000e+03
1.000000000000000000e+03
1.000000000000000000e+03
1.000000000000000000e+03
1.000000000000000000e+03
1.000000000000000000e+03
1.000000000000000000e+03
1.000000000000000000e+03
1.000000000000000000e+03
1.000000000000000000e+03
1.000000000000000000e+03
1.000000000000000000e+03
1.000000000000000000e+03
1.000000000000000000e+03
1.000000000000000000e+03
1.000000000000000000e+03
1.000000000000000000e+03
1.000000000000000000e+03
1.000000000000000000e+03
1.000000000000000000e+03
1.000000000000000000e+03
1.000000000000000000e+03
1.000000000000000000e+03
1.000000000000000000e+03
1.000000000000000000e+03
1.000000000000000000e+03
1.000000000000000000e+03
1.000000000000000000e+03
1.000000000000000000e+03
1.000000000000000000e+03
1.000000000000000000e+03
1.000000000000000000e+03
1.000000000000000000e+03
1.000000000000000000e+03
1.000000000000000000e+03
1.000000000000000000e+03
1.000000000000000000e+03
1.000000000000000000e+03
1.000000000000000000e+03
1.000000000000000000e+03
1.000000000000000000e+03
1.000000000000000000e+03
1.000000000000000000e+03
1.000000000000000000e+03
1.000000000000000000e+03
1.000000000000000000e+03
1.000000000000000000e+03
1.000000000000000000e+03
1.000000000000000000e+03
1.000000000000000000e+03
1.000000000000000000e+03
1.000000000000000000e+03
1.000000000000000000e+03
1.000000000000000000e+03
1.000000000000000000e+03
1.000000000000000000e+03
1.000000000000000000e+03
1.000000000000000000e+03
1.000000000000000000e+03
1.000000000000000000e+03
1.000000000000000000e+03
1.000000000000000000e+03
1.000000000000000000e+03
1.000000000000000000e+03
