0.000000000000000000e+00
0.000000000000000000e+00
1.700000000000000000e+01
1.400000000000000000e+01
9.500000000000000000e+01
9.400000000000000000e+01
1.820000000000000000e+02
1.930000000000000000e+02
2.430000000000000000e+02
2.370000000000000000e+02
2.700000000000000000e+02
3.680000000000000000e+02
2.760000000000000000e+02
3.420000000000000000e+02
3.090000000000000000e+02
3.310000000000000000e+02
2.870000000000000000e+02
2.960000000000000000e+02
2.790000000000000000e+02
2.970000000000000000e+02
3.380000000000000000e+02
2.930000000000000000e+02
3.610000000000000000e+02
3.140000000000000000e+02
3.710000000000000000e+02
3.450000000000000000e+02
3.250000000000000000e+02
3.480000000000000000e+02
3.300000000000000000e+02
3.130000000000000000e+02
3.510000000000000000e+02
3.520000000000000000e+02
3.680000000000000000e+02
3.620000000000000000e+02
4.010000000000000000e+02
4.470000000000000000e+02
3.990000000000000000e+02
4.700000000000000000e+02
3.780000000000000000e+02
4.620000000000000000e+02
4.150000000000000000e+02
4.690000000000000000e+02
4.230000000000000000e+02
4.590000000000000000e+02
4.950000000000000000e+02
4.780000000000000000e+02
5.350000000000000000e+02
5.180000000000000000e+02
5.440000000000000000e+02
5.240000000000000000e+02
6.000000000000000000e+02
5.540000000000000000e+02
6.230000000000000000e+02
6.020000000000000000e+02
7.130000000000000000e+02
6.060000000000000000e+02
6.760000000000000000e+02
5.860000000000000000e+02
6.410000000000000000e+02
5.570000000000000000e+02
6.330000000000000000e+02
5.780000000000000000e+02
7.020000000000000000e+02
6.240000000000000000e+02
7.440000000000000000e+02
7.020000000000000000e+02
7.390000000000000000e+02
6.810000000000000000e+02
8.010000000000000000e+02
7.880000000000000000e+02
8.370000000000000000e+02
8.360000000000000000e+02
8.920000000000000000e+02
7.940000000000000000e+02
8.790000000000000000e+02
8.380000000000000000e+02
9.130000000000000000e+02
7.690000000000000000e+02
9.790000000000000000e+02
8.480000000000000000e+02
9.320000000000000000e+02
9.770000000000000000e+02
9.880000000000000000e+02
1.000000000000000000e+03
1.000000000000000000e+03
1.000000000000000000e+03
1.000000000000000000e+03
1.000000000000000000e+03
1.000000000000000000e+03
1.000000000000000000e+03
1.000000000000000000e+03
1.000000000000000000e+03
1.000000000000000000e+03
1.000000000000000000e+03
1.000000000000000000e+03
1.000000000000000000e+03
1.000000000000000000e+03
1.000000000000000000e+03
1.000000000000000000e+03
1.000000000000000000e+03
1.000000000000000000e+03
1.000000000000000000e+03
1.000000000000000000e+03
1.000000000000000000e+03
1.000000000000000000e+03
1.000000000000000000e+03
1.000000000000000000e+03
1.000000000000000000e+03
1.000000000000000000e+03
1.000000000000000000e+03
1.000000000000000000e+03
1.000000000000000000e+03
1.000000000000000000e+03
1.000000000000000000e+03
1.000000000000000000e+03
1.000000000000000000e+03
1.000000000000000000e+03
1.000000000000000000e+03
1.000000000000000000e+03
1.000000000000000000e+03
1.000000000000000000e+03
1.000000000000000000e+03
1.000000000000000000e+03
1.000000000000000000e+03
1.000000000000000000e+03
1.000000000000000000e+03
1.000000000000000000e+03
1.000000000000000000e+03
1.000000000000000000e+03
1.000000000000000000e+03
1.000000000000000000e+03
1.000000000000000000e+03
1.000000000000000000e+03
1.000000000000000000e+03
1.000000000000000000e+03
1.000000000000000000e+03
1.000000000000000000e+03
1.000000000000000000e+03
1.000000000000000000e+03
1.000000000000000000e+03
1.000000000000000000e+03
1.000000000000000000e+03
1.000000000000000000e+03
1.000000000000000000e+03
1.000000000000000000e+03
1.000000000000000000e+03
1.000000000000000000e+03
1.000000000000000000e+03
1.000000000000000000e+03
1.000000000000000000e+03
1.000000000000000000e+03
1.000000000000000000e+03
1.000000000000000000e+03
1.000000000000000000e+03
1.000000000000000000e+03
1.000000000000000000e+03
1.000000000000000000e+03
1.000000000000000000e+03
1.000000000000000000e+03
1.000000000000000000e+03
1.000000000000000000e+03
1.000000000000000000e+03
1.000000000000000000e+03
1.000000000000000000e+03
1.000000000000000000e+03
1.000000000000000000e+03
1.000000000000000000e+03
1.000000000000000000e+03
1.000000000000000000e+03
1.000000000000000000e+03
1.000000000000000000e+03
1.000000000000000000e+03
1.000000000000000000e+03
1.000000000000000000e+03
1.000000000000000000e+03
1.000000000000000000e+03
1.000000000000000000e+03
1.000000000000000000e+03
1.000000000000000000e+03
1.000000000000000000e+03
1.000000000000000000e+03
1.000000000000000000e+03
1.000000000000000000e+03
1.000000000000000000e+03
1.000000000000000000e+03
1.000000000000000000e+03
1.000000000000000000e+03
1.000000000000000000e+03
1.000000000000000000e+03
1.000000000000000000e+03
1.000000000000000000e+03
1.000000000000000000e+03
1.000000000000000000e+03
1.000000000000000000e+03
1.000000000000000000e+03
1.000000000000000000e+03
1.000000000000000000e+03
1.000000000000000000e+03
1.000000000000000000e+03
1.000000000000000000e+03
