0.000000000000000000e+00
0.000000000000000000e+00
1.200000000000000000e+01
2.800000000000000000e+01
8.400000000000000000e+01
1.540000000000000000e+02
2.080000000000000000e+02
2.650000000000000000e+02
2.880000000000000000e+02
3.300000000000000000e+02
3.010000000000000000e+02
3.630000000000000000e+02
2.960000000000000000e+02
3.750000000000000000e+02
2.800000000000000000e+02
3.180000000000000000e+02
2.880000000000000000e+02
3.590000000000000000e+02
3.440000000000000000e+02
3.610000000000000000e+02
2.920000000000000000e+02
3.390000000000000000e+02
2.870000000000000000e+02
3.220000000000000000e+02
3.280000000000000000e+02
2.910000000000000000e+02
3.590000000000000000e+02
3.400000000000000000e+02
3.840000000000000000e+02
3.560000000000000000e+02
4.050000000000000000e+02
3.650000000000000000e+02
4.830000000000000000e+02
4.410000000000000000e+02
4.590000000000000000e+02
4.400000000000000000e+02
4.470000000000000000e+02
4.530000000000000000e+02
4.190000000000000000e+02
4.570000000000000000e+02
4.160000000000000000e+02
4.790000000000000000e+02
4.100000000000000000e+02
4.920000000000000000e+02
4.160000000000000000e+02
4.840000000000000000e+02
4.770000000000000000e+02
5.120000000000000000e+02
4.640000000000000000e+02
5.900000000000000000e+02
5.010000000000000000e+02
5.600000000000000000e+02
5.200000000000000000e+02
5.180000000000000000e+02
5.760000000000000000e+02
5.480000000000000000e+02
5.590000000000000000e+02
5.530000000000000000e+02
5.820000000000000000e+02
5.750000000000000000e+02
6.890000000000000000e+02
6.100000000000000000e+02
6.300000000000000000e+02
6.210000000000000000e+02
6.180000000000000000e+02
6.520000000000000000e+02
6.300000000000000000e+02
7.130000000000000000e+02
6.370000000000000000e+02
7.520000000000000000e+02
7.550000000000000000e+02
8.470000000000000000e+02
7.470000000000000000e+02
8.440000000000000000e+02
8.080000000000000000e+02
8.360000000000000000e+02
8.770000000000000000e+02
8.470000000000000000e+02
9.360000000000000000e+02
8.310000000000000000e+02
9.580000000000000000e+02
9.170000000000000000e+02
9.770000000000000000e+02
9.160000000000000000e+02
1.000000000000000000e+03
1.000000000000000000e+03
1.000000000000000000e+03
1.000000000000000000e+03
1.000000000000000000e+03
1.000000000000000000e+03
1.000000000000000000e+03
1.000000000000000000e+03
1.000000000000000000e+03
1.000000000000000000e+03
1.000000000000000000e+03
1.000000000000000000e+03
1.000000000000000000e+03
1.000000000000000000e+03
1.000000000000000000e+03
1.000000000000000000e+03
1.000000000000000000e+03
1.000000000000000000e+03
1.000000000000000000e+03
1.000000000000000000e+03
1.000000000000000000e+03
1.000000000000000000e+03
1.000000000000000000e+03
1.000000000000000000e+03
1.000000000000000000e+03
1.000000000000000000e+03
1.000000000000000000e+03
1.000000000000000000e+03
1.000000000000000000e+03
1.000000000000000000e+03
1.000000000000000000e+03
1.000000000000000000e+03
1.000000000000000000e+03
1.000000000000000000e+03
1.000000000000000000e+03
1.000000000000000000e+03
1.000000000000000000e+03
1.000000000000000000e+03
1.000000000000000000e+03
1.000000000000000000e+03
1.000000000000000000e+03
1.000000000000000000e+03
1.000000000000000000e+03
1.000000000000000000e+03
1.000000000000000000e+03
1.000000000000000000e+03
1.000000000000000000e+03
1.000000000000000000e+03
1.000000000000000000e+03
1.000000000000000000e+03
1.000000000000000000e+03
1.000000000000000000e+03
1.000000000000000000e+03
1.000000000000000000e+03
1.000000000000000000e+03
1.000000000000000000e+03
1.000000000000000000e+03
1.000000000000000000e+03
1.000000000000000000e+03
1.000000000000000000e+03
1.000000000000000000e+03
1.000000000000000000e+03
1.000000000000000000e+03
1.000000000000000000e+03
1.000000000000000000e+03
1.000000000000000000e+03
1.000000000000000000e+03
1.000000000000000000e+03
1.000000000000000000e+03
1.000000000000000000e+03
1.000000000000000000e+03
1.000000000000000000e+03
1.000000000000000000e+03
1.000000000000000000e+03
1.000000000000000000e+03
1.000000000000000000e+03
1.000000000000000000e+03
1.000000000000000000e+03
1.000000000000000000e+03
1.000000000000000000e+03
1.000000000000000000e+03
1.000000000000000000e+03
1.000000000000000000e+03
1.000000000000000000e+03
1.000000000000000000e+03
1.000000000000000000e+03
1.000000000000000000e+03
1.000000000000000000e+03
1.000000000000000000e+03
1.000000000000000000e+03
1.000000000000000000e+03
1.000000000000000000e+03
1.000000000000000000e+03
1.000000000000000000e+03
1.000000000000000000e+03
1.000000000000000000e+03
1.000000000000000000e+03
1.000000000000000000e+03
1.000000000000000000e+03
1.000000000000000000e+03
1.000000000000000000e+03
1.000000000000000000e+03
1.000000000000000000e+03
1.000000000000000000e+03
1.000000000000000000e+03
1.000000000000000000e+03
1.000000000000000000e+03
1.000000000000000000e+03
1.000000000000000000e+03
1.000000000000000000e+03
1.000000000000000000e+03
1.000000000000000000e+03
1.000000000000000000e+03
1.000000000000000000e+03
1.000000000000000000e+03
1.000000000000000000e+03
