0.000000000000000000e+00
0.000000000000000000e+00
7.000000000000000000e+00
2.100000000000000000e+01
5.400000000000000000e+01
1.360000000000000000e+02
1.390000000000000000e+02
2.910000000000000000e+02
2.140000000000000000e+02
2.900000000000000000e+02
2.880000000000000000e+02
3.230000000000000000e+02
3.090000000000000000e+02
2.920000000000000000e+02
3.140000000000000000e+02
2.860000000000000000e+02
3.060000000000000000e+02
2.750000000000000000e+02
2.990000000000000000e+02
2.690000000000000000e+02
2.730000000000000000e+02
2.570000000000000000e+02
3.100000000000000000e+02
2.620000000000000000e+02
3.150000000000000000e+02
2.760000000000000000e+02
3.300000000000000000e+02
2.970000000000000000e+02
3.080000000000000000e+02
3.310000000000000000e+02
3.280000000000000000e+02
3.410000000000000000e+02
3.610000000000000000e+02
2.890000000000000000e+02
3.790000000000000000e+02
2.590000000000000000e+02
2.890000000000000000e+02
3.150000000000000000e+02
3.000000000000000000e+02
3.170000000000000000e+02
3.960000000000000000e+02
3.390000000000000000e+02
3.420000000000000000e+02
4.270000000000000000e+02
4.240000000000000000e+02
4.350000000000000000e+02
4.710000000000000000e+02
4.510000000000000000e+02
4.140000000000000000e+02
5.120000000000000000e+02
4.850000000000000000e+02
5.230000000000000000e+02
6.040000000000000000e+02
5.390000000000000000e+02
6.200000000000000000e+02
5.630000000000000000e+02
5.790000000000000000e+02
5.550000000000000000e+02
6.540000000000000000e+02
5.260000000000000000e+02
5.890000000000000000e+02
6.450000000000000000e+02
6.840000000000000000e+02
7.250000000000000000e+02
6.550000000000000000e+02
7.580000000000000000e+02
6.390000000000000000e+02
7.510000000000000000e+02
6.250000000000000000e+02
7.830000000000000000e+02
6.070000000000000000e+02
7.530000000000000000e+02
6.990000000000000000e+02
7.680000000000000000e+02
8.100000000000000000e+02
7.900000000000000000e+02
8.220000000000000000e+02
8.820000000000000000e+02
8.870000000000000000e+02
8.710000000000000000e+02
9.270000000000000000e+02
8.960000000000000000e+02
9.490000000000000000e+02
9.430000000000000000e+02
9.280000000000000000e+02
1.000000000000000000e+03
1.000000000000000000e+03
1.000000000000000000e+03
1.000000000000000000e+03
1.000000000000000000e+03
1.000000000000000000e+03
1.000000000000000000e+03
9.870000000000000000e+02
1.000000000000000000e+03
9.910000000000000000e+02
1.000000000000000000e+03
1.000000000000000000e+03
1.000000000000000000e+03
1.000000000000000000e+03
1.000000000000000000e+03
1.000000000000000000e+03
1.000000000000000000e+03
1.000000000000000000e+03
1.000000000000000000e+03
1.000000000000000000e+03
1.000000000000000000e+03
1.000000000000000000e+03
1.000000000000000000e+03
1.000000000000000000e+03
1.000000000000000000e+03
1.000000000000000000e+03
1.000000000000000000e+03
1.000000000000000000e+03
1.000000000000000000e+03
1.000000000000000000e+03
1.000000000000000000e+03
1.000000000000000000e+03
1.000000000000000000e+03
1.000000000000000000e+03
1.000000000000000000e+03
1.000000000000000000e+03
1.000000000000000000e+03
1.000000000000000000e+03
1.000000000000000000e+03
1.000000000000000000e+03
1.000000000000000000e+03
1.000000000000000000e+03
1.000000000000000000e+03
1.000000000000000000e+03
1.000000000000000000e+03
1.000000000000000000e+03
1.000000000000000000e+03
1.000000000000000000e+03
1.000000000000000000e+03
1.000000000000000000e+03
1.000000000000000000e+03
1.000000000000000000e+03
1.000000000000000000e+03
1.000000000000000000e+03
1.000000000000000000e+03
1.000000000000000000e+03
1.000000000000000000e+03
1.000000000000000000e+03
1.000000000000000000e+03
1.000000000000000000e+03
1.000000000000000000e+03
1.000000000000000000e+03
1.000000000000000000e+03
1.000000000000000000e+03
1.000000000000000000e+03
1.000000000000000000e+03
1.000000000000000000e+03
1.000000000000000000e+03
1.000000000000000000e+03
1.000000000000000000e+03
1.000000000000000000e+03
1.000000000000000000e+03
1.000000000000000000e+03
1.000000000000000000e+03
1.000000000000000000e+03
1.000000000000000000e+03
1.000000000000000000e+03
1.000000000000000000e+03
1.000000000000000000e+03
1.000000000000000000e+03
1.000000000000000000e+03
1.000000000000000000e+03
1.000000000000000000e+03
1.000000000000000000e+03
1.000000000000000000e+03
1.000000000000000000e+03
1.000000000000000000e+03
1.000000000000000000e+03
1.000000000000000000e+03
1.000000000000000000e+03
1.000000000000000000e+03
1.000000000000000000e+03
1.000000000000000000e+03
1.000000000000000000e+03
1.000000000000000000e+03
1.000000000000000000e+03
1.000000000000000000e+03
1.000000000000000000e+03
1.000000000000000000e+03
1.000000000000000000e+03
1.000000000000000000e+03
1.000000000000000000e+03
1.000000000000000000e+03
1.000000000000000000e+03
1.000000000000000000e+03
1.000000000000000000e+03
1.000000000000000000e+03
1.000000000000000000e+03
1.000000000000000000e+03
1.000000000000000000e+03
1.000000000000000000e+03
1.000000000000000000e+03
1.000000000000000000e+03
1.000000000000000000e+03
1.000000000000000000e+03
