0.000000000000000000e+00
0.000000000000000000e+00
1.600000000000000000e+01
3.000000000000000000e+01
9.800000000000000000e+01
1.550000000000000000e+02
1.900000000000000000e+02
2.560000000000000000e+02
2.770000000000000000e+02
3.040000000000000000e+02
3.010000000000000000e+02
2.900000000000000000e+02
2.950000000000000000e+02
3.220000000000000000e+02
3.470000000000000000e+02
3.640000000000000000e+02
3.240000000000000000e+02
3.960000000000000000e+02
3.390000000000000000e+02
4.300000000000000000e+02
3.530000000000000000e+02
4.750000000000000000e+02
3.790000000000000000e+02
5.200000000000000000e+02
4.240000000000000000e+02
4.470000000000000000e+02
3.790000000000000000e+02
4.010000000000000000e+02
4.320000000000000000e+02
5.170000000000000000e+02
4.770000000000000000e+02
5.040000000000000000e+02
4.930000000000000000e+02
5.200000000000000000e+02
5.480000000000000000e+02
5.770000000000000000e+02
5.660000000000000000e+02
5.680000000000000000e+02
5.700000000000000000e+02
5.330000000000000000e+02
5.750000000000000000e+02
5.690000000000000000e+02
6.440000000000000000e+02
6.140000000000000000e+02
6.210000000000000000e+02
6.370000000000000000e+02
6.710000000000000000e+02
6.730000000000000000e+02
7.180000000000000000e+02
6.370000000000000000e+02
7.660000000000000000e+02
7.350000000000000000e+02
6.810000000000000000e+02
8.080000000000000000e+02
7.350000000000000000e+02
8.000000000000000000e+02
7.590000000000000000e+02
8.590000000000000000e+02
7.750000000000000000e+02
8.670000000000000000e+02
7.420000000000000000e+02
8.520000000000000000e+02
7.710000000000000000e+02
8.600000000000000000e+02
8.190000000000000000e+02
8.740000000000000000e+02
8.550000000000000000e+02
8.190000000000000000e+02
8.820000000000000000e+02
8.360000000000000000e+02
8.940000000000000000e+02
8.860000000000000000e+02
9.270000000000000000e+02
9.070000000000000000e+02
9.870000000000000000e+02
9.360000000000000000e+02
9.750000000000000000e+02
1.000000000000000000e+03
1.000000000000000000e+03
1.000000000000000000e+03
1.000000000000000000e+03
1.000000000000000000e+03
1.000000000000000000e+03
1.000000000000000000e+03
1.000000000000000000e+03
1.000000000000000000e+03
1.000000000000000000e+03
1.000000000000000000e+03
1.000000000000000000e+03
1.000000000000000000e+03
1.000000000000000000e+03
1.000000000000000000e+03
1.000000000000000000e+03
1.000000000000000000e+03
1.000000000000000000e+03
1.000000000000000000e+03
1.000000000000000000e+03
1.000000000000000000e+03
1.000000000000000000e+03
1.000000000000000000e+03
1.000000000000000000e+03
1.000000000000000000e+03
1.000000000000000000e+03
1.000000000000000000e+03
1.000000000000000000e+03
1.000000000000000000e+03
1.000000000000000000e+03
1.000000000000000000e+03
1.000000000000000000e+03
1.000000000000000000e+03
1.000000000000000000e+03
1.000000000000000000e+03
1.000000000000000000e+03
1.000000000000000000e+03
1.000000000000000000e+03
1.000000000000000000e+03
1.000000000000000000e+03
1.000000000000000000e+03
1.000000000000000000e+03
1.000000000000000000e+03
1.000000000000000000e+03
1.000000000000000000e+03
1.000000000000000000e+03
1.000000000000000000e+03
1.000000000000000000e+03
1.000000000000000000e+03
1.000000000000000000e+03
1.000000000000000000e+03
1.000000000000000000e+03
1.000000000000000000e+03
1.000000000000000000e+03
1.000000000000000000e+03
1.000000000000000000e+03
1.000000000000000000e+03
1.000000000000000000e+03
1.000000000000000000e+03
1.000000000000000000e+03
1.000000000000000000e+03
1.000000000000000000e+03
1.000000000000000000e+03
1.000000000000000000e+03
1.000000000000000000e+03
1.000000000000000000e+03
1.000000000000000000e+03
1.000000000000000000e+03
1.000000000000000000e+03
1.000000000000000000e+03
1.000000000000000000e+03
1.000000000000000000e+03
1.000000000000000000e+03
1.000000000000000000e+03
1.000000000000000000e+03
1.000000000000000000e+03
1.000000000000000000e+03
1.000000000000000000e+03
1.000000000000000000e+03
1.000000000000000000e+03
1.000000000000000000e+03
1.000000000000000000e+03
1.000000000000000000e+03
1.000000000000000000e+03
1.000000000000000000e+03
1.000000000000000000e+03
1.000000000000000000e+03
1.000000000000000000e+03
1.000000000000000000e+03
1.000000000000000000e+03
1.000000000000000000e+03
1.000000000000000000e+03
1.000000000000000000e+03
1.000000000000000000e+03
1.000000000000000000e+03
1.000000000000000000e+03
1.000000000000000000e+03
1.000000000000000000e+03
1.000000000000000000e+03
1.000000000000000000e+03
1.000000000000000000e+03
1.000000000000000000e+03
1.000000000000000000e+03
1.000000000000000000e+03
1.000000000000000000e+03
1.000000000000000000e+03
1.000000000000000000e+03
1.000000000000000000e+03
1.000000000000000000e+03
1.000000000000000000e+03
1.000000000000000000e+03
1.000000000000000000e+03
1.000000000000000000e+03
1.000000000000000000e+03
1.000000000000000000e+03
1.000000000000000000e+03
1.000000000000000000e+03
1.000000000000000000e+03
1.000000000000000000e+03
1.000000000000000000e+03
1.000000000000000000e+03
1.000000000000000000e+03
1.000000000000000000e+03
