0.000000000000000000e+00
0.000000000000000000e+00
1.400000000000000000e+01
2.200000000000000000e+01
9.700000000000000000e+01
1.360000000000000000e+02
2.300000000000000000e+02
2.660000000000000000e+02
2.800000000000000000e+02
2.820000000000000000e+02
3.570000000000000000e+02
2.960000000000000000e+02
3.170000000000000000e+02
2.500000000000000000e+02
2.880000000000000000e+02
2.930000000000000000e+02
2.840000000000000000e+02
3.210000000000000000e+02
2.890000000000000000e+02
3.110000000000000000e+02
3.090000000000000000e+02
3.290000000000000000e+02
3.440000000000000000e+02
3.610000000000000000e+02
3.910000000000000000e+02
3.740000000000000000e+02
3.540000000000000000e+02
4.000000000000000000e+02
3.750000000000000000e+02
4.050000000000000000e+02
4.060000000000000000e+02
4.580000000000000000e+02
4.150000000000000000e+02
4.570000000000000000e+02
4.580000000000000000e+02
4.480000000000000000e+02
4.000000000000000000e+02
4.490000000000000000e+02
4.010000000000000000e+02
4.380000000000000000e+02
4.840000000000000000e+02
5.600000000000000000e+02
5.420000000000000000e+02
5.380000000000000000e+02
5.670000000000000000e+02
4.890000000000000000e+02
5.080000000000000000e+02
5.050000000000000000e+02
5.440000000000000000e+02
4.930000000000000000e+02
5.650000000000000000e+02
6.250000000000000000e+02
6.190000000000000000e+02
7.180000000000000000e+02
7.170000000000000000e+02
7.170000000000000000e+02
7.020000000000000000e+02
6.820000000000000000e+02
7.010000000000000000e+02
6.340000000000000000e+02
6.760000000000000000e+02
6.270000000000000000e+02
7.180000000000000000e+02
6.400000000000000000e+02
7.290000000000000000e+02
6.700000000000000000e+02
7.670000000000000000e+02
7.460000000000000000e+02
7.590000000000000000e+02
6.840000000000000000e+02
7.980000000000000000e+02
7.590000000000000000e+02
7.950000000000000000e+02
8.110000000000000000e+02
8.090000000000000000e+02
8.480000000000000000e+02
8.660000000000000000e+02
8.380000000000000000e+02
8.670000000000000000e+02
7.890000000000000000e+02
8.380000000000000000e+02
8.430000000000000000e+02
8.670000000000000000e+02
9.630000000000000000e+02
9.040000000000000000e+02
1.000000000000000000e+03
9.170000000000000000e+02
1.000000000000000000e+03
1.000000000000000000e+03
1.000000000000000000e+03
1.000000000000000000e+03
1.000000000000000000e+03
1.000000000000000000e+03
1.000000000000000000e+03
1.000000000000000000e+03
1.000000000000000000e+03
1.000000000000000000e+03
1.000000000000000000e+03
1.000000000000000000e+03
1.000000000000000000e+03
1.000000000000000000e+03
1.000000000000000000e+03
1.000000000000000000e+03
1.000000000000000000e+03
1.000000000000000000e+03
1.000000000000000000e+03
1.000000000000000000e+03
1.000000000000000000e+03
1.000000000000000000e+03
1.000000000000000000e+03
1.000000000000000000e+03
1.000000000000000000e+03
1.000000000000000000e+03
1.000000000000000000e+03
1.000000000000000000e+03
1.000000000000000000e+03
1.000000000000000000e+03
1.000000000000000000e+03
1.000000000000000000e+03
1.000000000000000000e+03
1.000000000000000000e+03
1.000000000000000000e+03
1.000000000000000000e+03
1.000000000000000000e+03
1.000000000000000000e+03
1.000000000000000000e+03
1.000000000000000000e+03
1.000000000000000000e+03
1.000000000000000000e+03
1.000000000000000000e+03
1.000000000000000000e+03
1.000000000000000000e+03
1.000000000000000000e+03
1.000000000000000000e+03
1.000000000000000000e+03
1.000000000000000000e+03
1.000000000000000000e+03
1.000000000000000000e+03
1.000000000000000000e+03
1.000000000000000000e+03
1.000000000000000000e+03
1.000000000000000000e+03
1.000000000000000000e+03
1.000000000000000000e+03
1.000000000000000000e+03
1.000000000000000000e+03
1.000000000000000000e+03
1.000000000000000000e+03
1.000000000000000000e+03
1.000000000000000000e+03
1.000000000000000000e+03
1.000000000000000000e+03
1.000000000000000000e+03
1.000000000000000000e+03
1.000000000000000000e+03
1.000000000000000000e+03
1.000000000000000000e+03
1.000000000000000000e+03
1.000000000000000000e+03
1.000000000000000000e+03
1.000000000000000000e+03
1.000000000000000000e+03
1.000000000000000000e+03
1.000000000000000000e+03
1.000000000000000000e+03
1.000000000000000000e+03
1.000000000000000000e+03
1.000000000000000000e+03
1.000000000000000000e+03
1.000000000000000000e+03
1.000000000000000000e+03
1.000000000000000000e+03
1.000000000000000000e+03
1.000000000000000000e+03
1.000000000000000000e+03
1.000000000000000000e+03
1.000000000000000000e+03
1.000000000000000000e+03
1.000000000000000000e+03
1.000000000000000000e+03
1.000000000000000000e+03
1.000000000000000000e+03
1.000000000000000000e+03
1.000000000000000000e+03
1.000000000000000000e+03
1.000000000000000000e+03
1.000000000000000000e+03
1.000000000000000000e+03
1.000000000000000000e+03
1.000000000000000000e+03
1.000000000000000000e+03
1.000000000000000000e+03
1.000000000000000000e+03
1.000000000000000000e+03
1.000000000000000000e+03
1.000000000000000000e+03
1.000000000000000000e+03
1.000000000000000000e+03
1.000000000000000000e+03
1.000000000000000000e+03
