0.000000000000000000e+00
0.000000000000000000e+00
1.700000000000000000e+01
2.400000000000000000e+01
9.700000000000000000e+01
1.440000000000000000e+02
1.850000000000000000e+02
2.680000000000000000e+02
3.020000000000000000e+02
2.950000000000000000e+02
3.120000000000000000e+02
3.110000000000000000e+02
2.960000000000000000e+02
3.380000000000000000e+02
3.160000000000000000e+02
3.470000000000000000e+02
2.950000000000000000e+02
3.560000000000000000e+02
3.240000000000000000e+02
3.350000000000000000e+02
3.070000000000000000e+02
3.360000000000000000e+02
2.810000000000000000e+02
3.410000000000000000e+02
2.900000000000000000e+02
3.330000000000000000e+02
2.940000000000000000e+02
3.030000000000000000e+02
2.950000000000000000e+02
3.010000000000000000e+02
3.340000000000000000e+02
3.010000000000000000e+02
3.270000000000000000e+02
3.080000000000000000e+02
3.590000000000000000e+02
2.770000000000000000e+02
2.500000000000000000e+02
3.080000000000000000e+02
2.460000000000000000e+02
3.720000000000000000e+02
2.520000000000000000e+02
3.730000000000000000e+02
2.800000000000000000e+02
3.760000000000000000e+02
2.990000000000000000e+02
3.640000000000000000e+02
3.890000000000000000e+02
3.750000000000000000e+02
3.900000000000000000e+02
3.610000000000000000e+02
3.500000000000000000e+02
4.160000000000000000e+02
4.190000000000000000e+02
4.420000000000000000e+02
4.570000000000000000e+02
4.390000000000000000e+02
4.420000000000000000e+02
4.320000000000000000e+02
4.910000000000000000e+02
4.730000000000000000e+02
5.290000000000000000e+02
5.390000000000000000e+02
5.250000000000000000e+02
5.360000000000000000e+02
5.060000000000000000e+02
5.210000000000000000e+02
5.520000000000000000e+02
5.850000000000000000e+02
6.090000000000000000e+02
5.860000000000000000e+02
6.630000000000000000e+02
6.000000000000000000e+02
7.370000000000000000e+02
7.010000000000000000e+02
7.090000000000000000e+02
6.520000000000000000e+02
6.610000000000000000e+02
7.260000000000000000e+02
6.810000000000000000e+02
7.160000000000000000e+02
7.130000000000000000e+02
7.950000000000000000e+02
7.790000000000000000e+02
8.590000000000000000e+02
7.770000000000000000e+02
9.370000000000000000e+02
8.020000000000000000e+02
9.860000000000000000e+02
9.620000000000000000e+02
9.870000000000000000e+02
9.920000000000000000e+02
1.000000000000000000e+03
1.000000000000000000e+03
1.000000000000000000e+03
1.000000000000000000e+03
1.000000000000000000e+03
1.000000000000000000e+03
1.000000000000000000e+03
1.000000000000000000e+03
1.000000000000000000e+03
1.000000000000000000e+03
1.000000000000000000e+03
1.000000000000000000e+03
1.000000000000000000e+03
1.000000000000000000e+03
1.000000000000000000e+03
1.000000000000000000e+03
1.000000000000000000e+03
1.000000000000000000e+03
1.000000000000000000e+03
1.000000000000000000e+03
1.000000000000000000e+03
1.000000000000000000e+03
1.000000000000000000e+03
1.000000000000000000e+03
1.000000000000000000e+03
1.000000000000000000e+03
1.000000000000000000e+03
1.000000000000000000e+03
1.000000000000000000e+03
1.000000000000000000e+03
1.000000000000000000e+03
1.000000000000000000e+03
1.000000000000000000e+03
1.000000000000000000e+03
1.000000000000000000e+03
1.000000000000000000e+03
1.000000000000000000e+03
1.000000000000000000e+03
1.000000000000000000e+03
1.000000000000000000e+03
1.000000000000000000e+03
1.000000000000000000e+03
1.000000000000000000e+03
1.000000000000000000e+03
1.000000000000000000e+03
1.000000000000000000e+03
1.000000000000000000e+03
1.000000000000000000e+03
1.000000000000000000e+03
1.000000000000000000e+03
1.000000000000000000e+03
1.000000000000000000e+03
1.000000000000000000e+03
1.000000000000000000e+03
1.000000000000000000e+03
1.000000000000000000e+03
1.000000000000000000e+03
1.000000000000000000e+03
1.000000000000000000e+03
1.000000000000000000e+03
1.000000000000000000e+03
1.000000000000000000e+03
1.000000000000000000e+03
1.000000000000000000e+03
1.000000000000000000e+03
1.000000000000000000e+03
1.000000000000000000e+03
1.000000000000000000e+03
1.000000000000000000e+03
1.000000000000000000e+03
1.000000000000000000e+03
1.000000000000000000e+03
1.000000000000000000e+03
1.000000000000000000e+03
1.000000000000000000e+03
1.000000000000000000e+03
1.000000000000000000e+03
1.000000000000000000e+03
1.000000000000000000e+03
1.000000000000000000e+03
1.000000000000000000e+03
1.000000000000000000e+03
1.000000000000000000e+03
1.000000000000000000e+03
1.000000000000000000e+03
1.000000000000000000e+03
1.000000000000000000e+03
1.000000000000000000e+03
1.000000000000000000e+03
1.000000000000000000e+03
1.000000000000000000e+03
1.000000000000000000e+03
1.000000000000000000e+03
1.000000000000000000e+03
1.000000000000000000e+03
1.000000000000000000e+03
1.000000000000000000e+03
1.000000000000000000e+03
1.000000000000000000e+03
1.000000000000000000e+03
1.000000000000000000e+03
1.000000000000000000e+03
1.000000000000000000e+03
1.000000000000000000e+03
1.000000000000000000e+03
1.000000000000000000e+03
1.000000000000000000e+03
1.000000000000000000e+03
1.000000000000000000e+03
