0.000000000000000000e+00
0.000000000000000000e+00
1.000000000000000000e+01
3.100000000000000000e+01
8.800000000000000000e+01
1.540000000000000000e+02
2.400000000000000000e+02
2.220000000000000000e+02
2.880000000000000000e+02
3.380000000000000000e+02
3.390000000000000000e+02
3.480000000000000000e+02
3.160000000000000000e+02
3.970000000000000000e+02
3.070000000000000000e+02
4.180000000000000000e+02
3.460000000000000000e+02
4.530000000000000000e+02
4.290000000000000000e+02
4.170000000000000000e+02
4.280000000000000000e+02
4.360000000000000000e+02
4.330000000000000000e+02
4.590000000000000000e+02
4.090000000000000000e+02
4.210000000000000000e+02
3.930000000000000000e+02
4.150000000000000000e+02
4.780000000000000000e+02
4.090000000000000000e+02
4.480000000000000000e+02
4.780000000000000000e+02
4.450000000000000000e+02
4.420000000000000000e+02
4.480000000000000000e+02
3.920000000000000000e+02
4.300000000000000000e+02
4.170000000000000000e+02
4.400000000000000000e+02
4.570000000000000000e+02
4.640000000000000000e+02
4.740000000000000000e+02
4.640000000000000000e+02
4.870000000000000000e+02
4.990000000000000000e+02
5.190000000000000000e+02
5.870000000000000000e+02
5.630000000000000000e+02
6.700000000000000000e+02
6.090000000000000000e+02
6.660000000000000000e+02
5.870000000000000000e+02
7.140000000000000000e+02
6.070000000000000000e+02
6.630000000000000000e+02
5.980000000000000000e+02
7.070000000000000000e+02
6.860000000000000000e+02
7.520000000000000000e+02
7.450000000000000000e+02
8.270000000000000000e+02
7.670000000000000000e+02
8.820000000000000000e+02
7.920000000000000000e+02
9.440000000000000000e+02
8.860000000000000000e+02
1.000000000000000000e+03
9.930000000000000000e+02
9.580000000000000000e+02
1.000000000000000000e+03
1.000000000000000000e+03
1.000000000000000000e+03
1.000000000000000000e+03
1.000000000000000000e+03
1.000000000000000000e+03
1.000000000000000000e+03
1.000000000000000000e+03
1.000000000000000000e+03
1.000000000000000000e+03
1.000000000000000000e+03
1.000000000000000000e+03
1.000000000000000000e+03
1.000000000000000000e+03
1.000000000000000000e+03
1.000000000000000000e+03
1.000000000000000000e+03
1.000000000000000000e+03
1.000000000000000000e+03
1.000000000000000000e+03
1.000000000000000000e+03
1.000000000000000000e+03
1.000000000000000000e+03
1.000000000000000000e+03
1.000000000000000000e+03
1.000000000000000000e+03
1.000000000000000000e+03
1.000000000000000000e+03
1.000000000000000000e+03
1.000000000000000000e+03
1.000000000000000000e+03
1.000000000000000000e+03
1.000000000000000000e+03
1.000000000000000000e+03
1.000000000000000000e+03
1.000000000000000000e+03
1.000000000000000000e+03
1.000000000000000000e+03
1.000000000000000000e+03
1.000000000000000000e+03
1.000000000000000000e+03
1.000000000000000000e+03
1.000000000000000000e+03
1.000000000000000000e+03
1.000000000000000000e+03
1.000000000000000000e+03
1.000000000000000000e+03
1.000000000000000000e+03
1.000000000000000000e+03
1.000000000000000000e+03
1.000000000000000000e+03
1.000000000000000000e+03
1.000000000000000000e+03
1.000000000000000000e+03
1.000000000000000000e+03
1.000000000000000000e+03
1.000000000000000000e+03
1.000000000000000000e+03
1.000000000000000000e+03
1.000000000000000000e+03
1.000000000000000000e+03
1.000000000000000000e+03
1.000000000000000000e+03
1.000000000000000000e+03
1.000000000000000000e+03
1.000000000000000000e+03
1.000000000000000000e+03
1.000000000000000000e+03
1.000000000000000000e+03
1.000000000000000000e+03
1.000000000000000000e+03
1.000000000000000000e+03
1.000000000000000000e+03
1.000000000000000000e+03
1.000000000000000000e+03
1.000000000000000000e+03
1.000000000000000000e+03
1.000000000000000000e+03
1.000000000000000000e+03
1.000000000000000000e+03
1.000000000000000000e+03
1.000000000000000000e+03
1.000000000000000000e+03
1.000000000000000000e+03
1.000000000000000000e+03
1.000000000000000000e+03
1.000000000000000000e+03
1.000000000000000000e+03
1.000000000000000000e+03
1.000000000000000000e+03
1.000000000000000000e+03
1.000000000000000000e+03
1.000000000000000000e+03
1.000000000000000000e+03
1.000000000000000000e+03
1.000000000000000000e+03
1.000000000000000000e+03
1.000000000000000000e+03
1.000000000000000000e+03
1.000000000000000000e+03
1.000000000000000000e+03
1.000000000000000000e+03
1.000000000000000000e+03
1.000000000000000000e+03
1.000000000000000000e+03
1.000000000000000000e+03
1.000000000000000000e+03
1.000000000000000000e+03
1.000000000000000000e+03
1.000000000000000000e+03
1.000000000000000000e+03
1.000000000000000000e+03
1.000000000000000000e+03
1.000000000000000000e+03
1.000000000000000000e+03
1.000000000000000000e+03
1.000000000000000000e+03
1.000000000000000000e+03
1.000000000000000000e+03
1.000000000000000000e+03
1.000000000000000000e+03
1.000000000000000000e+03
1.000000000000000000e+03
1.000000000000000000e+03
1.000000000000000000e+03
1.000000000000000000e+03
1.000000000000000000e+03
1.000000000000000000e+03
1.000000000000000000e+03
1.000000000000000000e+03
1.000000000000000000e+03
