0.000000000000000000e+00
0.000000000000000000e+00
1.800000000000000000e+01
2.200000000000000000e+01
1.100000000000000000e+02
1.170000000000000000e+02
2.190000000000000000e+02
2.060000000000000000e+02
2.620000000000000000e+02
3.280000000000000000e+02
3.270000000000000000e+02
3.160000000000000000e+02
2.920000000000000000e+02
2.740000000000000000e+02
2.150000000000000000e+02
2.510000000000000000e+02
2.410000000000000000e+02
2.880000000000000000e+02
2.860000000000000000e+02
2.700000000000000000e+02
2.610000000000000000e+02
2.370000000000000000e+02
2.460000000000000000e+02
2.590000000000000000e+02
2.610000000000000000e+02
2.470000000000000000e+02
2.430000000000000000e+02
2.810000000000000000e+02
2.220000000000000000e+02
2.040000000000000000e+02
2.370000000000000000e+02
2.220000000000000000e+02
2.180000000000000000e+02
2.240000000000000000e+02
2.220000000000000000e+02
2.360000000000000000e+02
2.510000000000000000e+02
2.160000000000000000e+02
2.550000000000000000e+02
2.540000000000000000e+02
2.510000000000000000e+02
2.660000000000000000e+02
2.570000000000000000e+02
2.510000000000000000e+02
2.860000000000000000e+02
2.890000000000000000e+02
2.840000000000000000e+02
3.000000000000000000e+02
2.930000000000000000e+02
2.860000000000000000e+02
2.900000000000000000e+02
2.850000000000000000e+02
2.150000000000000000e+02
2.580000000000000000e+02
2.370000000000000000e+02
2.910000000000000000e+02
2.820000000000000000e+02
2.780000000000000000e+02
3.300000000000000000e+02
2.890000000000000000e+02
3.210000000000000000e+02
2.810000000000000000e+02
3.420000000000000000e+02
3.160000000000000000e+02
3.240000000000000000e+02
3.500000000000000000e+02
3.270000000000000000e+02
3.230000000000000000e+02
3.210000000000000000e+02
3.480000000000000000e+02
3.810000000000000000e+02
3.440000000000000000e+02
3.670000000000000000e+02
3.790000000000000000e+02
3.890000000000000000e+02
3.970000000000000000e+02
4.040000000000000000e+02
3.850000000000000000e+02
4.210000000000000000e+02
3.820000000000000000e+02
4.300000000000000000e+02
4.460000000000000000e+02
3.560000000000000000e+02
4.210000000000000000e+02
3.270000000000000000e+02
3.680000000000000000e+02
3.140000000000000000e+02
3.050000000000000000e+02
2.970000000000000000e+02
2.850000000000000000e+02
3.400000000000000000e+02
3.170000000000000000e+02
3.350000000000000000e+02
3.490000000000000000e+02
3.390000000000000000e+02
3.040000000000000000e+02
3.350000000000000000e+02
3.210000000000000000e+02
3.710000000000000000e+02
3.270000000000000000e+02
3.720000000000000000e+02
3.450000000000000000e+02
3.380000000000000000e+02
3.830000000000000000e+02
3.750000000000000000e+02
4.150000000000000000e+02
4.090000000000000000e+02
4.160000000000000000e+02
4.720000000000000000e+02
3.920000000000000000e+02
4.700000000000000000e+02
3.640000000000000000e+02
4.470000000000000000e+02
3.650000000000000000e+02
4.440000000000000000e+02
4.410000000000000000e+02
4.500000000000000000e+02
5.150000000000000000e+02
4.460000000000000000e+02
5.200000000000000000e+02
5.290000000000000000e+02
4.870000000000000000e+02
5.270000000000000000e+02
4.840000000000000000e+02
5.300000000000000000e+02
5.500000000000000000e+02
5.300000000000000000e+02
5.900000000000000000e+02
5.420000000000000000e+02
5.760000000000000000e+02
5.750000000000000000e+02
6.400000000000000000e+02
6.300000000000000000e+02
7.110000000000000000e+02
6.240000000000000000e+02
6.980000000000000000e+02
6.500000000000000000e+02
7.840000000000000000e+02
6.500000000000000000e+02
8.030000000000000000e+02
7.680000000000000000e+02
7.820000000000000000e+02
8.230000000000000000e+02
7.970000000000000000e+02
8.040000000000000000e+02
7.760000000000000000e+02
7.970000000000000000e+02
7.360000000000000000e+02
8.560000000000000000e+02
8.460000000000000000e+02
8.850000000000000000e+02
8.080000000000000000e+02
8.510000000000000000e+02
8.640000000000000000e+02
9.080000000000000000e+02
8.700000000000000000e+02
9.310000000000000000e+02
8.390000000000000000e+02
9.140000000000000000e+02
9.100000000000000000e+02
9.730000000000000000e+02
9.360000000000000000e+02
1.000000000000000000e+03
1.000000000000000000e+03
1.000000000000000000e+03
1.000000000000000000e+03
1.000000000000000000e+03
1.000000000000000000e+03
1.000000000000000000e+03
1.000000000000000000e+03
1.000000000000000000e+03
1.000000000000000000e+03
1.000000000000000000e+03
1.000000000000000000e+03
1.000000000000000000e+03
1.000000000000000000e+03
1.000000000000000000e+03
1.000000000000000000e+03
1.000000000000000000e+03
1.000000000000000000e+03
1.000000000000000000e+03
1.000000000000000000e+03
1.000000000000000000e+03
1.000000000000000000e+03
1.000000000000000000e+03
1.000000000000000000e+03
1.000000000000000000e+03
1.000000000000000000e+03
1.000000000000000000e+03
1.000000000000000000e+03
1.000000000000000000e+03
1.000000000000000000e+03
1.000000000000000000e+03
1.000000000000000000e+03
1.000000000000000000e+03
1.000000000000000000e+03
1.000000000000000000e+03
1.000000000000000000e+03
1.000000000000000000e+03
1.000000000000000000e+03
