9.998144000000000000e+06 0.000000000000000000e+00 1.000000000000000000e+02 0.000000000000000000e+00 0.000000000000000000e+00 0.000000000000000000e+00
9.998073000000000000e+06 5.700000000000000000e+01 1.040000000000000000e+02 4.000000000000000000e+00 6.000000000000000000e+00 0.000000000000000000e+00
9.998006000000000000e+06 9.100000000000000000e+01 1.020000000000000000e+02 2.000000000000000000e+01 2.500000000000000000e+01 0.000000000000000000e+00
9.997926000000000000e+06 1.200000000000000000e+02 1.050000000000000000e+02 3.800000000000000000e+01 5.500000000000000000e+01 0.000000000000000000e+00
9.997845000000000000e+06 1.420000000000000000e+02 1.120000000000000000e+02 6.100000000000000000e+01 8.400000000000000000e+01 0.000000000000000000e+00
9.997744000000000000e+06 1.720000000000000000e+02 1.170000000000000000e+02 8.700000000000000000e+01 1.240000000000000000e+02 0.000000000000000000e+00
9.997648000000000000e+06 1.810000000000000000e+02 1.300000000000000000e+02 1.140000000000000000e+02 1.710000000000000000e+02 0.000000000000000000e+00
9.997514000000000000e+06 2.220000000000000000e+02 1.500000000000000000e+02 1.370000000000000000e+02 2.210000000000000000e+02 0.000000000000000000e+00
9.997352000000000000e+06 2.780000000000000000e+02 1.540000000000000000e+02 1.700000000000000000e+02 2.900000000000000000e+02 0.000000000000000000e+00
9.997170000000000000e+06 3.370000000000000000e+02 1.780000000000000000e+02 1.940000000000000000e+02 3.650000000000000000e+02 0.000000000000000000e+00
9.996958000000000000e+06 3.840000000000000000e+02 2.220000000000000000e+02 2.420000000000000000e+02 4.380000000000000000e+02 0.000000000000000000e+00
9.996698000000000000e+06 4.530000000000000000e+02 2.520000000000000000e+02 2.960000000000000000e+02 5.450000000000000000e+02 0.000000000000000000e+00
9.996400000000000000e+06 5.190000000000000000e+02 3.110000000000000000e+02 3.530000000000000000e+02 6.610000000000000000e+02 0.000000000000000000e+00
9.996009000000000000e+06 6.390000000000000000e+02 3.940000000000000000e+02 4.070000000000000000e+02 7.950000000000000000e+02 0.000000000000000000e+00
9.995550000000000000e+06 7.440000000000000000e+02 5.040000000000000000e+02 4.840000000000000000e+02 9.620000000000000000e+02 0.000000000000000000e+00
9.994997000000000000e+06 9.180000000000000000e+02 5.940000000000000000e+02 5.770000000000000000e+02 1.158000000000000000e+03 0.000000000000000000e+00
9.994303000000000000e+06 1.077000000000000000e+03 7.190000000000000000e+02 7.360000000000000000e+02 1.409000000000000000e+03 0.000000000000000000e+00
9.993536000000000000e+06 1.290000000000000000e+03 8.440000000000000000e+02 8.510000000000000000e+02 1.723000000000000000e+03 0.000000000000000000e+00
9.992636000000000000e+06 1.517000000000000000e+03 9.690000000000000000e+02 1.027000000000000000e+03 2.095000000000000000e+03 0.000000000000000000e+00
9.991514000000000000e+06 1.865000000000000000e+03 1.135000000000000000e+03 1.210000000000000000e+03 2.520000000000000000e+03 0.000000000000000000e+00
9.990244000000000000e+06 2.155000000000000000e+03 1.386000000000000000e+03 1.424000000000000000e+03 3.035000000000000000e+03 0.000000000000000000e+00
9.989612000000000000e+06 1.829000000000000000e+03 1.532000000000000000e+03 1.647000000000000000e+03 3.624000000000000000e+03 0.000000000000000000e+00
9.988908000000000000e+06 1.686000000000000000e+03 1.626000000000000000e+03 1.132000000000000000e+03 4.892000000000000000e+03 1.000000000000000000e+03
9.988273000000000000e+06 1.471000000000000000e+03 1.662000000000000000e+03 8.060000000000000000e+02 6.032000000000000000e+03 1.938000000000000000e+03
9.987734000000000000e+06 1.304000000000000000e+03 1.580000000000000000e+03 9.430000000000000000e+02 6.683000000000000000e+03 2.326000000000000000e+03
9.987141000000000000e+06 1.237000000000000000e+03 1.467000000000000000e+03 1.045000000000000000e+03 7.354000000000000000e+03 2.674000000000000000e+03
9.986538000000000000e+06 1.220000000000000000e+03 1.359000000000000000e+03 1.056000000000000000e+03 8.071000000000000000e+03 3.040000000000000000e+03
9.985998000000000000e+06 1.174000000000000000e+03 1.237000000000000000e+03 1.069000000000000000e+03 8.766000000000000000e+03 3.437000000000000000e+03
9.985424000000000000e+06 1.174000000000000000e+03 1.201000000000000000e+03 1.014000000000000000e+03 9.431000000000000000e+03 3.832000000000000000e+03
9.984932000000000000e+06 1.098000000000000000e+03 1.182000000000000000e+03 9.680000000000000000e+02 1.006400000000000000e+04 4.249000000000000000e+03
9.984423000000000000e+06 1.060000000000000000e+03 1.136000000000000000e+03 9.510000000000000000e+02 1.067400000000000000e+04 4.651000000000000000e+03
9.983889000000000000e+06 1.061000000000000000e+03 1.114000000000000000e+03 9.510000000000000000e+02 1.122900000000000000e+04 5.031000000000000000e+03
9.983445000000000000e+06 9.740000000000000000e+02 1.120000000000000000e+03 9.240000000000000000e+02 1.178100000000000000e+04 5.440000000000000000e+03
9.982936000000000000e+06 9.910000000000000000e+02 1.037000000000000000e+03 9.370000000000000000e+02 1.234300000000000000e+04 5.838000000000000000e+03
9.982488000000000000e+06 9.460000000000000000e+02 1.024000000000000000e+03 9.160000000000000000e+02 1.287000000000000000e+04 6.224000000000000000e+03
9.982108000000000000e+06 8.650000000000000000e+02 9.880000000000000000e+02 8.680000000000000000e+02 1.341500000000000000e+04 6.634000000000000000e+03
9.981667000000000000e+06 8.500000000000000000e+02 9.280000000000000000e+02 8.600000000000000000e+02 1.393900000000000000e+04 7.002000000000000000e+03
9.981263000000000000e+06 8.270000000000000000e+02 8.910000000000000000e+02 8.260000000000000000e+02 1.443700000000000000e+04 7.384000000000000000e+03
9.980880000000000000e+06 8.130000000000000000e+02 8.830000000000000000e+02 7.720000000000000000e+02 1.489600000000000000e+04 7.784000000000000000e+03
9.980498000000000000e+06 7.940000000000000000e+02 8.540000000000000000e+02 7.590000000000000000e+02 1.533900000000000000e+04 8.132000000000000000e+03
9.980129000000000000e+06 7.770000000000000000e+02 8.340000000000000000e+02 7.440000000000000000e+02 1.576000000000000000e+04 8.494000000000000000e+03
9.979715000000000000e+06 7.990000000000000000e+02 7.880000000000000000e+02 7.530000000000000000e+02 1.618900000000000000e+04 8.883000000000000000e+03
9.979389000000000000e+06 7.370000000000000000e+02 7.810000000000000000e+02 7.350000000000000000e+02 1.660200000000000000e+04 9.238000000000000000e+03
9.979060000000000000e+06 7.020000000000000000e+02 7.780000000000000000e+02 6.830000000000000000e+02 1.702100000000000000e+04 9.618000000000000000e+03
9.978721000000000000e+06 6.800000000000000000e+02 7.560000000000000000e+02 6.710000000000000000e+02 1.741600000000000000e+04 9.979000000000000000e+03
9.978393000000000000e+06 6.530000000000000000e+02 7.560000000000000000e+02 6.330000000000000000e+02 1.780900000000000000e+04 1.034200000000000000e+04
9.978055000000000000e+06 6.370000000000000000e+02 7.410000000000000000e+02 6.320000000000000000e+02 1.817900000000000000e+04 1.068000000000000000e+04
9.977710000000000000e+06 6.430000000000000000e+02 7.240000000000000000e+02 6.230000000000000000e+02 1.854400000000000000e+04 1.101900000000000000e+04
9.977393000000000000e+06 6.450000000000000000e+02 7.210000000000000000e+02 6.090000000000000000e+02 1.887600000000000000e+04 1.136600000000000000e+04
9.977065000000000000e+06 6.640000000000000000e+02 6.900000000000000000e+02 5.880000000000000000e+02 1.923700000000000000e+04 1.169600000000000000e+04
9.976782000000000000e+06 6.300000000000000000e+02 6.760000000000000000e+02 5.640000000000000000e+02 1.959200000000000000e+04 1.203200000000000000e+04
9.976426000000000000e+06 6.750000000000000000e+02 6.550000000000000000e+02 5.790000000000000000e+02 1.990900000000000000e+04 1.237100000000000000e+04
9.976125000000000000e+06 6.490000000000000000e+02 6.440000000000000000e+02 5.770000000000000000e+02 2.024900000000000000e+04 1.271300000000000000e+04
9.975743000000000000e+06 6.850000000000000000e+02 6.670000000000000000e+02 5.750000000000000000e+02 2.057400000000000000e+04 1.303600000000000000e+04
9.975373000000000000e+06 7.120000000000000000e+02 6.560000000000000000e+02 6.030000000000000000e+02 2.090000000000000000e+04 1.339100000000000000e+04
9.975002000000000000e+06 7.290000000000000000e+02 6.890000000000000000e+02 6.200000000000000000e+02 2.120400000000000000e+04 1.371400000000000000e+04
9.974642000000000000e+06 7.240000000000000000e+02 7.150000000000000000e+02 6.170000000000000000e+02 2.154600000000000000e+04 1.403400000000000000e+04
9.974283000000000000e+06 6.940000000000000000e+02 7.550000000000000000e+02 6.450000000000000000e+02 2.186700000000000000e+04 1.439700000000000000e+04
9.973886000000000000e+06 7.400000000000000000e+02 7.540000000000000000e+02 6.450000000000000000e+02 2.221900000000000000e+04 1.474300000000000000e+04
9.973520000000000000e+06 7.610000000000000000e+02 7.340000000000000000e+02 6.330000000000000000e+02 2.259600000000000000e+04 1.507900000000000000e+04
9.973149000000000000e+06 7.760000000000000000e+02 7.440000000000000000e+02 6.280000000000000000e+02 2.294700000000000000e+04 1.542100000000000000e+04
9.972782000000000000e+06 7.550000000000000000e+02 7.570000000000000000e+02 6.500000000000000000e+02 2.330000000000000000e+04 1.576400000000000000e+04
9.972367000000000000e+06 7.670000000000000000e+02 7.700000000000000000e+02 6.790000000000000000e+02 2.366100000000000000e+04 1.607200000000000000e+04
9.971959000000000000e+06 7.760000000000000000e+02 7.660000000000000000e+02 6.690000000000000000e+02 2.407400000000000000e+04 1.641300000000000000e+04
9.971542000000000000e+06 8.070000000000000000e+02 7.650000000000000000e+02 6.870000000000000000e+02 2.444300000000000000e+04 1.673800000000000000e+04
9.971153000000000000e+06 8.120000000000000000e+02 7.700000000000000000e+02 6.970000000000000000e+02 2.481200000000000000e+04 1.708600000000000000e+04
9.970762000000000000e+06 8.240000000000000000e+02 7.700000000000000000e+02 6.990000000000000000e+02 2.518900000000000000e+04 1.741200000000000000e+04
9.970369000000000000e+06 8.440000000000000000e+02 7.430000000000000000e+02 6.860000000000000000e+02 2.560200000000000000e+04 1.774000000000000000e+04
9.970007000000000000e+06 8.030000000000000000e+02 7.830000000000000000e+02 6.790000000000000000e+02 2.597200000000000000e+04 1.806400000000000000e+04
9.969649000000000000e+06 7.650000000000000000e+02 8.050000000000000000e+02 6.970000000000000000e+02 2.632800000000000000e+04 1.838100000000000000e+04
9.969217000000000000e+06 8.090000000000000000e+02 8.030000000000000000e+02 7.000000000000000000e+02 2.671500000000000000e+04 1.871600000000000000e+04
9.968851000000000000e+06 7.610000000000000000e+02 8.150000000000000000e+02 7.300000000000000000e+02 2.708700000000000000e+04 1.907300000000000000e+04
9.968436000000000000e+06 7.720000000000000000e+02 7.820000000000000000e+02 7.240000000000000000e+02 2.753000000000000000e+04 1.942300000000000000e+04
9.968071000000000000e+06 7.570000000000000000e+02 7.900000000000000000e+02 7.280000000000000000e+02 2.789800000000000000e+04 1.976700000000000000e+04
9.967666000000000000e+06 7.640000000000000000e+02 8.060000000000000000e+02 7.260000000000000000e+02 2.828200000000000000e+04 2.010100000000000000e+04
9.967242000000000000e+06 8.040000000000000000e+02 7.980000000000000000e+02 6.770000000000000000e+02 2.872300000000000000e+04 2.040500000000000000e+04
9.966830000000000000e+06 7.930000000000000000e+02 8.050000000000000000e+02 6.940000000000000000e+02 2.912200000000000000e+04 2.073000000000000000e+04
9.966393000000000000e+06 8.230000000000000000e+02 8.270000000000000000e+02 6.990000000000000000e+02 2.950200000000000000e+04 2.107200000000000000e+04
9.965962000000000000e+06 8.480000000000000000e+02 8.240000000000000000e+02 7.110000000000000000e+02 2.989900000000000000e+04 2.139000000000000000e+04
9.965522000000000000e+06 8.400000000000000000e+02 8.550000000000000000e+02 7.250000000000000000e+02 3.030200000000000000e+04 2.172000000000000000e+04
9.965069000000000000e+06 8.860000000000000000e+02 8.500000000000000000e+02 7.490000000000000000e+02 3.069000000000000000e+04 2.205800000000000000e+04
9.964639000000000000e+06 8.910000000000000000e+02 8.410000000000000000e+02 7.400000000000000000e+02 3.113300000000000000e+04 2.238800000000000000e+04
9.964247000000000000e+06 8.410000000000000000e+02 8.730000000000000000e+02 7.540000000000000000e+02 3.152900000000000000e+04 2.274300000000000000e+04
9.963799000000000000e+06 8.430000000000000000e+02 8.540000000000000000e+02 8.200000000000000000e+02 3.192800000000000000e+04 2.308400000000000000e+04
9.963371000000000000e+06 8.470000000000000000e+02 8.430000000000000000e+02 8.250000000000000000e+02 3.235800000000000000e+04 2.343500000000000000e+04
9.962952000000000000e+06 8.630000000000000000e+02 8.200000000000000000e+02 8.080000000000000000e+02 3.280100000000000000e+04 2.381000000000000000e+04
9.962535000000000000e+06 8.370000000000000000e+02 8.230000000000000000e+02 8.000000000000000000e+02 3.324900000000000000e+04 2.414300000000000000e+04
9.962104000000000000e+06 8.410000000000000000e+02 8.060000000000000000e+02 8.080000000000000000e+02 3.368500000000000000e+04 2.448400000000000000e+04
9.961703000000000000e+06 8.340000000000000000e+02 8.040000000000000000e+02 7.870000000000000000e+02 3.411600000000000000e+04 2.482400000000000000e+04
9.961274000000000000e+06 8.410000000000000000e+02 8.130000000000000000e+02 7.540000000000000000e+02 3.456200000000000000e+04 2.517400000000000000e+04
9.960847000000000000e+06 8.690000000000000000e+02 8.020000000000000000e+02 7.580000000000000000e+02 3.496800000000000000e+04 2.553100000000000000e+04
9.960456000000000000e+06 8.320000000000000000e+02 8.280000000000000000e+02 7.570000000000000000e+02 3.537100000000000000e+04 2.583600000000000000e+04
9.960008000000000000e+06 8.560000000000000000e+02 8.160000000000000000e+02 7.660000000000000000e+02 3.579800000000000000e+04 2.618800000000000000e+04
9.959618000000000000e+06 8.180000000000000000e+02 7.980000000000000000e+02 7.790000000000000000e+02 3.623100000000000000e+04 2.651000000000000000e+04
9.959209000000000000e+06 8.310000000000000000e+02 7.770000000000000000e+02 7.720000000000000000e+02 3.665500000000000000e+04 2.686200000000000000e+04
9.958820000000000000e+06 8.160000000000000000e+02 7.930000000000000000e+02 7.840000000000000000e+02 3.703100000000000000e+04 2.722900000000000000e+04
9.958429000000000000e+06 7.990000000000000000e+02 8.020000000000000000e+02 7.850000000000000000e+02 3.742900000000000000e+04 2.754900000000000000e+04
9.958027000000000000e+06 7.880000000000000000e+02 8.120000000000000000e+02 7.830000000000000000e+02 3.783400000000000000e+04 2.790600000000000000e+04
9.957590000000000000e+06 8.380000000000000000e+02 8.220000000000000000e+02 7.590000000000000000e+02 3.823500000000000000e+04 2.823600000000000000e+04
9.957196000000000000e+06 8.280000000000000000e+02 8.030000000000000000e+02 7.520000000000000000e+02 3.866500000000000000e+04 2.858000000000000000e+04
9.956779000000000000e+06 8.500000000000000000e+02 7.890000000000000000e+02 7.410000000000000000e+02 3.908500000000000000e+04 2.894900000000000000e+04
9.956378000000000000e+06 8.420000000000000000e+02 8.160000000000000000e+02 7.240000000000000000e+02 3.948400000000000000e+04 2.930300000000000000e+04
9.955958000000000000e+06 8.400000000000000000e+02 8.240000000000000000e+02 7.320000000000000000e+02 3.989000000000000000e+04 2.964800000000000000e+04
9.955537000000000000e+06 8.680000000000000000e+02 8.320000000000000000e+02 7.310000000000000000e+02 4.027600000000000000e+04 2.998600000000000000e+04
9.955107000000000000e+06 8.940000000000000000e+02 8.340000000000000000e+02 7.170000000000000000e+02 4.069200000000000000e+04 3.032500000000000000e+04
9.954695000000000000e+06 8.550000000000000000e+02 8.090000000000000000e+02 7.730000000000000000e+02 4.111200000000000000e+04 3.064700000000000000e+04
9.954272000000000000e+06 8.620000000000000000e+02 7.980000000000000000e+02 7.910000000000000000e+02 4.152100000000000000e+04 3.100200000000000000e+04
9.953884000000000000e+06 8.000000000000000000e+02 8.220000000000000000e+02 8.150000000000000000e+02 4.192300000000000000e+04 3.133700000000000000e+04
9.953451000000000000e+06 8.400000000000000000e+02 8.170000000000000000e+02 7.920000000000000000e+02 4.234400000000000000e+04 3.167600000000000000e+04
9.953031000000000000e+06 8.450000000000000000e+02 8.250000000000000000e+02 8.040000000000000000e+02 4.273900000000000000e+04 3.204000000000000000e+04
9.952594000000000000e+06 8.630000000000000000e+02 8.240000000000000000e+02 8.200000000000000000e+02 4.314300000000000000e+04 3.236300000000000000e+04
9.952177000000000000e+06 8.470000000000000000e+02 8.020000000000000000e+02 8.120000000000000000e+02 4.360600000000000000e+04 3.269800000000000000e+04
9.951738000000000000e+06 8.510000000000000000e+02 7.840000000000000000e+02 8.300000000000000000e+02 4.404100000000000000e+04 3.305000000000000000e+04
9.951340000000000000e+06 8.500000000000000000e+02 8.080000000000000000e+02 8.050000000000000000e+02 4.444100000000000000e+04 3.338800000000000000e+04
9.950904000000000000e+06 8.560000000000000000e+02 8.260000000000000000e+02 7.940000000000000000e+02 4.486400000000000000e+04 3.373600000000000000e+04
9.950522000000000000e+06 8.400000000000000000e+02 8.320000000000000000e+02 7.830000000000000000e+02 4.526700000000000000e+04 3.408700000000000000e+04
9.950119000000000000e+06 8.520000000000000000e+02 8.130000000000000000e+02 7.880000000000000000e+02 4.567200000000000000e+04 3.440700000000000000e+04
9.949706000000000000e+06 8.240000000000000000e+02 8.110000000000000000e+02 7.920000000000000000e+02 4.611100000000000000e+04 3.476000000000000000e+04
9.949293000000000000e+06 8.460000000000000000e+02 8.050000000000000000e+02 8.010000000000000000e+02 4.649900000000000000e+04 3.512000000000000000e+04
9.948888000000000000e+06 8.230000000000000000e+02 8.350000000000000000e+02 7.900000000000000000e+02 4.690800000000000000e+04 3.545000000000000000e+04
9.948474000000000000e+06 8.380000000000000000e+02 8.440000000000000000e+02 7.730000000000000000e+02 4.731500000000000000e+04 3.578900000000000000e+04
9.948035000000000000e+06 8.660000000000000000e+02 8.410000000000000000e+02 7.750000000000000000e+02 4.772700000000000000e+04 3.611200000000000000e+04
9.947603000000000000e+06 8.870000000000000000e+02 8.220000000000000000e+02 7.760000000000000000e+02 4.815600000000000000e+04 3.645200000000000000e+04
9.947186000000000000e+06 8.940000000000000000e+02 8.150000000000000000e+02 7.570000000000000000e+02 4.859200000000000000e+04 3.682500000000000000e+04
9.946785000000000000e+06 8.490000000000000000e+02 8.510000000000000000e+02 7.590000000000000000e+02 4.900000000000000000e+04 3.718600000000000000e+04
9.946330000000000000e+06 8.820000000000000000e+02 8.570000000000000000e+02 7.930000000000000000e+02 4.938200000000000000e+04 3.751900000000000000e+04
9.945883000000000000e+06 8.790000000000000000e+02 8.510000000000000000e+02 8.270000000000000000e+02 4.980400000000000000e+04 3.785800000000000000e+04
9.945473000000000000e+06 8.690000000000000000e+02 8.420000000000000000e+02 8.060000000000000000e+02 5.025400000000000000e+04 3.821100000000000000e+04
9.945064000000000000e+06 8.430000000000000000e+02 8.650000000000000000e+02 8.100000000000000000e+02 5.066200000000000000e+04 3.856400000000000000e+04
9.944652000000000000e+06 8.440000000000000000e+02 8.360000000000000000e+02 7.950000000000000000e+02 5.111700000000000000e+04 3.890800000000000000e+04
9.944218000000000000e+06 8.620000000000000000e+02 8.130000000000000000e+02 8.110000000000000000e+02 5.154000000000000000e+04 3.926800000000000000e+04
9.943822000000000000e+06 8.360000000000000000e+02 7.870000000000000000e+02 8.040000000000000000e+02 5.199500000000000000e+04 3.960400000000000000e+04
9.943421000000000000e+06 8.260000000000000000e+02 7.840000000000000000e+02 8.390000000000000000e+02 5.237400000000000000e+04 3.994000000000000000e+04
9.943049000000000000e+06 7.840000000000000000e+02 7.750000000000000000e+02 8.530000000000000000e+02 5.278300000000000000e+04 4.027300000000000000e+04
9.942658000000000000e+06 7.930000000000000000e+02 7.640000000000000000e+02 8.220000000000000000e+02 5.320700000000000000e+04 4.061800000000000000e+04
9.942228000000000000e+06 8.020000000000000000e+02 7.900000000000000000e+02 8.110000000000000000e+02 5.361300000000000000e+04 4.096000000000000000e+04
9.941840000000000000e+06 7.640000000000000000e+02 8.020000000000000000e+02 8.150000000000000000e+02 5.402300000000000000e+04 4.131600000000000000e+04
9.941429000000000000e+06 8.080000000000000000e+02 7.790000000000000000e+02 7.640000000000000000e+02 5.446400000000000000e+04 4.162800000000000000e+04
9.941010000000000000e+06 8.130000000000000000e+02 7.860000000000000000e+02 7.530000000000000000e+02 5.488200000000000000e+04 4.199900000000000000e+04
9.940566000000000000e+06 8.560000000000000000e+02 7.850000000000000000e+02 7.600000000000000000e+02 5.527700000000000000e+04 4.234500000000000000e+04
9.940150000000000000e+06 8.560000000000000000e+02 8.110000000000000000e+02 7.570000000000000000e+02 5.567000000000000000e+04 4.267100000000000000e+04
9.939739000000000000e+06 8.660000000000000000e+02 8.030000000000000000e+02 7.460000000000000000e+02 5.609000000000000000e+04 4.300600000000000000e+04
9.939319000000000000e+06 8.560000000000000000e+02 7.800000000000000000e+02 8.010000000000000000e+02 5.648800000000000000e+04 4.334700000000000000e+04
9.938945000000000000e+06 8.070000000000000000e+02 8.080000000000000000e+02 8.290000000000000000e+02 5.685500000000000000e+04 4.371300000000000000e+04
9.938540000000000000e+06 8.040000000000000000e+02 8.150000000000000000e+02 8.160000000000000000e+02 5.726900000000000000e+04 4.405100000000000000e+04
9.938098000000000000e+06 8.500000000000000000e+02 8.160000000000000000e+02 7.780000000000000000e+02 5.770200000000000000e+04 4.441900000000000000e+04
9.937668000000000000e+06 8.550000000000000000e+02 8.370000000000000000e+02 7.690000000000000000e+02 5.811500000000000000e+04 4.474700000000000000e+04
9.937237000000000000e+06 8.290000000000000000e+02 9.020000000000000000e+02 7.580000000000000000e+02 5.851800000000000000e+04 4.510900000000000000e+04
9.936773000000000000e+06 8.940000000000000000e+02 8.730000000000000000e+02 7.550000000000000000e+02 5.894900000000000000e+04 4.546400000000000000e+04
9.936369000000000000e+06 8.360000000000000000e+02 8.720000000000000000e+02 8.190000000000000000e+02 5.934800000000000000e+04 4.580300000000000000e+04
9.935921000000000000e+06 8.740000000000000000e+02 8.620000000000000000e+02 7.950000000000000000e+02 5.979200000000000000e+04 4.613400000000000000e+04
9.935474000000000000e+06 9.170000000000000000e+02 8.610000000000000000e+02 7.930000000000000000e+02 6.019900000000000000e+04 4.647800000000000000e+04
9.935033000000000000e+06 9.050000000000000000e+02 8.730000000000000000e+02 8.000000000000000000e+02 6.063300000000000000e+04 4.680500000000000000e+04
9.934599000000000000e+06 9.060000000000000000e+02 8.550000000000000000e+02 8.050000000000000000e+02 6.107900000000000000e+04 4.715300000000000000e+04
9.934175000000000000e+06 8.780000000000000000e+02 8.650000000000000000e+02 8.090000000000000000e+02 6.151700000000000000e+04 4.748200000000000000e+04
9.933760000000000000e+06 8.310000000000000000e+02 8.950000000000000000e+02 8.380000000000000000e+02 6.192000000000000000e+04 4.785200000000000000e+04
9.933300000000000000e+06 8.300000000000000000e+02 9.510000000000000000e+02 8.120000000000000000e+02 6.235100000000000000e+04 4.820100000000000000e+04
9.932829000000000000e+06 8.570000000000000000e+02 9.220000000000000000e+02 8.220000000000000000e+02 6.281400000000000000e+04 4.854800000000000000e+04
9.932371000000000000e+06 8.880000000000000000e+02 8.790000000000000000e+02 8.410000000000000000e+02 6.326500000000000000e+04 4.886400000000000000e+04
9.931915000000000000e+06 8.970000000000000000e+02 8.860000000000000000e+02 8.590000000000000000e+02 6.368700000000000000e+04 4.922400000000000000e+04
9.931436000000000000e+06 9.280000000000000000e+02 8.930000000000000000e+02 8.360000000000000000e+02 6.415100000000000000e+04 4.960100000000000000e+04
9.930966000000000000e+06 9.270000000000000000e+02 8.900000000000000000e+02 8.680000000000000000e+02 6.459300000000000000e+04 4.997300000000000000e+04
9.930521000000000000e+06 9.030000000000000000e+02 8.880000000000000000e+02 8.880000000000000000e+02 6.504400000000000000e+04 5.031200000000000000e+04
9.930035000000000000e+06 9.270000000000000000e+02 9.130000000000000000e+02 8.970000000000000000e+02 6.547200000000000000e+04 5.065100000000000000e+04
9.929597000000000000e+06 9.190000000000000000e+02 9.170000000000000000e+02 8.910000000000000000e+02 6.592000000000000000e+04 5.100400000000000000e+04
9.929145000000000000e+06 9.120000000000000000e+02 9.020000000000000000e+02 8.860000000000000000e+02 6.639900000000000000e+04 5.134500000000000000e+04
9.928681000000000000e+06 9.480000000000000000e+02 8.800000000000000000e+02 8.640000000000000000e+02 6.687100000000000000e+04 5.169500000000000000e+04
9.928239000000000000e+06 9.380000000000000000e+02 8.730000000000000000e+02 8.470000000000000000e+02 6.734700000000000000e+04 5.203000000000000000e+04
9.927775000000000000e+06 9.160000000000000000e+02 8.920000000000000000e+02 8.610000000000000000e+02 6.780000000000000000e+04 5.239100000000000000e+04
9.927316000000000000e+06 9.190000000000000000e+02 9.030000000000000000e+02 8.340000000000000000e+02 6.827200000000000000e+04 5.274800000000000000e+04
9.926849000000000000e+06 9.240000000000000000e+02 9.040000000000000000e+02 8.680000000000000000e+02 6.869900000000000000e+04 5.310200000000000000e+04
9.926377000000000000e+06 9.240000000000000000e+02 9.300000000000000000e+02 8.700000000000000000e+02 6.914300000000000000e+04 5.347800000000000000e+04
9.925887000000000000e+06 9.580000000000000000e+02 9.270000000000000000e+02 8.640000000000000000e+02 6.960800000000000000e+04 5.384000000000000000e+04
9.925387000000000000e+06 9.950000000000000000e+02 9.100000000000000000e+02 8.800000000000000000e+02 7.007200000000000000e+04 5.417500000000000000e+04
9.924867000000000000e+06 1.013000000000000000e+03 9.300000000000000000e+02 9.210000000000000000e+02 7.051300000000000000e+04 5.449600000000000000e+04
9.924416000000000000e+06 9.860000000000000000e+02 9.620000000000000000e+02 9.300000000000000000e+02 7.095000000000000000e+04 5.482100000000000000e+04
9.923928000000000000e+06 9.780000000000000000e+02 9.700000000000000000e+02 9.480000000000000000e+02 7.142000000000000000e+04 5.518000000000000000e+04
9.923436000000000000e+06 9.920000000000000000e+02 1.021000000000000000e+03 9.220000000000000000e+02 7.187300000000000000e+04 5.553100000000000000e+04
9.922906000000000000e+06 1.019000000000000000e+03 1.042000000000000000e+03 9.040000000000000000e+02 7.237300000000000000e+04 5.587200000000000000e+04
9.922371000000000000e+06 1.051000000000000000e+03 1.037000000000000000e+03 9.100000000000000000e+02 7.287500000000000000e+04 5.620900000000000000e+04
9.921805000000000000e+06 1.094000000000000000e+03 1.006000000000000000e+03 9.520000000000000000e+02 7.338700000000000000e+04 5.656000000000000000e+04
9.921242000000000000e+06 1.136000000000000000e+03 1.000000000000000000e+03 9.850000000000000000e+02 7.388100000000000000e+04 5.691400000000000000e+04
9.920694000000000000e+06 1.135000000000000000e+03 1.021000000000000000e+03 1.012000000000000000e+03 7.438200000000000000e+04 5.723900000000000000e+04
9.920199000000000000e+06 1.065000000000000000e+03 1.074000000000000000e+03 1.014000000000000000e+03 7.489200000000000000e+04 5.758100000000000000e+04
9.919660000000000000e+06 1.066000000000000000e+03 1.086000000000000000e+03 1.021000000000000000e+03 7.541100000000000000e+04 5.795500000000000000e+04
9.919103000000000000e+06 1.096000000000000000e+03 1.101000000000000000e+03 1.021000000000000000e+03 7.592300000000000000e+04 5.831300000000000000e+04
9.918542000000000000e+06 1.108000000000000000e+03 1.117000000000000000e+03 1.005000000000000000e+03 7.647200000000000000e+04 5.868600000000000000e+04
9.917996000000000000e+06 1.113000000000000000e+03 1.094000000000000000e+03 1.015000000000000000e+03 7.702600000000000000e+04 5.905200000000000000e+04
9.917428000000000000e+06 1.120000000000000000e+03 1.077000000000000000e+03 1.039000000000000000e+03 7.758000000000000000e+04 5.942200000000000000e+04
9.916877000000000000e+06 1.125000000000000000e+03 1.020000000000000000e+03 1.085000000000000000e+03 7.813700000000000000e+04 5.977700000000000000e+04
9.916306000000000000e+06 1.151000000000000000e+03 1.050000000000000000e+03 1.077000000000000000e+03 7.866000000000000000e+04 6.012100000000000000e+04
9.915741000000000000e+06 1.151000000000000000e+03 1.063000000000000000e+03 1.076000000000000000e+03 7.921300000000000000e+04 6.047300000000000000e+04
9.915221000000000000e+06 1.107000000000000000e+03 1.036000000000000000e+03 1.102000000000000000e+03 7.977800000000000000e+04 6.087200000000000000e+04
9.914667000000000000e+06 1.084000000000000000e+03 1.058000000000000000e+03 1.118000000000000000e+03 8.031700000000000000e+04 6.123000000000000000e+04
9.914141000000000000e+06 1.066000000000000000e+03 1.089000000000000000e+03 1.096000000000000000e+03 8.085200000000000000e+04 6.159700000000000000e+04
9.913568000000000000e+06 1.088000000000000000e+03 1.086000000000000000e+03 1.109000000000000000e+03 8.139300000000000000e+04 6.197600000000000000e+04
9.912984000000000000e+06 1.095000000000000000e+03 1.107000000000000000e+03 1.113000000000000000e+03 8.194500000000000000e+04 6.235300000000000000e+04
9.912391000000000000e+06 1.114000000000000000e+03 1.152000000000000000e+03 1.080000000000000000e+03 8.250700000000000000e+04 6.272400000000000000e+04
9.911797000000000000e+06 1.128000000000000000e+03 1.176000000000000000e+03 1.059000000000000000e+03 8.308400000000000000e+04 6.307500000000000000e+04
9.911202000000000000e+06 1.143000000000000000e+03 1.183000000000000000e+03 1.076000000000000000e+03 8.364000000000000000e+04 6.345700000000000000e+04
9.910563000000000000e+06 1.196000000000000000e+03 1.193000000000000000e+03 1.078000000000000000e+03 8.421400000000000000e+04 6.383200000000000000e+04
9.909930000000000000e+06 1.216000000000000000e+03 1.202000000000000000e+03 1.108000000000000000e+03 8.478800000000000000e+04 6.422300000000000000e+04
9.909280000000000000e+06 1.197000000000000000e+03 1.250000000000000000e+03 1.146000000000000000e+03 8.537100000000000000e+04 6.460400000000000000e+04
9.908680000000000000e+06 1.215000000000000000e+03 1.252000000000000000e+03 1.151000000000000000e+03 8.594600000000000000e+04 6.496200000000000000e+04
9.908056000000000000e+06 1.240000000000000000e+03 1.205000000000000000e+03 1.179000000000000000e+03 8.656400000000000000e+04 6.530600000000000000e+04
9.907416000000000000e+06 1.251000000000000000e+03 1.225000000000000000e+03 1.173000000000000000e+03 8.717900000000000000e+04 6.567800000000000000e+04
9.906763000000000000e+06 1.285000000000000000e+03 1.198000000000000000e+03 1.167000000000000000e+03 8.783100000000000000e+04 6.604400000000000000e+04
9.906155000000000000e+06 1.242000000000000000e+03 1.196000000000000000e+03 1.219000000000000000e+03 8.843200000000000000e+04 6.640800000000000000e+04
9.905499000000000000e+06 1.271000000000000000e+03 1.211000000000000000e+03 1.211000000000000000e+03 8.905200000000000000e+04 6.678100000000000000e+04
9.904864000000000000e+06 1.259000000000000000e+03 1.229000000000000000e+03 1.208000000000000000e+03 8.968400000000000000e+04 6.717500000000000000e+04
9.904236000000000000e+06 1.267000000000000000e+03 1.259000000000000000e+03 1.170000000000000000e+03 9.031200000000000000e+04 6.757300000000000000e+04
9.903550000000000000e+06 1.350000000000000000e+03 1.263000000000000000e+03 1.179000000000000000e+03 9.090200000000000000e+04 6.795600000000000000e+04
9.902899000000000000e+06 1.371000000000000000e+03 1.248000000000000000e+03 1.211000000000000000e+03 9.151500000000000000e+04 6.833600000000000000e+04
9.902274000000000000e+06 1.331000000000000000e+03 1.238000000000000000e+03 1.270000000000000000e+03 9.213100000000000000e+04 6.870900000000000000e+04
9.901642000000000000e+06 1.320000000000000000e+03 1.238000000000000000e+03 1.305000000000000000e+03 9.273900000000000000e+04 6.911400000000000000e+04
9.901012000000000000e+06 1.280000000000000000e+03 1.293000000000000000e+03 1.273000000000000000e+03 9.338600000000000000e+04 6.950500000000000000e+04
9.900308000000000000e+06 1.311000000000000000e+03 1.312000000000000000e+03 1.278000000000000000e+03 9.403500000000000000e+04 6.988100000000000000e+04
9.899609000000000000e+06 1.367000000000000000e+03 1.344000000000000000e+03 1.254000000000000000e+03 9.467000000000000000e+04 7.026400000000000000e+04
9.898905000000000000e+06 1.410000000000000000e+03 1.338000000000000000e+03 1.272000000000000000e+03 9.531900000000000000e+04 7.064400000000000000e+04
9.898201000000000000e+06 1.397000000000000000e+03 1.344000000000000000e+03 1.297000000000000000e+03 9.600500000000000000e+04 7.101700000000000000e+04
9.897551000000000000e+06 1.361000000000000000e+03 1.364000000000000000e+03 1.319000000000000000e+03 9.664900000000000000e+04 7.139000000000000000e+04
9.896899000000000000e+06 1.332000000000000000e+03 1.395000000000000000e+03 1.315000000000000000e+03 9.730300000000000000e+04 7.174000000000000000e+04
9.896198000000000000e+06 1.354000000000000000e+03 1.392000000000000000e+03 1.302000000000000000e+03 9.799800000000000000e+04 7.213800000000000000e+04
9.895465000000000000e+06 1.418000000000000000e+03 1.360000000000000000e+03 1.280000000000000000e+03 9.872100000000000000e+04 7.251100000000000000e+04
9.894734000000000000e+06 1.453000000000000000e+03 1.376000000000000000e+03 1.290000000000000000e+03 9.939100000000000000e+04 7.292600000000000000e+04
9.894051000000000000e+06 1.420000000000000000e+03 1.350000000000000000e+03 1.359000000000000000e+03 1.000640000000000000e+05 7.329800000000000000e+04
9.893326000000000000e+06 1.457000000000000000e+03 1.339000000000000000e+03 1.401000000000000000e+03 1.007210000000000000e+05 7.368800000000000000e+04
9.892639000000000000e+06 1.449000000000000000e+03 1.332000000000000000e+03 1.389000000000000000e+03 1.014350000000000000e+05 7.408400000000000000e+04
9.891970000000000000e+06 1.411000000000000000e+03 1.358000000000000000e+03 1.410000000000000000e+03 1.020950000000000000e+05 7.443800000000000000e+04
9.891272000000000000e+06 1.411000000000000000e+03 1.369000000000000000e+03 1.395000000000000000e+03 1.027970000000000000e+05 7.484200000000000000e+04
9.890572000000000000e+06 1.420000000000000000e+03 1.345000000000000000e+03 1.388000000000000000e+03 1.035190000000000000e+05 7.523800000000000000e+04
9.889875000000000000e+06 1.408000000000000000e+03 1.383000000000000000e+03 1.405000000000000000e+03 1.041730000000000000e+05 7.561500000000000000e+04
9.889138000000000000e+06 1.447000000000000000e+03 1.390000000000000000e+03 1.388000000000000000e+03 1.048810000000000000e+05 7.600900000000000000e+04
9.888396000000000000e+06 1.515000000000000000e+03 1.392000000000000000e+03 1.361000000000000000e+03 1.055800000000000000e+05 7.638200000000000000e+04
9.887663000000000000e+06 1.505000000000000000e+03 1.442000000000000000e+03 1.332000000000000000e+03 1.063020000000000000e+05 7.676800000000000000e+04
9.886920000000000000e+06 1.474000000000000000e+03 1.474000000000000000e+03 1.388000000000000000e+03 1.069880000000000000e+05 7.711000000000000000e+04
9.886224000000000000e+06 1.450000000000000000e+03 1.499000000000000000e+03 1.378000000000000000e+03 1.076930000000000000e+05 7.749400000000000000e+04
9.885420000000000000e+06 1.479000000000000000e+03 1.539000000000000000e+03 1.400000000000000000e+03 1.084060000000000000e+05 7.786600000000000000e+04
9.884629000000000000e+06 1.540000000000000000e+03 1.506000000000000000e+03 1.407000000000000000e+03 1.091620000000000000e+05 7.825600000000000000e+04
9.883830000000000000e+06 1.552000000000000000e+03 1.540000000000000000e+03 1.418000000000000000e+03 1.099040000000000000e+05 7.865100000000000000e+04
9.883025000000000000e+06 1.596000000000000000e+03 1.576000000000000000e+03 1.452000000000000000e+03 1.105950000000000000e+05 7.904800000000000000e+04
9.882229000000000000e+06 1.612000000000000000e+03 1.541000000000000000e+03 1.490000000000000000e+03 1.113720000000000000e+05 7.945100000000000000e+04
9.881399000000000000e+06 1.650000000000000000e+03 1.524000000000000000e+03 1.507000000000000000e+03 1.121640000000000000e+05 7.981900000000000000e+04
9.880616000000000000e+06 1.638000000000000000e+03 1.575000000000000000e+03 1.523000000000000000e+03 1.128920000000000000e+05 8.020900000000000000e+04
9.879773000000000000e+06 1.632000000000000000e+03 1.594000000000000000e+03 1.531000000000000000e+03 1.137140000000000000e+05 8.057800000000000000e+04
9.878904000000000000e+06 1.715000000000000000e+03 1.611000000000000000e+03 1.535000000000000000e+03 1.144790000000000000e+05 8.095900000000000000e+04
9.878043000000000000e+06 1.712000000000000000e+03 1.649000000000000000e+03 1.558000000000000000e+03 1.152820000000000000e+05 8.138800000000000000e+04
9.877218000000000000e+06 1.685000000000000000e+03 1.665000000000000000e+03 1.560000000000000000e+03 1.161160000000000000e+05 8.179900000000000000e+04
9.876305000000000000e+06 1.776000000000000000e+03 1.703000000000000000e+03 1.560000000000000000e+03 1.169000000000000000e+05 8.222400000000000000e+04
9.875447000000000000e+06 1.733000000000000000e+03 1.734000000000000000e+03 1.596000000000000000e+03 1.177340000000000000e+05 8.261800000000000000e+04
9.874504000000000000e+06 1.823000000000000000e+03 1.738000000000000000e+03 1.642000000000000000e+03 1.185370000000000000e+05 8.299400000000000000e+04
9.873652000000000000e+06 1.751000000000000000e+03 1.753000000000000000e+03 1.726000000000000000e+03 1.193620000000000000e+05 8.340800000000000000e+04
9.872730000000000000e+06 1.822000000000000000e+03 1.745000000000000000e+03 1.684000000000000000e+03 1.202630000000000000e+05 8.379300000000000000e+04
9.871794000000000000e+06 1.872000000000000000e+03 1.779000000000000000e+03 1.700000000000000000e+03 1.210990000000000000e+05 8.420600000000000000e+04
9.870829000000000000e+06 1.867000000000000000e+03 1.840000000000000000e+03 1.769000000000000000e+03 1.219390000000000000e+05 8.461000000000000000e+04
9.869915000000000000e+06 1.879000000000000000e+03 1.839000000000000000e+03 1.776000000000000000e+03 1.228350000000000000e+05 8.503600000000000000e+04
9.868970000000000000e+06 1.875000000000000000e+03 1.844000000000000000e+03 1.824000000000000000e+03 1.237310000000000000e+05 8.543200000000000000e+04
9.867978000000000000e+06 1.923000000000000000e+03 1.860000000000000000e+03 1.849000000000000000e+03 1.246340000000000000e+05 8.582700000000000000e+04
9.867049000000000000e+06 1.904000000000000000e+03 1.873000000000000000e+03 1.853000000000000000e+03 1.255650000000000000e+05 8.623700000000000000e+04
9.866089000000000000e+06 1.948000000000000000e+03 1.843000000000000000e+03 1.830000000000000000e+03 1.265340000000000000e+05 8.664700000000000000e+04
9.865166000000000000e+06 1.931000000000000000e+03 1.891000000000000000e+03 1.793000000000000000e+03 1.274630000000000000e+05 8.704700000000000000e+04
9.864197000000000000e+06 1.958000000000000000e+03 1.865000000000000000e+03 1.792000000000000000e+03 1.284320000000000000e+05 8.744800000000000000e+04
9.863217000000000000e+06 1.979000000000000000e+03 1.880000000000000000e+03 1.813000000000000000e+03 1.293550000000000000e+05 8.787600000000000000e+04
9.862277000000000000e+06 1.943000000000000000e+03 1.924000000000000000e+03 1.868000000000000000e+03 1.302320000000000000e+05 8.828800000000000000e+04
9.861345000000000000e+06 1.917000000000000000e+03 1.958000000000000000e+03 1.922000000000000000e+03 1.311020000000000000e+05 8.869100000000000000e+04
9.860353000000000000e+06 1.951000000000000000e+03 1.927000000000000000e+03 1.911000000000000000e+03 1.321020000000000000e+05 8.909900000000000000e+04
9.859377000000000000e+06 1.966000000000000000e+03 1.937000000000000000e+03 1.874000000000000000e+03 1.330900000000000000e+05 8.951800000000000000e+04
9.858400000000000000e+06 1.990000000000000000e+03 1.922000000000000000e+03 1.848000000000000000e+03 1.340840000000000000e+05 8.990500000000000000e+04
9.857379000000000000e+06 1.947000000000000000e+03 1.997000000000000000e+03 1.890000000000000000e+03 1.350310000000000000e+05 9.031100000000000000e+04
9.856395000000000000e+06 1.959000000000000000e+03 1.996000000000000000e+03 1.889000000000000000e+03 1.360050000000000000e+05 9.073700000000000000e+04
9.855329000000000000e+06 2.051000000000000000e+03 2.012000000000000000e+03 1.904000000000000000e+03 1.369480000000000000e+05 9.113900000000000000e+04
9.854272000000000000e+06 2.096000000000000000e+03 2.026000000000000000e+03 1.909000000000000000e+03 1.379410000000000000e+05 9.155100000000000000e+04
9.853251000000000000e+06 2.089000000000000000e+03 2.019000000000000000e+03 1.960000000000000000e+03 1.389250000000000000e+05 9.191700000000000000e+04
9.852226000000000000e+06 2.067000000000000000e+03 2.037000000000000000e+03 2.061000000000000000e+03 1.398530000000000000e+05 9.234600000000000000e+04
9.851191000000000000e+06 2.051000000000000000e+03 2.044000000000000000e+03 2.076000000000000000e+03 1.408820000000000000e+05 9.276700000000000000e+04
9.850139000000000000e+06 2.101000000000000000e+03 2.026000000000000000e+03 2.076000000000000000e+03 1.419020000000000000e+05 9.319100000000000000e+04
9.849094000000000000e+06 2.137000000000000000e+03 2.022000000000000000e+03 1.996000000000000000e+03 1.429950000000000000e+05 9.359900000000000000e+04
9.848044000000000000e+06 2.161000000000000000e+03 2.033000000000000000e+03 1.989000000000000000e+03 1.440170000000000000e+05 9.400700000000000000e+04
9.846981000000000000e+06 2.153000000000000000e+03 2.044000000000000000e+03 2.003000000000000000e+03 1.450630000000000000e+05 9.443000000000000000e+04
9.845936000000000000e+06 2.121000000000000000e+03 2.060000000000000000e+03 2.059000000000000000e+03 1.460680000000000000e+05 9.486100000000000000e+04
9.844876000000000000e+06 2.146000000000000000e+03 2.075000000000000000e+03 2.020000000000000000e+03 1.471270000000000000e+05 9.527000000000000000e+04
9.843808000000000000e+06 2.175000000000000000e+03 2.090000000000000000e+03 2.008000000000000000e+03 1.481630000000000000e+05 9.569700000000000000e+04
9.842702000000000000e+06 2.180000000000000000e+03 2.085000000000000000e+03 2.092000000000000000e+03 1.491850000000000000e+05 9.612900000000000000e+04
9.841667000000000000e+06 2.138000000000000000e+03 2.108000000000000000e+03 2.126000000000000000e+03 1.502050000000000000e+05 9.653400000000000000e+04
9.840590000000000000e+06 2.200000000000000000e+03 2.086000000000000000e+03 2.058000000000000000e+03 1.513100000000000000e+05 9.696700000000000000e+04
9.839555000000000000e+06 2.139000000000000000e+03 2.138000000000000000e+03 2.048000000000000000e+03 1.523640000000000000e+05 9.740500000000000000e+04
9.838427000000000000e+06 2.192000000000000000e+03 2.118000000000000000e+03 2.074000000000000000e+03 1.534330000000000000e+05 9.783200000000000000e+04
9.837317000000000000e+06 2.195000000000000000e+03 2.143000000000000000e+03 2.108000000000000000e+03 1.544810000000000000e+05 9.826900000000000000e+04
9.836200000000000000e+06 2.203000000000000000e+03 2.171000000000000000e+03 2.131000000000000000e+03 1.555390000000000000e+05 9.870200000000000000e+04
9.835077000000000000e+06 2.233000000000000000e+03 2.166000000000000000e+03 2.153000000000000000e+03 1.566150000000000000e+05 9.914300000000000000e+04
9.833992000000000000e+06 2.143000000000000000e+03 2.215000000000000000e+03 2.195000000000000000e+03 1.576990000000000000e+05 9.958000000000000000e+04
9.832869000000000000e+06 2.213000000000000000e+03 2.184000000000000000e+03 2.203000000000000000e+03 1.587750000000000000e+05 9.998700000000000000e+04
9.831729000000000000e+06 2.288000000000000000e+03 2.128000000000000000e+03 2.201000000000000000e+03 1.598980000000000000e+05 1.004250000000000000e+05
9.830696000000000000e+06 2.206000000000000000e+03 2.123000000000000000e+03 2.174000000000000000e+03 1.610450000000000000e+05 1.008480000000000000e+05
9.829598000000000000e+06 2.194000000000000000e+03 2.147000000000000000e+03 2.216000000000000000e+03 1.620890000000000000e+05 1.013090000000000000e+05
9.828522000000000000e+06 2.193000000000000000e+03 2.138000000000000000e+03 2.201000000000000000e+03 1.631900000000000000e+05 1.017210000000000000e+05
9.827460000000000000e+06 2.185000000000000000e+03 2.157000000000000000e+03 2.194000000000000000e+03 1.642480000000000000e+05 1.021660000000000000e+05
9.826319000000000000e+06 2.211000000000000000e+03 2.151000000000000000e+03 2.211000000000000000e+03 1.653520000000000000e+05 1.025880000000000000e+05
9.825261000000000000e+06 2.217000000000000000e+03 2.140000000000000000e+03 2.153000000000000000e+03 1.664730000000000000e+05 1.030280000000000000e+05
9.824132000000000000e+06 2.272000000000000000e+03 2.142000000000000000e+03 2.131000000000000000e+03 1.675670000000000000e+05 1.034610000000000000e+05
9.822998000000000000e+06 2.286000000000000000e+03 2.137000000000000000e+03 2.152000000000000000e+03 1.686710000000000000e+05 1.039050000000000000e+05
9.821873000000000000e+06 2.246000000000000000e+03 2.141000000000000000e+03 2.201000000000000000e+03 1.697830000000000000e+05 1.043560000000000000e+05
9.820762000000000000e+06 2.278000000000000000e+03 2.161000000000000000e+03 2.203000000000000000e+03 1.708400000000000000e+05 1.047640000000000000e+05
9.819600000000000000e+06 2.290000000000000000e+03 2.218000000000000000e+03 2.247000000000000000e+03 1.718890000000000000e+05 1.051420000000000000e+05
9.818477000000000000e+06 2.248000000000000000e+03 2.261000000000000000e+03 2.253000000000000000e+03 1.730050000000000000e+05 1.055760000000000000e+05
9.817336000000000000e+06 2.283000000000000000e+03 2.266000000000000000e+03 2.262000000000000000e+03 1.740970000000000000e+05 1.060240000000000000e+05
9.816109000000000000e+06 2.306000000000000000e+03 2.299000000000000000e+03 2.281000000000000000e+03 1.752490000000000000e+05 1.064630000000000000e+05
9.814932000000000000e+06 2.330000000000000000e+03 2.346000000000000000e+03 2.252000000000000000e+03 1.763840000000000000e+05 1.068800000000000000e+05
9.813710000000000000e+06 2.395000000000000000e+03 2.294000000000000000e+03 2.290000000000000000e+03 1.775550000000000000e+05 1.073180000000000000e+05
9.812531000000000000e+06 2.360000000000000000e+03 2.373000000000000000e+03 2.292000000000000000e+03 1.786880000000000000e+05 1.077660000000000000e+05
9.811279000000000000e+06 2.472000000000000000e+03 2.336000000000000000e+03 2.323000000000000000e+03 1.798340000000000000e+05 1.081980000000000000e+05
9.810123000000000000e+06 2.415000000000000000e+03 2.349000000000000000e+03 2.372000000000000000e+03 1.809850000000000000e+05 1.086440000000000000e+05
9.808887000000000000e+06 2.464000000000000000e+03 2.342000000000000000e+03 2.368000000000000000e+03 1.821830000000000000e+05 1.090860000000000000e+05
9.807655000000000000e+06 2.460000000000000000e+03 2.394000000000000000e+03 2.434000000000000000e+03 1.833010000000000000e+05 1.095470000000000000e+05
9.806429000000000000e+06 2.538000000000000000e+03 2.364000000000000000e+03 2.412000000000000000e+03 1.845010000000000000e+05 1.099820000000000000e+05
9.805290000000000000e+06 2.462000000000000000e+03 2.366000000000000000e+03 2.430000000000000000e+03 1.856960000000000000e+05 1.104610000000000000e+05
9.804132000000000000e+06 2.396000000000000000e+03 2.456000000000000000e+03 2.401000000000000000e+03 1.868590000000000000e+05 1.109000000000000000e+05
9.802903000000000000e+06 2.386000000000000000e+03 2.434000000000000000e+03 2.450000000000000000e+03 1.880710000000000000e+05 1.113440000000000000e+05
9.801659000000000000e+06 2.405000000000000000e+03 2.405000000000000000e+03 2.479000000000000000e+03 1.892960000000000000e+05 1.117900000000000000e+05
9.800420000000000000e+06 2.436000000000000000e+03 2.446000000000000000e+03 2.424000000000000000e+03 1.905180000000000000e+05 1.122080000000000000e+05
9.799204000000000000e+06 2.480000000000000000e+03 2.449000000000000000e+03 2.361000000000000000e+03 1.917500000000000000e+05 1.126730000000000000e+05
9.797945000000000000e+06 2.565000000000000000e+03 2.416000000000000000e+03 2.334000000000000000e+03 1.929840000000000000e+05 1.131190000000000000e+05
9.796753000000000000e+06 2.500000000000000000e+03 2.484000000000000000e+03 2.332000000000000000e+03 1.941750000000000000e+05 1.135850000000000000e+05
9.795515000000000000e+06 2.491000000000000000e+03 2.490000000000000000e+03 2.384000000000000000e+03 1.953640000000000000e+05 1.140170000000000000e+05
9.794217000000000000e+06 2.506000000000000000e+03 2.493000000000000000e+03 2.397000000000000000e+03 1.966310000000000000e+05 1.144720000000000000e+05
9.792910000000000000e+06 2.542000000000000000e+03 2.491000000000000000e+03 2.411000000000000000e+03 1.978900000000000000e+05 1.149140000000000000e+05
9.791631000000000000e+06 2.552000000000000000e+03 2.476000000000000000e+03 2.481000000000000000e+03 1.991040000000000000e+05 1.153420000000000000e+05
9.790442000000000000e+06 2.491000000000000000e+03 2.540000000000000000e+03 2.481000000000000000e+03 2.002900000000000000e+05 1.157760000000000000e+05
9.789186000000000000e+06 2.511000000000000000e+03 2.513000000000000000e+03 2.538000000000000000e+03 2.014960000000000000e+05 1.162170000000000000e+05
9.787942000000000000e+06 2.510000000000000000e+03 2.502000000000000000e+03 2.545000000000000000e+03 2.027450000000000000e+05 1.166790000000000000e+05
9.786626000000000000e+06 2.554000000000000000e+03 2.509000000000000000e+03 2.534000000000000000e+03 2.040210000000000000e+05 1.171390000000000000e+05
9.785325000000000000e+06 2.603000000000000000e+03 2.486000000000000000e+03 2.509000000000000000e+03 2.053210000000000000e+05 1.175630000000000000e+05
9.784016000000000000e+06 2.596000000000000000e+03 2.528000000000000000e+03 2.527000000000000000e+03 2.065770000000000000e+05 1.180370000000000000e+05
9.782764000000000000e+06 2.582000000000000000e+03 2.504000000000000000e+03 2.474000000000000000e+03 2.079200000000000000e+05 1.184990000000000000e+05
9.781475000000000000e+06 2.575000000000000000e+03 2.517000000000000000e+03 2.517000000000000000e+03 2.091600000000000000e+05 1.189500000000000000e+05
9.780144000000000000e+06 2.637000000000000000e+03 2.538000000000000000e+03 2.534000000000000000e+03 2.103910000000000000e+05 1.194180000000000000e+05
9.778847000000000000e+06 2.589000000000000000e+03 2.622000000000000000e+03 2.592000000000000000e+03 2.115940000000000000e+05 1.198480000000000000e+05
9.777479000000000000e+06 2.639000000000000000e+03 2.675000000000000000e+03 2.546000000000000000e+03 2.129050000000000000e+05 1.203200000000000000e+05
9.776024000000000000e+06 2.773000000000000000e+03 2.710000000000000000e+03 2.532000000000000000e+03 2.142050000000000000e+05 1.207850000000000000e+05
9.774662000000000000e+06 2.799000000000000000e+03 2.699000000000000000e+03 2.588000000000000000e+03 2.154960000000000000e+05 1.212140000000000000e+05
9.773241000000000000e+06 2.818000000000000000e+03 2.780000000000000000e+03 2.618000000000000000e+03 2.167870000000000000e+05 1.216920000000000000e+05
9.771849000000000000e+06 2.811000000000000000e+03 2.802000000000000000e+03 2.635000000000000000e+03 2.181470000000000000e+05 1.221540000000000000e+05
9.770362000000000000e+06 2.926000000000000000e+03 2.774000000000000000e+03 2.654000000000000000e+03 2.195280000000000000e+05 1.226140000000000000e+05
9.768968000000000000e+06 2.875000000000000000e+03 2.820000000000000000e+03 2.691000000000000000e+03 2.208900000000000000e+05 1.230760000000000000e+05
9.767526000000000000e+06 2.892000000000000000e+03 2.809000000000000000e+03 2.765000000000000000e+03 2.222520000000000000e+05 1.235490000000000000e+05
9.766098000000000000e+06 2.918000000000000000e+03 2.821000000000000000e+03 2.802000000000000000e+03 2.236050000000000000e+05 1.240010000000000000e+05
9.764648000000000000e+06 2.962000000000000000e+03 2.806000000000000000e+03 2.854000000000000000e+03 2.249740000000000000e+05 1.244690000000000000e+05
9.763240000000000000e+06 2.923000000000000000e+03 2.843000000000000000e+03 2.864000000000000000e+03 2.263740000000000000e+05 1.249380000000000000e+05
9.761824000000000000e+06 2.896000000000000000e+03 2.881000000000000000e+03 2.864000000000000000e+03 2.277790000000000000e+05 1.253970000000000000e+05
9.760330000000000000e+06 2.953000000000000000e+03 2.867000000000000000e+03 2.863000000000000000e+03 2.292310000000000000e+05 1.258530000000000000e+05
9.758852000000000000e+06 2.999000000000000000e+03 2.829000000000000000e+03 2.869000000000000000e+03 2.306950000000000000e+05 1.262910000000000000e+05
9.757408000000000000e+06 2.948000000000000000e+03 2.893000000000000000e+03 2.942000000000000000e+03 2.320530000000000000e+05 1.267540000000000000e+05
9.755957000000000000e+06 2.965000000000000000e+03 2.859000000000000000e+03 3.002000000000000000e+03 2.334610000000000000e+05 1.271950000000000000e+05
9.754482000000000000e+06 2.972000000000000000e+03 2.889000000000000000e+03 2.955000000000000000e+03 2.349460000000000000e+05 1.276660000000000000e+05
9.752959000000000000e+06 3.033000000000000000e+03 2.909000000000000000e+03 2.947000000000000000e+03 2.363960000000000000e+05 1.281460000000000000e+05
9.751399000000000000e+06 3.013000000000000000e+03 2.996000000000000000e+03 2.980000000000000000e+03 2.378560000000000000e+05 1.286060000000000000e+05
9.749863000000000000e+06 3.086000000000000000e+03 3.000000000000000000e+03 2.891000000000000000e+03 2.394040000000000000e+05 1.290650000000000000e+05
9.748282000000000000e+06 3.123000000000000000e+03 3.053000000000000000e+03 2.940000000000000000e+03 2.408460000000000000e+05 1.295060000000000000e+05
9.746704000000000000e+06 3.144000000000000000e+03 3.035000000000000000e+03 3.002000000000000000e+03 2.423590000000000000e+05 1.299410000000000000e+05
9.745097000000000000e+06 3.172000000000000000e+03 3.081000000000000000e+03 3.048000000000000000e+03 2.438460000000000000e+05 1.303930000000000000e+05
9.743477000000000000e+06 3.184000000000000000e+03 3.164000000000000000e+03 3.095000000000000000e+03 2.453240000000000000e+05 1.308410000000000000e+05
9.741877000000000000e+06 3.202000000000000000e+03 3.186000000000000000e+03 3.094000000000000000e+03 2.468850000000000000e+05 1.312990000000000000e+05
9.740260000000000000e+06 3.159000000000000000e+03 3.186000000000000000e+03 3.211000000000000000e+03 2.484280000000000000e+05 1.317780000000000000e+05
9.738689000000000000e+06 3.187000000000000000e+03 3.221000000000000000e+03 3.189000000000000000e+03 2.499580000000000000e+05 1.322600000000000000e+05
9.737036000000000000e+06 3.193000000000000000e+03 3.294000000000000000e+03 3.174000000000000000e+03 2.515470000000000000e+05 1.327190000000000000e+05
9.735312000000000000e+06 3.321000000000000000e+03 3.284000000000000000e+03 3.195000000000000000e+03 2.531320000000000000e+05 1.331550000000000000e+05
9.733614000000000000e+06 3.434000000000000000e+03 3.289000000000000000e+03 3.199000000000000000e+03 2.547080000000000000e+05 1.336270000000000000e+05
9.731913000000000000e+06 3.388000000000000000e+03 3.387000000000000000e+03 3.272000000000000000e+03 2.562840000000000000e+05 1.340790000000000000e+05
9.730205000000000000e+06 3.425000000000000000e+03 3.338000000000000000e+03 3.332000000000000000e+03 2.579440000000000000e+05 1.345610000000000000e+05
9.728503000000000000e+06 3.432000000000000000e+03 3.367000000000000000e+03 3.372000000000000000e+03 2.595700000000000000e+05 1.350420000000000000e+05
9.726759000000000000e+06 3.450000000000000000e+03 3.403000000000000000e+03 3.364000000000000000e+03 2.612680000000000000e+05 1.355070000000000000e+05
9.724966000000000000e+06 3.496000000000000000e+03 3.424000000000000000e+03 3.406000000000000000e+03 2.629520000000000000e+05 1.359620000000000000e+05
9.723251000000000000e+06 3.485000000000000000e+03 3.414000000000000000e+03 3.425000000000000000e+03 2.646690000000000000e+05 1.364470000000000000e+05
9.721406000000000000e+06 3.535000000000000000e+03 3.509000000000000000e+03 3.428000000000000000e+03 2.663660000000000000e+05 1.368980000000000000e+05
9.719597000000000000e+06 3.613000000000000000e+03 3.492000000000000000e+03 3.448000000000000000e+03 2.680940000000000000e+05 1.373710000000000000e+05
9.717773000000000000e+06 3.670000000000000000e+03 3.500000000000000000e+03 3.437000000000000000e+03 2.698640000000000000e+05 1.378540000000000000e+05
9.715908000000000000e+06 3.731000000000000000e+03 3.518000000000000000e+03 3.491000000000000000e+03 2.715960000000000000e+05 1.383560000000000000e+05
9.714018000000000000e+06 3.742000000000000000e+03 3.630000000000000000e+03 3.521000000000000000e+03 2.733330000000000000e+05 1.388400000000000000e+05
9.712192000000000000e+06 3.710000000000000000e+03 3.689000000000000000e+03 3.533000000000000000e+03 2.751200000000000000e+05 1.393300000000000000e+05
9.710247000000000000e+06 3.777000000000000000e+03 3.725000000000000000e+03 3.581000000000000000e+03 2.769140000000000000e+05 1.398130000000000000e+05
9.708395000000000000e+06 3.787000000000000000e+03 3.717000000000000000e+03 3.584000000000000000e+03 2.787610000000000000e+05 1.402870000000000000e+05
9.706439000000000000e+06 3.840000000000000000e+03 3.773000000000000000e+03 3.621000000000000000e+03 2.805710000000000000e+05 1.407450000000000000e+05
9.704469000000000000e+06 3.922000000000000000e+03 3.831000000000000000e+03 3.619000000000000000e+03 2.824030000000000000e+05 1.412010000000000000e+05
9.702511000000000000e+06 3.878000000000000000e+03 3.908000000000000000e+03 3.730000000000000000e+03 2.842170000000000000e+05 1.417150000000000000e+05
9.700573000000000000e+06 3.911000000000000000e+03 3.889000000000000000e+03 3.759000000000000000e+03 2.861120000000000000e+05 1.421980000000000000e+05
9.698549000000000000e+06 4.030000000000000000e+03 3.910000000000000000e+03 3.816000000000000000e+03 2.879390000000000000e+05 1.426980000000000000e+05
9.696621000000000000e+06 3.990000000000000000e+03 3.896000000000000000e+03 3.804000000000000000e+03 2.899330000000000000e+05 1.431720000000000000e+05
9.694687000000000000e+06 3.995000000000000000e+03 3.914000000000000000e+03 3.805000000000000000e+03 2.918430000000000000e+05 1.436480000000000000e+05
9.692708000000000000e+06 3.977000000000000000e+03 3.921000000000000000e+03 3.846000000000000000e+03 2.937920000000000000e+05 1.441160000000000000e+05
9.690712000000000000e+06 4.011000000000000000e+03 3.918000000000000000e+03 3.877000000000000000e+03 2.957260000000000000e+05 1.446060000000000000e+05
9.688805000000000000e+06 3.997000000000000000e+03 3.973000000000000000e+03 3.790000000000000000e+03 2.976790000000000000e+05 1.450850000000000000e+05
9.686777000000000000e+06 4.037000000000000000e+03 3.953000000000000000e+03 3.835000000000000000e+03 2.996420000000000000e+05 1.455770000000000000e+05
9.684710000000000000e+06 4.058000000000000000e+03 4.035000000000000000e+03 3.893000000000000000e+03 3.015480000000000000e+05 1.460550000000000000e+05
9.682679000000000000e+06 4.117000000000000000e+03 4.062000000000000000e+03 3.901000000000000000e+03 3.034850000000000000e+05 1.465130000000000000e+05
9.680639000000000000e+06 4.053000000000000000e+03 4.109000000000000000e+03 3.973000000000000000e+03 3.054700000000000000e+05 1.470230000000000000e+05
9.678481000000000000e+06 4.181000000000000000e+03 4.106000000000000000e+03 4.047000000000000000e+03 3.074290000000000000e+05 1.474990000000000000e+05
9.676386000000000000e+06 4.190000000000000000e+03 4.134000000000000000e+03 3.972000000000000000e+03 3.095620000000000000e+05 1.480210000000000000e+05
9.674266000000000000e+06 4.247000000000000000e+03 4.107000000000000000e+03 4.060000000000000000e+03 3.115640000000000000e+05 1.485180000000000000e+05
9.672212000000000000e+06 4.187000000000000000e+03 4.145000000000000000e+03 4.036000000000000000e+03 3.136640000000000000e+05 1.490010000000000000e+05
9.670093000000000000e+06 4.236000000000000000e+03 4.167000000000000000e+03 4.108000000000000000e+03 3.156400000000000000e+05 1.494860000000000000e+05
9.667976000000000000e+06 4.285000000000000000e+03 4.155000000000000000e+03 4.086000000000000000e+03 3.177420000000000000e+05 1.499910000000000000e+05
9.665855000000000000e+06 4.207000000000000000e+03 4.185000000000000000e+03 4.154000000000000000e+03 3.198430000000000000e+05 1.504840000000000000e+05
9.663743000000000000e+06 4.207000000000000000e+03 4.201000000000000000e+03 4.226000000000000000e+03 3.218670000000000000e+05 1.509550000000000000e+05
9.661721000000000000e+06 4.183000000000000000e+03 4.181000000000000000e+03 4.177000000000000000e+03 3.239820000000000000e+05 1.514590000000000000e+05
9.659624000000000000e+06 4.190000000000000000e+03 4.144000000000000000e+03 4.146000000000000000e+03 3.261400000000000000e+05 1.519340000000000000e+05
9.657567000000000000e+06 4.199000000000000000e+03 4.150000000000000000e+03 4.141000000000000000e+03 3.281870000000000000e+05 1.524490000000000000e+05
9.655365000000000000e+06 4.344000000000000000e+03 4.104000000000000000e+03 4.136000000000000000e+03 3.302950000000000000e+05 1.529680000000000000e+05
9.653257000000000000e+06 4.378000000000000000e+03 4.100000000000000000e+03 4.149000000000000000e+03 3.323600000000000000e+05 1.534550000000000000e+05
9.651204000000000000e+06 4.247000000000000000e+03 4.156000000000000000e+03 4.262000000000000000e+03 3.343750000000000000e+05 1.539140000000000000e+05
9.649104000000000000e+06 4.201000000000000000e+03 4.158000000000000000e+03 4.283000000000000000e+03 3.364980000000000000e+05 1.544210000000000000e+05
9.646995000000000000e+06 4.213000000000000000e+03 4.205000000000000000e+03 4.292000000000000000e+03 3.385390000000000000e+05 1.549310000000000000e+05
9.644905000000000000e+06 4.224000000000000000e+03 4.169000000000000000e+03 4.290000000000000000e+03 3.406560000000000000e+05 1.554030000000000000e+05
9.642787000000000000e+06 4.260000000000000000e+03 4.141000000000000000e+03 4.204000000000000000e+03 3.428520000000000000e+05 1.559270000000000000e+05
9.640646000000000000e+06 4.327000000000000000e+03 4.131000000000000000e+03 4.129000000000000000e+03 3.450110000000000000e+05 1.564190000000000000e+05
9.638613000000000000e+06 4.217000000000000000e+03 4.149000000000000000e+03 4.094000000000000000e+03 3.471710000000000000e+05 1.569270000000000000e+05
9.636452000000000000e+06 4.232000000000000000e+03 4.259000000000000000e+03 4.086000000000000000e+03 3.492150000000000000e+05 1.574380000000000000e+05
9.634314000000000000e+06 4.248000000000000000e+03 4.278000000000000000e+03 4.136000000000000000e+03 3.512680000000000000e+05 1.579610000000000000e+05
9.632208000000000000e+06 4.298000000000000000e+03 4.292000000000000000e+03 4.133000000000000000e+03 3.533130000000000000e+05 1.584600000000000000e+05
9.629989000000000000e+06 4.344000000000000000e+03 4.293000000000000000e+03 4.216000000000000000e+03 3.554020000000000000e+05 1.589540000000000000e+05
9.627824000000000000e+06 4.436000000000000000e+03 4.282000000000000000e+03 4.211000000000000000e+03 3.574910000000000000e+05 1.594510000000000000e+05
9.625627000000000000e+06 4.411000000000000000e+03 4.354000000000000000e+03 4.245000000000000000e+03 3.596070000000000000e+05 1.599550000000000000e+05
9.623532000000000000e+06 4.340000000000000000e+03 4.278000000000000000e+03 4.286000000000000000e+03 3.618080000000000000e+05 1.604730000000000000e+05
9.621415000000000000e+06 4.314000000000000000e+03 4.244000000000000000e+03 4.315000000000000000e+03 3.639560000000000000e+05 1.609840000000000000e+05
9.619267000000000000e+06 4.372000000000000000e+03 4.313000000000000000e+03 4.170000000000000000e+03 3.661220000000000000e+05 1.614940000000000000e+05
9.617097000000000000e+06 4.341000000000000000e+03 4.303000000000000000e+03 4.215000000000000000e+03 3.682880000000000000e+05 1.619960000000000000e+05
9.614946000000000000e+06 4.388000000000000000e+03 4.303000000000000000e+03 4.168000000000000000e+03 3.704390000000000000e+05 1.624900000000000000e+05
9.612791000000000000e+06 4.373000000000000000e+03 4.287000000000000000e+03 4.219000000000000000e+03 3.725740000000000000e+05 1.629910000000000000e+05
9.610742000000000000e+06 4.203000000000000000e+03 4.323000000000000000e+03 4.269000000000000000e+03 3.747070000000000000e+05 1.635140000000000000e+05
9.608547000000000000e+06 4.304000000000000000e+03 4.304000000000000000e+03 4.291000000000000000e+03 3.767980000000000000e+05 1.640230000000000000e+05
9.606330000000000000e+06 4.459000000000000000e+03 4.221000000000000000e+03 4.243000000000000000e+03 3.789910000000000000e+05 1.645620000000000000e+05
9.604213000000000000e+06 4.363000000000000000e+03 4.281000000000000000e+03 4.225000000000000000e+03 3.811620000000000000e+05 1.650710000000000000e+05
9.602071000000000000e+06 4.335000000000000000e+03 4.252000000000000000e+03 4.284000000000000000e+03 3.833020000000000000e+05 1.655940000000000000e+05
9.599926000000000000e+06 4.330000000000000000e+03 4.239000000000000000e+03 4.301000000000000000e+03 3.854480000000000000e+05 1.660850000000000000e+05
9.597805000000000000e+06 4.260000000000000000e+03 4.242000000000000000e+03 4.338000000000000000e+03 3.875990000000000000e+05 1.665990000000000000e+05
9.595637000000000000e+06 4.228000000000000000e+03 4.258000000000000000e+03 4.379000000000000000e+03 3.897420000000000000e+05 1.671340000000000000e+05
9.593473000000000000e+06 4.231000000000000000e+03 4.245000000000000000e+03 4.388000000000000000e+03 3.919070000000000000e+05 1.676470000000000000e+05
9.591361000000000000e+06 4.302000000000000000e+03 4.220000000000000000e+03 4.257000000000000000e+03 3.941040000000000000e+05 1.681860000000000000e+05
9.589228000000000000e+06 4.287000000000000000e+03 4.249000000000000000e+03 4.270000000000000000e+03 3.962100000000000000e+05 1.687230000000000000e+05
9.587071000000000000e+06 4.287000000000000000e+03 4.284000000000000000e+03 4.233000000000000000e+03 3.983690000000000000e+05 1.692390000000000000e+05
9.584922000000000000e+06 4.348000000000000000e+03 4.277000000000000000e+03 4.209000000000000000e+03 4.004880000000000000e+05 1.697570000000000000e+05
9.582753000000000000e+06 4.374000000000000000e+03 4.302000000000000000e+03 4.179000000000000000e+03 4.026360000000000000e+05 1.702520000000000000e+05
9.580638000000000000e+06 4.344000000000000000e+03 4.322000000000000000e+03 4.165000000000000000e+03 4.047750000000000000e+05 1.707680000000000000e+05
9.578338000000000000e+06 4.457000000000000000e+03 4.367000000000000000e+03 4.194000000000000000e+03 4.068880000000000000e+05 1.712580000000000000e+05
9.576137000000000000e+06 4.417000000000000000e+03 4.332000000000000000e+03 4.239000000000000000e+03 4.091190000000000000e+05 1.717740000000000000e+05
9.573902000000000000e+06 4.450000000000000000e+03 4.366000000000000000e+03 4.341000000000000000e+03 4.111850000000000000e+05 1.722840000000000000e+05
9.571657000000000000e+06 4.446000000000000000e+03 4.379000000000000000e+03 4.406000000000000000e+03 4.133560000000000000e+05 1.728030000000000000e+05
9.569507000000000000e+06 4.398000000000000000e+03 4.366000000000000000e+03 4.445000000000000000e+03 4.155280000000000000e+05 1.733130000000000000e+05
9.567274000000000000e+06 4.437000000000000000e+03 4.333000000000000000e+03 4.442000000000000000e+03 4.177580000000000000e+05 1.738090000000000000e+05
9.565145000000000000e+06 4.391000000000000000e+03 4.259000000000000000e+03 4.454000000000000000e+03 4.199950000000000000e+05 1.743120000000000000e+05
9.563000000000000000e+06 4.379000000000000000e+03 4.270000000000000000e+03 4.446000000000000000e+03 4.221490000000000000e+05 1.748190000000000000e+05
9.560888000000000000e+06 4.313000000000000000e+03 4.340000000000000000e+03 4.469000000000000000e+03 4.242340000000000000e+05 1.753520000000000000e+05
9.558700000000000000e+06 4.380000000000000000e+03 4.338000000000000000e+03 4.380000000000000000e+03 4.264460000000000000e+05 1.758660000000000000e+05
9.556458000000000000e+06 4.406000000000000000e+03 4.370000000000000000e+03 4.342000000000000000e+03 4.286680000000000000e+05 1.763930000000000000e+05
9.554248000000000000e+06 4.537000000000000000e+03 4.283000000000000000e+03 4.262000000000000000e+03 4.309140000000000000e+05 1.769300000000000000e+05
9.552092000000000000e+06 4.494000000000000000e+03 4.287000000000000000e+03 4.285000000000000000e+03 4.330860000000000000e+05 1.774230000000000000e+05
9.549943000000000000e+06 4.420000000000000000e+03 4.310000000000000000e+03 4.336000000000000000e+03 4.352350000000000000e+05 1.779520000000000000e+05
9.547718000000000000e+06 4.418000000000000000e+03 4.321000000000000000e+03 4.415000000000000000e+03 4.373720000000000000e+05 1.784770000000000000e+05
9.545564000000000000e+06 4.436000000000000000e+03 4.340000000000000000e+03 4.366000000000000000e+03 4.395380000000000000e+05 1.789850000000000000e+05
9.543413000000000000e+06 4.395000000000000000e+03 4.342000000000000000e+03 4.327000000000000000e+03 4.417670000000000000e+05 1.794830000000000000e+05
9.541183000000000000e+06 4.435000000000000000e+03 4.372000000000000000e+03 4.331000000000000000e+03 4.439230000000000000e+05 1.799830000000000000e+05
9.538974000000000000e+06 4.527000000000000000e+03 4.349000000000000000e+03 4.272000000000000000e+03 4.461220000000000000e+05 1.804990000000000000e+05
9.536804000000000000e+06 4.449000000000000000e+03 4.383000000000000000e+03 4.264000000000000000e+03 4.483440000000000000e+05 1.810140000000000000e+05
9.534570000000000000e+06 4.523000000000000000e+03 4.379000000000000000e+03 4.282000000000000000e+03 4.504900000000000000e+05 1.815450000000000000e+05
9.532454000000000000e+06 4.370000000000000000e+03 4.460000000000000000e+03 4.356000000000000000e+03 4.526040000000000000e+05 1.820720000000000000e+05
9.530250000000000000e+06 4.425000000000000000e+03 4.400000000000000000e+03 4.306000000000000000e+03 4.548630000000000000e+05 1.825930000000000000e+05
9.528068000000000000e+06 4.444000000000000000e+03 4.360000000000000000e+03 4.314000000000000000e+03 4.570580000000000000e+05 1.830810000000000000e+05
9.525827000000000000e+06 4.506000000000000000e+03 4.381000000000000000e+03 4.321000000000000000e+03 4.592090000000000000e+05 1.835900000000000000e+05
9.523641000000000000e+06 4.402000000000000000e+03 4.394000000000000000e+03 4.355000000000000000e+03 4.614520000000000000e+05 1.841200000000000000e+05
9.521478000000000000e+06 4.382000000000000000e+03 4.408000000000000000e+03 4.360000000000000000e+03 4.636160000000000000e+05 1.846580000000000000e+05
9.519250000000000000e+06 4.415000000000000000e+03 4.422000000000000000e+03 4.362000000000000000e+03 4.657950000000000000e+05 1.851670000000000000e+05
9.516992000000000000e+06 4.482000000000000000e+03 4.474000000000000000e+03 4.345000000000000000e+03 4.679510000000000000e+05 1.856990000000000000e+05
9.514721000000000000e+06 4.496000000000000000e+03 4.463000000000000000e+03 4.359000000000000000e+03 4.702050000000000000e+05 1.861980000000000000e+05
9.512516000000000000e+06 4.456000000000000000e+03 4.484000000000000000e+03 4.380000000000000000e+03 4.724080000000000000e+05 1.866870000000000000e+05
9.510332000000000000e+06 4.418000000000000000e+03 4.437000000000000000e+03 4.393000000000000000e+03 4.746640000000000000e+05 1.872240000000000000e+05
9.508102000000000000e+06 4.471000000000000000e+03 4.418000000000000000e+03 4.369000000000000000e+03 4.768840000000000000e+05 1.877670000000000000e+05
9.505851000000000000e+06 4.482000000000000000e+03 4.409000000000000000e+03 4.412000000000000000e+03 4.790900000000000000e+05 1.883020000000000000e+05
9.503607000000000000e+06 4.550000000000000000e+03 4.399000000000000000e+03 4.343000000000000000e+03 4.813450000000000000e+05 1.888520000000000000e+05
9.501473000000000000e+06 4.435000000000000000e+03 4.469000000000000000e+03 4.388000000000000000e+03 4.834790000000000000e+05 1.893700000000000000e+05
9.499225000000000000e+06 4.484000000000000000e+03 4.444000000000000000e+03 4.425000000000000000e+03 4.856660000000000000e+05 1.898870000000000000e+05
9.497037000000000000e+06 4.459000000000000000e+03 4.400000000000000000e+03 4.411000000000000000e+03 4.879370000000000000e+05 1.903970000000000000e+05
9.494815000000000000e+06 4.425000000000000000e+03 4.415000000000000000e+03 4.471000000000000000e+03 4.901180000000000000e+05 1.909160000000000000e+05
9.492562000000000000e+06 4.519000000000000000e+03 4.405000000000000000e+03 4.429000000000000000e+03 4.923290000000000000e+05 1.914470000000000000e+05
9.490328000000000000e+06 4.446000000000000000e+03 4.518000000000000000e+03 4.426000000000000000e+03 4.945260000000000000e+05 1.919690000000000000e+05
9.488085000000000000e+06 4.525000000000000000e+03 4.505000000000000000e+03 4.332000000000000000e+03 4.967970000000000000e+05 1.924930000000000000e+05
9.485813000000000000e+06 4.536000000000000000e+03 4.595000000000000000e+03 4.306000000000000000e+03 4.989940000000000000e+05 1.930110000000000000e+05
9.483476000000000000e+06 4.550000000000000000e+03 4.649000000000000000e+03 4.349000000000000000e+03 5.012200000000000000e+05 1.935350000000000000e+05
9.481226000000000000e+06 4.540000000000000000e+03 4.604000000000000000e+03 4.371000000000000000e+03 5.035030000000000000e+05 1.940220000000000000e+05
9.478873000000000000e+06 4.631000000000000000e+03 4.584000000000000000e+03 4.416000000000000000e+03 5.057400000000000000e+05 1.945330000000000000e+05
9.476648000000000000e+06 4.532000000000000000e+03 4.648000000000000000e+03 4.438000000000000000e+03 5.079780000000000000e+05 1.950780000000000000e+05
9.474329000000000000e+06 4.569000000000000000e+03 4.635000000000000000e+03 4.488000000000000000e+03 5.102230000000000000e+05 1.955790000000000000e+05
9.472073000000000000e+06 4.573000000000000000e+03 4.621000000000000000e+03 4.504000000000000000e+03 5.124730000000000000e+05 1.961200000000000000e+05
9.469677000000000000e+06 4.721000000000000000e+03 4.531000000000000000e+03 4.486000000000000000e+03 5.148290000000000000e+05 1.966440000000000000e+05
9.467414000000000000e+06 4.684000000000000000e+03 4.513000000000000000e+03 4.484000000000000000e+03 5.171490000000000000e+05 1.971910000000000000e+05
9.465061000000000000e+06 4.681000000000000000e+03 4.550000000000000000e+03 4.576000000000000000e+03 5.193760000000000000e+05 1.977040000000000000e+05
9.462638000000000000e+06 4.826000000000000000e+03 4.530000000000000000e+03 4.583000000000000000e+03 5.216670000000000000e+05 1.982170000000000000e+05
9.460441000000000000e+06 4.681000000000000000e+03 4.562000000000000000e+03 4.608000000000000000e+03 5.239520000000000000e+05 1.987460000000000000e+05
9.458152000000000000e+06 4.596000000000000000e+03 4.548000000000000000e+03 4.695000000000000000e+03 5.262530000000000000e+05 1.993070000000000000e+05
9.455862000000000000e+06 4.589000000000000000e+03 4.490000000000000000e+03 4.731000000000000000e+03 5.285720000000000000e+05 1.998680000000000000e+05
9.453664000000000000e+06 4.498000000000000000e+03 4.504000000000000000e+03 4.707000000000000000e+03 5.308710000000000000e+05 2.003840000000000000e+05
9.451485000000000000e+06 4.381000000000000000e+03 4.554000000000000000e+03 4.630000000000000000e+03 5.331940000000000000e+05 2.009100000000000000e+05
9.449234000000000000e+06 4.421000000000000000e+03 4.532000000000000000e+03 4.560000000000000000e+03 5.354970000000000000e+05 2.014180000000000000e+05
9.446959000000000000e+06 4.556000000000000000e+03 4.482000000000000000e+03 4.490000000000000000e+03 5.377570000000000000e+05 2.019630000000000000e+05
9.444707000000000000e+06 4.557000000000000000e+03 4.438000000000000000e+03 4.448000000000000000e+03 5.400940000000000000e+05 2.025130000000000000e+05
9.442522000000000000e+06 4.479000000000000000e+03 4.493000000000000000e+03 4.473000000000000000e+03 5.422770000000000000e+05 2.030620000000000000e+05
9.440280000000000000e+06 4.505000000000000000e+03 4.552000000000000000e+03 4.337000000000000000e+03 5.445700000000000000e+05 2.035890000000000000e+05
9.438003000000000000e+06 4.572000000000000000e+03 4.573000000000000000e+03 4.368000000000000000e+03 5.467280000000000000e+05 2.041200000000000000e+05
9.435729000000000000e+06 4.535000000000000000e+03 4.534000000000000000e+03 4.479000000000000000e+03 5.489670000000000000e+05 2.046450000000000000e+05
9.433428000000000000e+06 4.595000000000000000e+03 4.512000000000000000e+03 4.455000000000000000e+03 5.512540000000000000e+05 2.051790000000000000e+05
9.431195000000000000e+06 4.559000000000000000e+03 4.501000000000000000e+03 4.490000000000000000e+03 5.534990000000000000e+05 2.057320000000000000e+05
9.428967000000000000e+06 4.518000000000000000e+03 4.503000000000000000e+03 4.501000000000000000e+03 5.557550000000000000e+05 2.062440000000000000e+05
9.426774000000000000e+06 4.477000000000000000e+03 4.499000000000000000e+03 4.509000000000000000e+03 5.579850000000000000e+05 2.067800000000000000e+05
9.424561000000000000e+06 4.471000000000000000e+03 4.486000000000000000e+03 4.514000000000000000e+03 5.602120000000000000e+05 2.073250000000000000e+05
9.422337000000000000e+06 4.545000000000000000e+03 4.382000000000000000e+03 4.529000000000000000e+03 5.624510000000000000e+05 2.078670000000000000e+05
9.420077000000000000e+06 4.584000000000000000e+03 4.320000000000000000e+03 4.501000000000000000e+03 5.647620000000000000e+05 2.083980000000000000e+05
9.417945000000000000e+06 4.481000000000000000e+03 4.349000000000000000e+03 4.458000000000000000e+03 5.670110000000000000e+05 2.089600000000000000e+05
9.415869000000000000e+06 4.323000000000000000e+03 4.395000000000000000e+03 4.485000000000000000e+03 5.691720000000000000e+05 2.094930000000000000e+05
9.413744000000000000e+06 4.189000000000000000e+03 4.396000000000000000e+03 4.551000000000000000e+03 5.713640000000000000e+05 2.100240000000000000e+05
9.411551000000000000e+06 4.318000000000000000e+03 4.359000000000000000e+03 4.458000000000000000e+03 5.735580000000000000e+05 2.105650000000000000e+05
9.409384000000000000e+06 4.338000000000000000e+03 4.349000000000000000e+03 4.421000000000000000e+03 5.757520000000000000e+05 2.111060000000000000e+05
9.407223000000000000e+06 4.327000000000000000e+03 4.351000000000000000e+03 4.387000000000000000e+03 5.779560000000000000e+05 2.116430000000000000e+05
9.405055000000000000e+06 4.385000000000000000e+03 4.330000000000000000e+03 4.318000000000000000e+03 5.801560000000000000e+05 2.121590000000000000e+05
9.402862000000000000e+06 4.376000000000000000e+03 4.315000000000000000e+03 4.350000000000000000e+03 5.823410000000000000e+05 2.126690000000000000e+05
9.400730000000000000e+06 4.327000000000000000e+03 4.360000000000000000e+03 4.334000000000000000e+03 5.844930000000000000e+05 2.132050000000000000e+05
9.398558000000000000e+06 4.356000000000000000e+03 4.342000000000000000e+03 4.325000000000000000e+03 5.866630000000000000e+05 2.137730000000000000e+05
9.396346000000000000e+06 4.364000000000000000e+03 4.391000000000000000e+03 4.349000000000000000e+03 5.887940000000000000e+05 2.143040000000000000e+05
9.394064000000000000e+06 4.464000000000000000e+03 4.405000000000000000e+03 4.391000000000000000e+03 5.909200000000000000e+05 2.148360000000000000e+05
9.391913000000000000e+06 4.411000000000000000e+03 4.378000000000000000e+03 4.391000000000000000e+03 5.931510000000000000e+05 2.153750000000000000e+05
9.389840000000000000e+06 4.384000000000000000e+03 4.333000000000000000e+03 4.337000000000000000e+03 5.953500000000000000e+05 2.159410000000000000e+05
9.387738000000000000e+06 4.194000000000000000e+03 4.331000000000000000e+03 4.408000000000000000e+03 5.975730000000000000e+05 2.165010000000000000e+05
9.385583000000000000e+06 4.255000000000000000e+03 4.254000000000000000e+03 4.361000000000000000e+03 5.997910000000000000e+05 2.170550000000000000e+05
9.383438000000000000e+06 4.241000000000000000e+03 4.306000000000000000e+03 4.339000000000000000e+03 6.019200000000000000e+05 2.175910000000000000e+05
9.381332000000000000e+06 4.298000000000000000e+03 4.219000000000000000e+03 4.339000000000000000e+03 6.040560000000000000e+05 2.181220000000000000e+05
9.379242000000000000e+06 4.276000000000000000e+03 4.261000000000000000e+03 4.253000000000000000e+03 6.062120000000000000e+05 2.186350000000000000e+05
9.377128000000000000e+06 4.174000000000000000e+03 4.296000000000000000e+03 4.273000000000000000e+03 6.083730000000000000e+05 2.191850000000000000e+05
9.374974000000000000e+06 4.234000000000000000e+03 4.258000000000000000e+03 4.234000000000000000e+03 6.105440000000000000e+05 2.197240000000000000e+05
9.372924000000000000e+06 4.171000000000000000e+03 4.264000000000000000e+03 4.179000000000000000e+03 6.127060000000000000e+05 2.202270000000000000e+05
9.370793000000000000e+06 4.158000000000000000e+03 4.296000000000000000e+03 4.165000000000000000e+03 6.148320000000000000e+05 2.207660000000000000e+05
9.368627000000000000e+06 4.273000000000000000e+03 4.288000000000000000e+03 4.195000000000000000e+03 6.168610000000000000e+05 2.213020000000000000e+05
9.366528000000000000e+06 4.251000000000000000e+03 4.309000000000000000e+03 4.180000000000000000e+03 6.189760000000000000e+05 2.218210000000000000e+05
9.364409000000000000e+06 4.230000000000000000e+03 4.299000000000000000e+03 4.225000000000000000e+03 6.210810000000000000e+05 2.223670000000000000e+05
9.362368000000000000e+06 4.125000000000000000e+03 4.355000000000000000e+03 4.234000000000000000e+03 6.231620000000000000e+05 2.228990000000000000e+05
9.360274000000000000e+06 4.121000000000000000e+03 4.317000000000000000e+03 4.192000000000000000e+03 6.253400000000000000e+05 2.234400000000000000e+05
9.358157000000000000e+06 4.151000000000000000e+03 4.333000000000000000e+03 4.136000000000000000e+03 6.274670000000000000e+05 2.239910000000000000e+05
9.356084000000000000e+06 4.189000000000000000e+03 4.270000000000000000e+03 4.105000000000000000e+03 6.295960000000000000e+05 2.245250000000000000e+05
9.353911000000000000e+06 4.321000000000000000e+03 4.211000000000000000e+03 4.043000000000000000e+03 6.317580000000000000e+05 2.250710000000000000e+05
9.351919000000000000e+06 4.143000000000000000e+03 4.237000000000000000e+03 4.069000000000000000e+03 6.338760000000000000e+05 2.256500000000000000e+05
9.349792000000000000e+06 4.155000000000000000e+03 4.238000000000000000e+03 4.072000000000000000e+03 6.359870000000000000e+05 2.261540000000000000e+05
9.347732000000000000e+06 4.134000000000000000e+03 4.188000000000000000e+03 4.131000000000000000e+03 6.380590000000000000e+05 2.267050000000000000e+05
9.345663000000000000e+06 4.130000000000000000e+03 4.224000000000000000e+03 4.135000000000000000e+03 6.400920000000000000e+05 2.272190000000000000e+05
9.343553000000000000e+06 4.265000000000000000e+03 4.162000000000000000e+03 4.054000000000000000e+03 6.422100000000000000e+05 2.277300000000000000e+05
9.341555000000000000e+06 4.172000000000000000e+03 4.148000000000000000e+03 4.139000000000000000e+03 6.442300000000000000e+05 2.282810000000000000e+05
9.339588000000000000e+06 4.148000000000000000e+03 4.061000000000000000e+03 4.125000000000000000e+03 6.463220000000000000e+05 2.288380000000000000e+05
9.337525000000000000e+06 4.148000000000000000e+03 4.078000000000000000e+03 4.134000000000000000e+03 6.483590000000000000e+05 2.293890000000000000e+05
9.335546000000000000e+06 4.032000000000000000e+03 4.097000000000000000e+03 4.136000000000000000e+03 6.504330000000000000e+05 2.299220000000000000e+05
9.333485000000000000e+06 4.083000000000000000e+03 4.151000000000000000e+03 4.072000000000000000e+03 6.524530000000000000e+05 2.304640000000000000e+05
9.331397000000000000e+06 4.107000000000000000e+03 4.110000000000000000e+03 4.076000000000000000e+03 6.545540000000000000e+05 2.309910000000000000e+05
9.329371000000000000e+06 4.040000000000000000e+03 4.062000000000000000e+03 4.140000000000000000e+03 6.566310000000000000e+05 2.315280000000000000e+05
9.327396000000000000e+06 3.970000000000000000e+03 4.067000000000000000e+03 4.114000000000000000e+03 6.586970000000000000e+05 2.320740000000000000e+05
9.325469000000000000e+06 3.956000000000000000e+03 3.983000000000000000e+03 4.067000000000000000e+03 6.607690000000000000e+05 2.326090000000000000e+05
9.323489000000000000e+06 3.954000000000000000e+03 3.985000000000000000e+03 4.005000000000000000e+03 6.628110000000000000e+05 2.331460000000000000e+05
9.321561000000000000e+06 3.916000000000000000e+03 3.994000000000000000e+03 3.925000000000000000e+03 6.648480000000000000e+05 2.336620000000000000e+05
9.319584000000000000e+06 3.991000000000000000e+03 3.958000000000000000e+03 3.871000000000000000e+03 6.668400000000000000e+05 2.341710000000000000e+05
9.317620000000000000e+06 3.978000000000000000e+03 3.960000000000000000e+03 3.897000000000000000e+03 6.687890000000000000e+05 2.347180000000000000e+05
9.315682000000000000e+06 3.934000000000000000e+03 3.984000000000000000e+03 3.888000000000000000e+03 6.707560000000000000e+05 2.352570000000000000e+05
9.313614000000000000e+06 3.986000000000000000e+03 4.115000000000000000e+03 3.847000000000000000e+03 6.726820000000000000e+05 2.357980000000000000e+05
9.311592000000000000e+06 4.011000000000000000e+03 4.108000000000000000e+03 3.872000000000000000e+03 6.746610000000000000e+05 2.363220000000000000e+05
9.309594000000000000e+06 4.071000000000000000e+03 4.017000000000000000e+03 3.884000000000000000e+03 6.766780000000000000e+05 2.368700000000000000e+05
9.307618000000000000e+06 3.996000000000000000e+03 3.998000000000000000e+03 3.969000000000000000e+03 6.786630000000000000e+05 2.374260000000000000e+05
9.305728000000000000e+06 3.944000000000000000e+03 3.908000000000000000e+03 3.985000000000000000e+03 6.806790000000000000e+05 2.379430000000000000e+05
9.303799000000000000e+06 3.912000000000000000e+03 3.906000000000000000e+03 3.925000000000000000e+03 6.827020000000000000e+05 2.384640000000000000e+05
9.301908000000000000e+06 3.864000000000000000e+03 3.907000000000000000e+03 3.928000000000000000e+03 6.846370000000000000e+05 2.389870000000000000e+05
9.299979000000000000e+06 3.812000000000000000e+03 3.859000000000000000e+03 3.909000000000000000e+03 6.866850000000000000e+05 2.395140000000000000e+05
9.298075000000000000e+06 3.843000000000000000e+03 3.852000000000000000e+03 3.911000000000000000e+03 6.885630000000000000e+05 2.400580000000000000e+05
9.296158000000000000e+06 3.880000000000000000e+03 3.811000000000000000e+03 3.857000000000000000e+03 6.905380000000000000e+05 2.405690000000000000e+05
9.294352000000000000e+06 3.816000000000000000e+03 3.830000000000000000e+03 3.799000000000000000e+03 6.924470000000000000e+05 2.411120000000000000e+05
9.292519000000000000e+06 3.778000000000000000e+03 3.730000000000000000e+03 3.796000000000000000e+03 6.944210000000000000e+05 2.416670000000000000e+05
9.290649000000000000e+06 3.840000000000000000e+03 3.638000000000000000e+03 3.751000000000000000e+03 6.963660000000000000e+05 2.422020000000000000e+05
9.288892000000000000e+06 3.786000000000000000e+03 3.632000000000000000e+03 3.676000000000000000e+03 6.982580000000000000e+05 2.427360000000000000e+05
9.287107000000000000e+06 3.695000000000000000e+03 3.646000000000000000e+03 3.681000000000000000e+03 7.001150000000000000e+05 2.432810000000000000e+05
9.285319000000000000e+06 3.615000000000000000e+03 3.703000000000000000e+03 3.688000000000000000e+03 7.019190000000000000e+05 2.438240000000000000e+05
9.283555000000000000e+06 3.589000000000000000e+03 3.686000000000000000e+03 3.660000000000000000e+03 7.037540000000000000e+05 2.443460000000000000e+05
9.281699000000000000e+06 3.606000000000000000e+03 3.665000000000000000e+03 3.690000000000000000e+03 7.055840000000000000e+05 2.448970000000000000e+05
9.279869000000000000e+06 3.655000000000000000e+03 3.637000000000000000e+03 3.587000000000000000e+03 7.074960000000000000e+05 2.454290000000000000e+05
9.278122000000000000e+06 3.638000000000000000e+03 3.570000000000000000e+03 3.616000000000000000e+03 7.092980000000000000e+05 2.459620000000000000e+05
9.276301000000000000e+06 3.630000000000000000e+03 3.527000000000000000e+03 3.633000000000000000e+03 7.111530000000000000e+05 2.464640000000000000e+05
9.274577000000000000e+06 3.536000000000000000e+03 3.548000000000000000e+03 3.650000000000000000e+03 7.129330000000000000e+05 2.469970000000000000e+05
9.272869000000000000e+06 3.506000000000000000e+03 3.516000000000000000e+03 3.613000000000000000e+03 7.147400000000000000e+05 2.475290000000000000e+05
9.271117000000000000e+06 3.515000000000000000e+03 3.505000000000000000e+03 3.564000000000000000e+03 7.165430000000000000e+05 2.480610000000000000e+05
9.269424000000000000e+06 3.523000000000000000e+03 3.422000000000000000e+03 3.511000000000000000e+03 7.183640000000000000e+05 2.485860000000000000e+05
9.267776000000000000e+06 3.498000000000000000e+03 3.436000000000000000e+03 3.401000000000000000e+03 7.201330000000000000e+05 2.491230000000000000e+05
9.266065000000000000e+06 3.476000000000000000e+03 3.447000000000000000e+03 3.378000000000000000e+03 7.218780000000000000e+05 2.496350000000000000e+05
9.264413000000000000e+06 3.431000000000000000e+03 3.446000000000000000e+03 3.343000000000000000e+03 7.236110000000000000e+05 2.501760000000000000e+05
9.262743000000000000e+06 3.394000000000000000e+03 3.452000000000000000e+03 3.367000000000000000e+03 7.252880000000000000e+05 2.507250000000000000e+05
9.261094000000000000e+06 3.337000000000000000e+03 3.495000000000000000e+03 3.333000000000000000e+03 7.269850000000000000e+05 2.512720000000000000e+05
9.259357000000000000e+06 3.468000000000000000e+03 3.477000000000000000e+03 3.316000000000000000e+03 7.286260000000000000e+05 2.518080000000000000e+05
9.257671000000000000e+06 3.436000000000000000e+03 3.466000000000000000e+03 3.324000000000000000e+03 7.303470000000000000e+05 2.523320000000000000e+05
9.255958000000000000e+06 3.450000000000000000e+03 3.443000000000000000e+03 3.339000000000000000e+03 7.320540000000000000e+05 2.528720000000000000e+05
9.254238000000000000e+06 3.471000000000000000e+03 3.454000000000000000e+03 3.351000000000000000e+03 7.337300000000000000e+05 2.533920000000000000e+05
9.252597000000000000e+06 3.418000000000000000e+03 3.444000000000000000e+03 3.378000000000000000e+03 7.354070000000000000e+05 2.539290000000000000e+05
9.250912000000000000e+06 3.435000000000000000e+03 3.405000000000000000e+03 3.324000000000000000e+03 7.371680000000000000e+05 2.544550000000000000e+05
0.000000000000000000e+00 0.000000000000000000e+00 0.000000000000000000e+00 0.000000000000000000e+00 0.000000000000000000e+00 0.000000000000000000e+00
