9.998144000000000000e+06 0.000000000000000000e+00 1.000000000000000000e+02 0.000000000000000000e+00 0.000000000000000000e+00 0.000000000000000000e+00
9.998067000000000000e+06 6.700000000000000000e+01 1.000000000000000000e+02 5.000000000000000000e+00 5.000000000000000000e+00 0.000000000000000000e+00
9.997990000000000000e+06 1.150000000000000000e+02 9.600000000000000000e+01 1.500000000000000000e+01 2.800000000000000000e+01 0.000000000000000000e+00
9.997926000000000000e+06 1.280000000000000000e+02 1.050000000000000000e+02 3.300000000000000000e+01 5.200000000000000000e+01 0.000000000000000000e+00
9.997840000000000000e+06 1.440000000000000000e+02 1.140000000000000000e+02 6.700000000000000000e+01 7.900000000000000000e+01 0.000000000000000000e+00
9.997750000000000000e+06 1.570000000000000000e+02 1.270000000000000000e+02 9.500000000000000000e+01 1.150000000000000000e+02 0.000000000000000000e+00
9.997625000000000000e+06 2.140000000000000000e+02 1.400000000000000000e+02 1.000000000000000000e+02 1.650000000000000000e+02 0.000000000000000000e+00
9.997463000000000000e+06 2.680000000000000000e+02 1.550000000000000000e+02 1.390000000000000000e+02 2.190000000000000000e+02 0.000000000000000000e+00
9.997296000000000000e+06 2.970000000000000000e+02 1.800000000000000000e+02 1.900000000000000000e+02 2.810000000000000000e+02 0.000000000000000000e+00
9.997104000000000000e+06 3.300000000000000000e+02 2.250000000000000000e+02 2.400000000000000000e+02 3.450000000000000000e+02 0.000000000000000000e+00
9.996837000000000000e+06 4.000000000000000000e+02 2.610000000000000000e+02 2.940000000000000000e+02 4.520000000000000000e+02 0.000000000000000000e+00
9.996549000000000000e+06 4.800000000000000000e+02 2.860000000000000000e+02 3.590000000000000000e+02 5.700000000000000000e+02 0.000000000000000000e+00
9.996211000000000000e+06 5.730000000000000000e+02 3.290000000000000000e+02 4.140000000000000000e+02 7.170000000000000000e+02 0.000000000000000000e+00
9.995839000000000000e+06 6.470000000000000000e+02 4.120000000000000000e+02 4.830000000000000000e+02 8.630000000000000000e+02 0.000000000000000000e+00
9.995366000000000000e+06 7.930000000000000000e+02 4.980000000000000000e+02 5.440000000000000000e+02 1.043000000000000000e+03 0.000000000000000000e+00
9.994780000000000000e+06 9.640000000000000000e+02 6.090000000000000000e+02 6.310000000000000000e+02 1.260000000000000000e+03 0.000000000000000000e+00
9.994097000000000000e+06 1.103000000000000000e+03 7.670000000000000000e+02 7.570000000000000000e+02 1.520000000000000000e+03 0.000000000000000000e+00
9.993259000000000000e+06 1.322000000000000000e+03 9.150000000000000000e+02 9.360000000000000000e+02 1.812000000000000000e+03 0.000000000000000000e+00
9.992233000000000000e+06 1.625000000000000000e+03 1.106000000000000000e+03 1.089000000000000000e+03 2.191000000000000000e+03 0.000000000000000000e+00
9.991032000000000000e+06 1.990000000000000000e+03 1.256000000000000000e+03 1.292000000000000000e+03 2.674000000000000000e+03 0.000000000000000000e+00
9.989643000000000000e+06 2.364000000000000000e+03 1.512000000000000000e+03 1.506000000000000000e+03 3.219000000000000000e+03 0.000000000000000000e+00
9.988863000000000000e+06 2.049000000000000000e+03 1.734000000000000000e+03 1.744000000000000000e+03 3.854000000000000000e+03 0.000000000000000000e+00
9.988010000000000000e+06 1.922000000000000000e+03 1.874000000000000000e+03 1.235000000000000000e+03 5.203000000000000000e+03 1.000000000000000000e+03
9.987242000000000000e+06 1.767000000000000000e+03 1.910000000000000000e+03 9.460000000000000000e+02 6.379000000000000000e+03 2.000000000000000000e+03
9.986449000000000000e+06 1.643000000000000000e+03 1.847000000000000000e+03 1.147000000000000000e+03 7.158000000000000000e+03 2.403000000000000000e+03
9.985705000000000000e+06 1.577000000000000000e+03 1.727000000000000000e+03 1.279000000000000000e+03 7.956000000000000000e+03 2.779000000000000000e+03
9.984953000000000000e+06 1.548000000000000000e+03 1.648000000000000000e+03 1.309000000000000000e+03 8.786000000000000000e+03 3.172000000000000000e+03
9.984250000000000000e+06 1.486000000000000000e+03 1.610000000000000000e+03 1.319000000000000000e+03 9.579000000000000000e+03 3.535000000000000000e+03
9.983575000000000000e+06 1.427000000000000000e+03 1.589000000000000000e+03 1.298000000000000000e+03 1.035500000000000000e+04 3.950000000000000000e+03
9.982841000000000000e+06 1.434000000000000000e+03 1.532000000000000000e+03 1.277000000000000000e+03 1.116000000000000000e+04 4.354000000000000000e+03
9.982125000000000000e+06 1.433000000000000000e+03 1.498000000000000000e+03 1.291000000000000000e+03 1.189700000000000000e+04 4.756000000000000000e+03
9.981447000000000000e+06 1.413000000000000000e+03 1.474000000000000000e+03 1.289000000000000000e+03 1.262100000000000000e+04 5.211000000000000000e+03
9.980744000000000000e+06 1.428000000000000000e+03 1.483000000000000000e+03 1.265000000000000000e+03 1.332400000000000000e+04 5.647000000000000000e+03
9.980018000000000000e+06 1.423000000000000000e+03 1.459000000000000000e+03 1.286000000000000000e+03 1.405800000000000000e+04 6.053000000000000000e+03
9.979341000000000000e+06 1.405000000000000000e+03 1.441000000000000000e+03 1.293000000000000000e+03 1.476400000000000000e+04 6.476000000000000000e+03
9.978655000000000000e+06 1.386000000000000000e+03 1.423000000000000000e+03 1.308000000000000000e+03 1.547200000000000000e+04 6.886000000000000000e+03
9.977960000000000000e+06 1.405000000000000000e+03 1.369000000000000000e+03 1.311000000000000000e+03 1.619900000000000000e+04 7.311000000000000000e+03
9.977334000000000000e+06 1.359000000000000000e+03 1.351000000000000000e+03 1.276000000000000000e+03 1.692400000000000000e+04 7.738000000000000000e+03
9.976735000000000000e+06 1.306000000000000000e+03 1.363000000000000000e+03 1.244000000000000000e+03 1.759600000000000000e+04 8.134000000000000000e+03
9.976073000000000000e+06 1.297000000000000000e+03 1.344000000000000000e+03 1.212000000000000000e+03 1.831800000000000000e+04 8.539000000000000000e+03
9.975417000000000000e+06 1.321000000000000000e+03 1.328000000000000000e+03 1.197000000000000000e+03 1.898100000000000000e+04 8.962000000000000000e+03
9.974737000000000000e+06 1.347000000000000000e+03 1.330000000000000000e+03 1.159000000000000000e+03 1.967100000000000000e+04 9.375000000000000000e+03
9.974088000000000000e+06 1.288000000000000000e+03 1.350000000000000000e+03 1.199000000000000000e+03 2.031900000000000000e+04 9.758000000000000000e+03
9.973435000000000000e+06 1.293000000000000000e+03 1.381000000000000000e+03 1.206000000000000000e+03 2.092900000000000000e+04 1.014600000000000000e+04
9.972787000000000000e+06 1.284000000000000000e+03 1.368000000000000000e+03 1.223000000000000000e+03 2.158200000000000000e+04 1.054200000000000000e+04
9.972133000000000000e+06 1.308000000000000000e+03 1.344000000000000000e+03 1.174000000000000000e+03 2.228500000000000000e+04 1.096100000000000000e+04
9.971456000000000000e+06 1.346000000000000000e+03 1.333000000000000000e+03 1.170000000000000000e+03 2.293900000000000000e+04 1.136200000000000000e+04
9.970826000000000000e+06 1.337000000000000000e+03 1.350000000000000000e+03 1.144000000000000000e+03 2.358700000000000000e+04 1.178400000000000000e+04
9.970166000000000000e+06 1.328000000000000000e+03 1.389000000000000000e+03 1.154000000000000000e+03 2.420700000000000000e+04 1.218400000000000000e+04
9.969510000000000000e+06 1.326000000000000000e+03 1.391000000000000000e+03 1.137000000000000000e+03 2.488000000000000000e+04 1.260000000000000000e+04
9.968872000000000000e+06 1.301000000000000000e+03 1.406000000000000000e+03 1.147000000000000000e+03 2.551800000000000000e+04 1.301200000000000000e+04
9.968115000000000000e+06 1.376000000000000000e+03 1.373000000000000000e+03 1.168000000000000000e+03 2.621200000000000000e+04 1.342900000000000000e+04
9.967373000000000000e+06 1.474000000000000000e+03 1.384000000000000000e+03 1.168000000000000000e+03 2.684500000000000000e+04 1.378500000000000000e+04
9.966650000000000000e+06 1.450000000000000000e+03 1.384000000000000000e+03 1.201000000000000000e+03 2.755900000000000000e+04 1.418800000000000000e+04
9.965934000000000000e+06 1.414000000000000000e+03 1.422000000000000000e+03 1.279000000000000000e+03 2.819500000000000000e+04 1.458000000000000000e+04
9.965191000000000000e+06 1.476000000000000000e+03 1.420000000000000000e+03 1.299000000000000000e+03 2.885800000000000000e+04 1.498600000000000000e+04
9.964504000000000000e+06 1.419000000000000000e+03 1.425000000000000000e+03 1.349000000000000000e+03 2.954700000000000000e+04 1.537700000000000000e+04
9.963796000000000000e+06 1.456000000000000000e+03 1.411000000000000000e+03 1.356000000000000000e+03 3.022500000000000000e+04 1.577000000000000000e+04
9.963051000000000000e+06 1.484000000000000000e+03 1.437000000000000000e+03 1.353000000000000000e+03 3.091900000000000000e+04 1.615700000000000000e+04
9.962311000000000000e+06 1.484000000000000000e+03 1.447000000000000000e+03 1.353000000000000000e+03 3.164900000000000000e+04 1.653800000000000000e+04
9.961558000000000000e+06 1.492000000000000000e+03 1.462000000000000000e+03 1.402000000000000000e+03 3.233000000000000000e+04 1.691800000000000000e+04
9.960849000000000000e+06 1.456000000000000000e+03 1.446000000000000000e+03 1.431000000000000000e+03 3.306200000000000000e+04 1.732200000000000000e+04
9.960082000000000000e+06 1.491000000000000000e+03 1.423000000000000000e+03 1.423000000000000000e+03 3.382500000000000000e+04 1.771100000000000000e+04
9.959361000000000000e+06 1.480000000000000000e+03 1.467000000000000000e+03 1.410000000000000000e+03 3.452600000000000000e+04 1.812000000000000000e+04
9.958632000000000000e+06 1.463000000000000000e+03 1.464000000000000000e+03 1.393000000000000000e+03 3.529200000000000000e+04 1.852000000000000000e+04
9.957903000000000000e+06 1.469000000000000000e+03 1.487000000000000000e+03 1.371000000000000000e+03 3.601400000000000000e+04 1.892300000000000000e+04
9.957145000000000000e+06 1.491000000000000000e+03 1.426000000000000000e+03 1.396000000000000000e+03 3.678600000000000000e+04 1.930400000000000000e+04
9.956428000000000000e+06 1.462000000000000000e+03 1.465000000000000000e+03 1.393000000000000000e+03 3.749600000000000000e+04 1.969400000000000000e+04
9.955673000000000000e+06 1.487000000000000000e+03 1.436000000000000000e+03 1.393000000000000000e+03 3.825500000000000000e+04 2.010500000000000000e+04
9.954913000000000000e+06 1.506000000000000000e+03 1.460000000000000000e+03 1.402000000000000000e+03 3.896300000000000000e+04 2.052700000000000000e+04
9.954158000000000000e+06 1.511000000000000000e+03 1.483000000000000000e+03 1.390000000000000000e+03 3.970200000000000000e+04 2.091500000000000000e+04
9.953412000000000000e+06 1.491000000000000000e+03 1.532000000000000000e+03 1.416000000000000000e+03 4.039300000000000000e+04 2.131900000000000000e+04
9.952636000000000000e+06 1.564000000000000000e+03 1.484000000000000000e+03 1.390000000000000000e+03 4.117000000000000000e+04 2.171100000000000000e+04
9.951858000000000000e+06 1.576000000000000000e+03 1.482000000000000000e+03 1.449000000000000000e+03 4.187900000000000000e+04 2.213100000000000000e+04
9.951111000000000000e+06 1.550000000000000000e+03 1.478000000000000000e+03 1.483000000000000000e+03 4.262200000000000000e+04 2.251500000000000000e+04
9.950372000000000000e+06 1.534000000000000000e+03 1.483000000000000000e+03 1.461000000000000000e+03 4.339400000000000000e+04 2.291400000000000000e+04
9.949642000000000000e+06 1.511000000000000000e+03 1.526000000000000000e+03 1.463000000000000000e+03 4.410200000000000000e+04 2.330700000000000000e+04
9.948800000000000000e+06 1.607000000000000000e+03 1.511000000000000000e+03 1.416000000000000000e+03 4.491000000000000000e+04 2.370000000000000000e+04
9.948003000000000000e+06 1.601000000000000000e+03 1.525000000000000000e+03 1.440000000000000000e+03 4.567500000000000000e+04 2.408400000000000000e+04
9.947235000000000000e+06 1.576000000000000000e+03 1.517000000000000000e+03 1.488000000000000000e+03 4.642800000000000000e+04 2.449100000000000000e+04
9.946465000000000000e+06 1.596000000000000000e+03 1.507000000000000000e+03 1.476000000000000000e+03 4.720000000000000000e+04 2.485800000000000000e+04
9.945689000000000000e+06 1.604000000000000000e+03 1.514000000000000000e+03 1.536000000000000000e+03 4.790100000000000000e+04 2.525500000000000000e+04
9.944864000000000000e+06 1.608000000000000000e+03 1.534000000000000000e+03 1.558000000000000000e+03 4.868000000000000000e+04 2.566000000000000000e+04
9.944077000000000000e+06 1.602000000000000000e+03 1.532000000000000000e+03 1.542000000000000000e+03 4.949100000000000000e+04 2.608200000000000000e+04
9.943260000000000000e+06 1.590000000000000000e+03 1.548000000000000000e+03 1.539000000000000000e+03 5.030700000000000000e+04 2.651000000000000000e+04
9.942428000000000000e+06 1.663000000000000000e+03 1.584000000000000000e+03 1.504000000000000000e+03 5.106500000000000000e+04 2.689500000000000000e+04
9.941581000000000000e+06 1.691000000000000000e+03 1.618000000000000000e+03 1.511000000000000000e+03 5.184300000000000000e+04 2.730300000000000000e+04
9.940776000000000000e+06 1.619000000000000000e+03 1.666000000000000000e+03 1.562000000000000000e+03 5.262100000000000000e+04 2.769300000000000000e+04
9.939912000000000000e+06 1.654000000000000000e+03 1.646000000000000000e+03 1.576000000000000000e+03 5.345600000000000000e+04 2.810700000000000000e+04
9.939052000000000000e+06 1.627000000000000000e+03 1.694000000000000000e+03 1.593000000000000000e+03 5.427800000000000000e+04 2.852900000000000000e+04
9.938190000000000000e+06 1.687000000000000000e+03 1.709000000000000000e+03 1.567000000000000000e+03 5.509100000000000000e+04 2.896600000000000000e+04
9.937309000000000000e+06 1.734000000000000000e+03 1.705000000000000000e+03 1.592000000000000000e+03 5.590400000000000000e+04 2.936000000000000000e+04
9.936420000000000000e+06 1.746000000000000000e+03 1.714000000000000000e+03 1.635000000000000000e+03 5.672900000000000000e+04 2.976200000000000000e+04
9.935554000000000000e+06 1.812000000000000000e+03 1.675000000000000000e+03 1.645000000000000000e+03 5.755800000000000000e+04 3.016800000000000000e+04
9.934673000000000000e+06 1.768000000000000000e+03 1.648000000000000000e+03 1.727000000000000000e+03 5.842800000000000000e+04 3.057600000000000000e+04
9.933818000000000000e+06 1.757000000000000000e+03 1.685000000000000000e+03 1.741000000000000000e+03 5.924300000000000000e+04 3.098100000000000000e+04
9.932963000000000000e+06 1.744000000000000000e+03 1.695000000000000000e+03 1.751000000000000000e+03 6.009100000000000000e+04 3.138300000000000000e+04
9.932035000000000000e+06 1.782000000000000000e+03 1.701000000000000000e+03 1.728000000000000000e+03 6.099800000000000000e+04 3.182000000000000000e+04
9.931133000000000000e+06 1.792000000000000000e+03 1.710000000000000000e+03 1.767000000000000000e+03 6.184200000000000000e+04 3.220500000000000000e+04
9.930236000000000000e+06 1.776000000000000000e+03 1.746000000000000000e+03 1.731000000000000000e+03 6.275500000000000000e+04 3.262100000000000000e+04
9.929276000000000000e+06 1.840000000000000000e+03 1.747000000000000000e+03 1.741000000000000000e+03 6.364000000000000000e+04 3.301700000000000000e+04
9.928358000000000000e+06 1.833000000000000000e+03 1.789000000000000000e+03 1.778000000000000000e+03 6.448600000000000000e+04 3.343500000000000000e+04
9.927439000000000000e+06 1.827000000000000000e+03 1.831000000000000000e+03 1.808000000000000000e+03 6.533900000000000000e+04 3.384300000000000000e+04
9.926526000000000000e+06 1.825000000000000000e+03 1.800000000000000000e+03 1.789000000000000000e+03 6.630400000000000000e+04 3.426200000000000000e+04
9.925604000000000000e+06 1.852000000000000000e+03 1.774000000000000000e+03 1.790000000000000000e+03 6.722400000000000000e+04 3.467400000000000000e+04
9.924698000000000000e+06 1.834000000000000000e+03 1.803000000000000000e+03 1.788000000000000000e+03 6.812100000000000000e+04 3.509100000000000000e+04
9.923725000000000000e+06 1.867000000000000000e+03 1.838000000000000000e+03 1.761000000000000000e+03 6.905300000000000000e+04 3.550200000000000000e+04
9.922771000000000000e+06 1.887000000000000000e+03 1.871000000000000000e+03 1.751000000000000000e+03 6.996400000000000000e+04 3.591800000000000000e+04
9.921784000000000000e+06 1.926000000000000000e+03 1.896000000000000000e+03 1.782000000000000000e+03 7.085600000000000000e+04 3.634500000000000000e+04
9.920805000000000000e+06 1.916000000000000000e+03 1.883000000000000000e+03 1.850000000000000000e+03 7.179000000000000000e+04 3.677200000000000000e+04
9.919856000000000000e+06 1.917000000000000000e+03 1.851000000000000000e+03 1.895000000000000000e+03 7.272500000000000000e+04 3.718100000000000000e+04
9.918857000000000000e+06 1.944000000000000000e+03 1.883000000000000000e+03 1.896000000000000000e+03 7.366400000000000000e+04 3.763500000000000000e+04
9.917853000000000000e+06 1.975000000000000000e+03 1.894000000000000000e+03 1.911000000000000000e+03 7.461100000000000000e+04 3.807500000000000000e+04
9.916889000000000000e+06 1.984000000000000000e+03 1.856000000000000000e+03 1.899000000000000000e+03 7.561600000000000000e+04 3.849800000000000000e+04
9.915940000000000000e+06 1.917000000000000000e+03 1.918000000000000000e+03 1.903000000000000000e+03 7.656600000000000000e+04 3.892800000000000000e+04
9.914969000000000000e+06 1.921000000000000000e+03 1.904000000000000000e+03 1.903000000000000000e+03 7.754700000000000000e+04 3.935100000000000000e+04
9.914022000000000000e+06 1.919000000000000000e+03 1.888000000000000000e+03 1.946000000000000000e+03 7.846900000000000000e+04 3.977900000000000000e+04
9.913038000000000000e+06 1.921000000000000000e+03 1.904000000000000000e+03 1.939000000000000000e+03 7.944200000000000000e+04 4.019400000000000000e+04
9.912026000000000000e+06 1.970000000000000000e+03 1.879000000000000000e+03 1.936000000000000000e+03 8.043300000000000000e+04 4.059700000000000000e+04
9.911085000000000000e+06 1.938000000000000000e+03 1.872000000000000000e+03 1.961000000000000000e+03 8.138800000000000000e+04 4.105600000000000000e+04
9.910143000000000000e+06 1.924000000000000000e+03 1.886000000000000000e+03 1.887000000000000000e+03 8.240400000000000000e+04 4.145200000000000000e+04
9.909126000000000000e+06 1.952000000000000000e+03 1.929000000000000000e+03 1.899000000000000000e+03 8.333800000000000000e+04 4.189000000000000000e+04
9.908114000000000000e+06 1.984000000000000000e+03 1.924000000000000000e+03 1.941000000000000000e+03 8.428100000000000000e+04 4.229700000000000000e+04
9.907155000000000000e+06 1.985000000000000000e+03 1.893000000000000000e+03 1.913000000000000000e+03 8.529800000000000000e+04 4.272700000000000000e+04
9.906173000000000000e+06 1.966000000000000000e+03 1.945000000000000000e+03 1.924000000000000000e+03 8.623600000000000000e+04 4.316000000000000000e+04
9.905170000000000000e+06 1.972000000000000000e+03 1.959000000000000000e+03 1.936000000000000000e+03 8.720700000000000000e+04 4.358600000000000000e+04
9.904210000000000000e+06 1.946000000000000000e+03 1.966000000000000000e+03 1.930000000000000000e+03 8.819200000000000000e+04 4.401500000000000000e+04
9.903140000000000000e+06 1.998000000000000000e+03 1.980000000000000000e+03 1.944000000000000000e+03 8.918200000000000000e+04 4.443700000000000000e+04
9.902055000000000000e+06 2.087000000000000000e+03 1.984000000000000000e+03 1.940000000000000000e+03 9.017800000000000000e+04 4.485700000000000000e+04
9.900995000000000000e+06 2.115000000000000000e+03 1.967000000000000000e+03 1.963000000000000000e+03 9.120400000000000000e+04 4.529700000000000000e+04
9.899955000000000000e+06 2.127000000000000000e+03 1.998000000000000000e+03 1.956000000000000000e+03 9.220800000000000000e+04 4.573000000000000000e+04
9.898954000000000000e+06 2.131000000000000000e+03 1.997000000000000000e+03 1.976000000000000000e+03 9.318600000000000000e+04 4.612400000000000000e+04
9.897917000000000000e+06 2.091000000000000000e+03 2.076000000000000000e+03 2.009000000000000000e+03 9.415100000000000000e+04 4.655700000000000000e+04
9.896842000000000000e+06 2.139000000000000000e+03 2.044000000000000000e+03 2.038000000000000000e+03 9.518100000000000000e+04 4.700000000000000000e+04
9.895759000000000000e+06 2.157000000000000000e+03 2.052000000000000000e+03 2.053000000000000000e+03 9.622300000000000000e+04 4.744800000000000000e+04
9.894717000000000000e+06 2.158000000000000000e+03 2.016000000000000000e+03 2.060000000000000000e+03 9.729300000000000000e+04 4.786300000000000000e+04
9.893709000000000000e+06 2.123000000000000000e+03 2.024000000000000000e+03 2.035000000000000000e+03 9.835300000000000000e+04 4.829600000000000000e+04
9.892688000000000000e+06 2.097000000000000000e+03 2.040000000000000000e+03 2.045000000000000000e+03 9.937400000000000000e+04 4.873200000000000000e+04
9.891637000000000000e+06 2.095000000000000000e+03 2.012000000000000000e+03 2.118000000000000000e+03 1.003820000000000000e+05 4.916800000000000000e+04
9.890575000000000000e+06 2.104000000000000000e+03 2.032000000000000000e+03 2.091000000000000000e+03 1.014420000000000000e+05 4.958700000000000000e+04
9.889516000000000000e+06 2.088000000000000000e+03 2.090000000000000000e+03 2.067000000000000000e+03 1.024830000000000000e+05 5.002000000000000000e+04
9.888440000000000000e+06 2.124000000000000000e+03 2.110000000000000000e+03 2.069000000000000000e+03 1.035010000000000000e+05 5.045900000000000000e+04
9.887373000000000000e+06 2.153000000000000000e+03 2.147000000000000000e+03 2.055000000000000000e+03 1.045160000000000000e+05 5.088200000000000000e+04
9.886243000000000000e+06 2.183000000000000000e+03 2.220000000000000000e+03 2.033000000000000000e+03 1.055650000000000000e+05 5.130400000000000000e+04
9.885185000000000000e+06 2.195000000000000000e+03 2.153000000000000000e+03 2.049000000000000000e+03 1.066620000000000000e+05 5.176300000000000000e+04
9.884110000000000000e+06 2.125000000000000000e+03 2.192000000000000000e+03 2.123000000000000000e+03 1.076940000000000000e+05 5.217800000000000000e+04
9.883050000000000000e+06 2.123000000000000000e+03 2.171000000000000000e+03 2.095000000000000000e+03 1.088050000000000000e+05 5.262000000000000000e+04
9.881927000000000000e+06 2.166000000000000000e+03 2.187000000000000000e+03 2.109000000000000000e+03 1.098550000000000000e+05 5.304600000000000000e+04
9.880783000000000000e+06 2.252000000000000000e+03 2.146000000000000000e+03 2.104000000000000000e+03 1.109590000000000000e+05 5.350900000000000000e+04
9.879619000000000000e+06 2.297000000000000000e+03 2.208000000000000000e+03 2.110000000000000000e+03 1.120100000000000000e+05 5.393900000000000000e+04
9.878449000000000000e+06 2.367000000000000000e+03 2.149000000000000000e+03 2.141000000000000000e+03 1.131380000000000000e+05 5.435900000000000000e+04
9.877328000000000000e+06 2.312000000000000000e+03 2.204000000000000000e+03 2.201000000000000000e+03 1.141990000000000000e+05 5.481000000000000000e+04
9.876181000000000000e+06 2.295000000000000000e+03 2.241000000000000000e+03 2.248000000000000000e+03 1.152790000000000000e+05 5.525100000000000000e+04
9.874996000000000000e+06 2.354000000000000000e+03 2.288000000000000000e+03 2.247000000000000000e+03 1.163590000000000000e+05 5.566700000000000000e+04
9.873850000000000000e+06 2.349000000000000000e+03 2.276000000000000000e+03 2.254000000000000000e+03 1.175150000000000000e+05 5.611200000000000000e+04
9.872716000000000000e+06 2.346000000000000000e+03 2.258000000000000000e+03 2.239000000000000000e+03 1.186850000000000000e+05 5.657000000000000000e+04
9.871509000000000000e+06 2.358000000000000000e+03 2.308000000000000000e+03 2.268000000000000000e+03 1.198010000000000000e+05 5.701700000000000000e+04
9.870318000000000000e+06 2.385000000000000000e+03 2.342000000000000000e+03 2.245000000000000000e+03 1.209540000000000000e+05 5.746700000000000000e+04
9.869055000000000000e+06 2.462000000000000000e+03 2.365000000000000000e+03 2.322000000000000000e+03 1.220400000000000000e+05 5.790000000000000000e+04
9.867795000000000000e+06 2.480000000000000000e+03 2.434000000000000000e+03 2.355000000000000000e+03 1.231800000000000000e+05 5.831700000000000000e+04
9.866553000000000000e+06 2.486000000000000000e+03 2.394000000000000000e+03 2.395000000000000000e+03 1.244160000000000000e+05 5.876100000000000000e+04
9.865335000000000000e+06 2.442000000000000000e+03 2.403000000000000000e+03 2.409000000000000000e+03 1.256550000000000000e+05 5.919200000000000000e+04
9.864089000000000000e+06 2.473000000000000000e+03 2.422000000000000000e+03 2.404000000000000000e+03 1.268560000000000000e+05 5.962900000000000000e+04
9.862792000000000000e+06 2.541000000000000000e+03 2.473000000000000000e+03 2.392000000000000000e+03 1.280460000000000000e+05 6.005900000000000000e+04
9.861556000000000000e+06 2.550000000000000000e+03 2.495000000000000000e+03 2.426000000000000000e+03 1.292170000000000000e+05 6.053300000000000000e+04
9.860279000000000000e+06 2.561000000000000000e+03 2.493000000000000000e+03 2.470000000000000000e+03 1.304410000000000000e+05 6.095400000000000000e+04
9.858974000000000000e+06 2.576000000000000000e+03 2.490000000000000000e+03 2.493000000000000000e+03 1.317110000000000000e+05 6.140200000000000000e+04
9.857747000000000000e+06 2.573000000000000000e+03 2.501000000000000000e+03 2.431000000000000000e+03 1.329920000000000000e+05 6.183200000000000000e+04
9.856440000000000000e+06 2.635000000000000000e+03 2.557000000000000000e+03 2.405000000000000000e+03 1.342070000000000000e+05 6.226500000000000000e+04
9.855096000000000000e+06 2.645000000000000000e+03 2.591000000000000000e+03 2.468000000000000000e+03 1.354440000000000000e+05 6.272300000000000000e+04
9.853794000000000000e+06 2.643000000000000000e+03 2.591000000000000000e+03 2.530000000000000000e+03 1.366860000000000000e+05 6.315100000000000000e+04
9.852490000000000000e+06 2.630000000000000000e+03 2.600000000000000000e+03 2.555000000000000000e+03 1.379690000000000000e+05 6.360800000000000000e+04
9.851193000000000000e+06 2.618000000000000000e+03 2.668000000000000000e+03 2.547000000000000000e+03 1.392180000000000000e+05 6.405100000000000000e+04
9.849845000000000000e+06 2.643000000000000000e+03 2.673000000000000000e+03 2.546000000000000000e+03 1.405370000000000000e+05 6.452500000000000000e+04
9.848463000000000000e+06 2.698000000000000000e+03 2.682000000000000000e+03 2.587000000000000000e+03 1.418140000000000000e+05 6.498900000000000000e+04
9.847081000000000000e+06 2.728000000000000000e+03 2.681000000000000000e+03 2.608000000000000000e+03 1.431460000000000000e+05 6.543100000000000000e+04
9.845797000000000000e+06 2.697000000000000000e+03 2.666000000000000000e+03 2.649000000000000000e+03 1.444350000000000000e+05 6.589200000000000000e+04
9.844460000000000000e+06 2.693000000000000000e+03 2.680000000000000000e+03 2.665000000000000000e+03 1.457460000000000000e+05 6.633900000000000000e+04
9.843070000000000000e+06 2.781000000000000000e+03 2.627000000000000000e+03 2.661000000000000000e+03 1.471050000000000000e+05 6.680800000000000000e+04
9.841766000000000000e+06 2.691000000000000000e+03 2.632000000000000000e+03 2.705000000000000000e+03 1.484500000000000000e+05 6.729500000000000000e+04
9.840388000000000000e+06 2.770000000000000000e+03 2.633000000000000000e+03 2.689000000000000000e+03 1.497640000000000000e+05 6.775700000000000000e+04
9.839008000000000000e+06 2.821000000000000000e+03 2.670000000000000000e+03 2.657000000000000000e+03 1.510880000000000000e+05 6.820500000000000000e+04
9.837663000000000000e+06 2.803000000000000000e+03 2.667000000000000000e+03 2.668000000000000000e+03 1.524430000000000000e+05 6.867800000000000000e+04
9.836251000000000000e+06 2.850000000000000000e+03 2.687000000000000000e+03 2.728000000000000000e+03 1.537280000000000000e+05 6.911700000000000000e+04
9.834831000000000000e+06 2.830000000000000000e+03 2.751000000000000000e+03 2.760000000000000000e+03 1.550720000000000000e+05 6.956300000000000000e+04
9.833400000000000000e+06 2.857000000000000000e+03 2.773000000000000000e+03 2.741000000000000000e+03 1.564730000000000000e+05 7.002300000000000000e+04
9.831984000000000000e+06 2.891000000000000000e+03 2.802000000000000000e+03 2.729000000000000000e+03 1.578380000000000000e+05 7.047000000000000000e+04
9.830541000000000000e+06 2.899000000000000000e+03 2.829000000000000000e+03 2.769000000000000000e+03 1.592060000000000000e+05 7.093300000000000000e+04
9.829052000000000000e+06 2.949000000000000000e+03 2.842000000000000000e+03 2.822000000000000000e+03 1.605790000000000000e+05 7.138800000000000000e+04
9.827563000000000000e+06 2.972000000000000000e+03 2.878000000000000000e+03 2.867000000000000000e+03 1.619640000000000000e+05 7.182000000000000000e+04
9.826068000000000000e+06 2.958000000000000000e+03 2.922000000000000000e+03 2.895000000000000000e+03 1.634010000000000000e+05 7.227500000000000000e+04
9.824557000000000000e+06 2.994000000000000000e+03 2.994000000000000000e+03 2.858000000000000000e+03 1.648410000000000000e+05 7.269100000000000000e+04
9.822977000000000000e+06 3.060000000000000000e+03 2.999000000000000000e+03 2.877000000000000000e+03 1.663310000000000000e+05 7.312800000000000000e+04
9.821407000000000000e+06 3.085000000000000000e+03 3.050000000000000000e+03 2.900000000000000000e+03 1.678020000000000000e+05 7.359600000000000000e+04
9.819807000000000000e+06 3.136000000000000000e+03 3.001000000000000000e+03 2.984000000000000000e+03 1.693160000000000000e+05 7.405200000000000000e+04
9.818224000000000000e+06 3.172000000000000000e+03 3.046000000000000000e+03 3.019000000000000000e+03 1.707830000000000000e+05 7.448700000000000000e+04
9.816683000000000000e+06 3.126000000000000000e+03 3.115000000000000000e+03 3.078000000000000000e+03 1.722420000000000000e+05 7.493200000000000000e+04
9.815105000000000000e+06 3.189000000000000000e+03 3.105000000000000000e+03 3.005000000000000000e+03 1.738400000000000000e+05 7.541400000000000000e+04
9.813508000000000000e+06 3.218000000000000000e+03 3.089000000000000000e+03 3.049000000000000000e+03 1.753800000000000000e+05 7.586800000000000000e+04
9.811903000000000000e+06 3.218000000000000000e+03 3.082000000000000000e+03 3.089000000000000000e+03 1.769520000000000000e+05 7.635300000000000000e+04
9.810272000000000000e+06 3.223000000000000000e+03 3.115000000000000000e+03 3.147000000000000000e+03 1.784870000000000000e+05 7.681700000000000000e+04
9.808680000000000000e+06 3.234000000000000000e+03 3.147000000000000000e+03 3.160000000000000000e+03 1.800230000000000000e+05 7.727400000000000000e+04
9.807049000000000000e+06 3.241000000000000000e+03 3.172000000000000000e+03 3.214000000000000000e+03 1.815680000000000000e+05 7.774500000000000000e+04
9.805382000000000000e+06 3.254000000000000000e+03 3.255000000000000000e+03 3.193000000000000000e+03 1.831600000000000000e+05 7.822900000000000000e+04
9.803696000000000000e+06 3.273000000000000000e+03 3.303000000000000000e+03 3.244000000000000000e+03 1.847280000000000000e+05 7.868900000000000000e+04
9.801990000000000000e+06 3.315000000000000000e+03 3.324000000000000000e+03 3.233000000000000000e+03 1.863820000000000000e+05 7.916600000000000000e+04
9.800215000000000000e+06 3.434000000000000000e+03 3.322000000000000000e+03 3.230000000000000000e+03 1.880430000000000000e+05 7.967700000000000000e+04
9.798416000000000000e+06 3.527000000000000000e+03 3.397000000000000000e+03 3.238000000000000000e+03 1.896660000000000000e+05 8.011600000000000000e+04
9.796670000000000000e+06 3.489000000000000000e+03 3.496000000000000000e+03 3.274000000000000000e+03 1.913150000000000000e+05 8.059600000000000000e+04
9.794887000000000000e+06 3.533000000000000000e+03 3.474000000000000000e+03 3.358000000000000000e+03 1.929920000000000000e+05 8.106700000000000000e+04
9.793091000000000000e+06 3.583000000000000000e+03 3.516000000000000000e+03 3.415000000000000000e+03 1.946390000000000000e+05 8.154300000000000000e+04
9.791370000000000000e+06 3.503000000000000000e+03 3.476000000000000000e+03 3.478000000000000000e+03 1.964170000000000000e+05 8.200100000000000000e+04
9.789538000000000000e+06 3.604000000000000000e+03 3.481000000000000000e+03 3.459000000000000000e+03 1.981620000000000000e+05 8.247200000000000000e+04
9.787780000000000000e+06 3.483000000000000000e+03 3.564000000000000000e+03 3.521000000000000000e+03 1.998960000000000000e+05 8.292800000000000000e+04
9.785928000000000000e+06 3.599000000000000000e+03 3.605000000000000000e+03 3.502000000000000000e+03 2.016100000000000000e+05 8.340200000000000000e+04
9.784070000000000000e+06 3.614000000000000000e+03 3.676000000000000000e+03 3.550000000000000000e+03 2.033340000000000000e+05 8.387800000000000000e+04
9.782269000000000000e+06 3.605000000000000000e+03 3.606000000000000000e+03 3.597000000000000000e+03 2.051670000000000000e+05 8.433500000000000000e+04
9.780410000000000000e+06 3.645000000000000000e+03 3.578000000000000000e+03 3.670000000000000000e+03 2.069410000000000000e+05 8.479700000000000000e+04
9.778538000000000000e+06 3.705000000000000000e+03 3.483000000000000000e+03 3.712000000000000000e+03 2.088060000000000000e+05 8.527000000000000000e+04
9.776763000000000000e+06 3.709000000000000000e+03 3.432000000000000000e+03 3.722000000000000000e+03 2.106180000000000000e+05 8.577700000000000000e+04
9.775003000000000000e+06 3.680000000000000000e+03 3.471000000000000000e+03 3.680000000000000000e+03 2.124100000000000000e+05 8.628300000000000000e+04
9.773148000000000000e+06 3.711000000000000000e+03 3.561000000000000000e+03 3.660000000000000000e+03 2.141640000000000000e+05 8.674400000000000000e+04
9.771285000000000000e+06 3.695000000000000000e+03 3.616000000000000000e+03 3.616000000000000000e+03 2.160320000000000000e+05 8.720700000000000000e+04
9.769512000000000000e+06 3.682000000000000000e+03 3.606000000000000000e+03 3.574000000000000000e+03 2.178700000000000000e+05 8.768800000000000000e+04
9.767655000000000000e+06 3.695000000000000000e+03 3.639000000000000000e+03 3.591000000000000000e+03 2.196640000000000000e+05 8.815900000000000000e+04
9.765775000000000000e+06 3.807000000000000000e+03 3.587000000000000000e+03 3.591000000000000000e+03 2.214840000000000000e+05 8.864100000000000000e+04
9.763952000000000000e+06 3.763000000000000000e+03 3.612000000000000000e+03 3.632000000000000000e+03 2.232850000000000000e+05 8.914100000000000000e+04
9.762037000000000000e+06 3.805000000000000000e+03 3.635000000000000000e+03 3.687000000000000000e+03 2.250800000000000000e+05 8.964800000000000000e+04
9.760139000000000000e+06 3.826000000000000000e+03 3.630000000000000000e+03 3.686000000000000000e+03 2.269630000000000000e+05 9.012600000000000000e+04
9.758241000000000000e+06 3.814000000000000000e+03 3.700000000000000000e+03 3.711000000000000000e+03 2.287780000000000000e+05 9.062000000000000000e+04
9.756363000000000000e+06 3.842000000000000000e+03 3.757000000000000000e+03 3.649000000000000000e+03 2.306330000000000000e+05 9.112400000000000000e+04
9.754480000000000000e+06 3.817000000000000000e+03 3.788000000000000000e+03 3.665000000000000000e+03 2.324940000000000000e+05 9.159500000000000000e+04
9.752490000000000000e+06 3.836000000000000000e+03 3.840000000000000000e+03 3.662000000000000000e+03 2.344160000000000000e+05 9.208800000000000000e+04
9.750478000000000000e+06 3.943000000000000000e+03 3.835000000000000000e+03 3.692000000000000000e+03 2.362960000000000000e+05 9.260400000000000000e+04
9.748467000000000000e+06 4.030000000000000000e+03 3.822000000000000000e+03 3.766000000000000000e+03 2.381590000000000000e+05 9.309400000000000000e+04
9.746486000000000000e+06 4.074000000000000000e+03 3.799000000000000000e+03 3.799000000000000000e+03 2.400860000000000000e+05 9.356500000000000000e+04
9.744490000000000000e+06 4.067000000000000000e+03 3.821000000000000000e+03 3.900000000000000000e+03 2.419660000000000000e+05 9.404000000000000000e+04
9.742478000000000000e+06 4.072000000000000000e+03 3.896000000000000000e+03 3.946000000000000000e+03 2.438520000000000000e+05 9.453400000000000000e+04
9.740525000000000000e+06 4.024000000000000000e+03 3.933000000000000000e+03 3.964000000000000000e+03 2.457980000000000000e+05 9.501800000000000000e+04
9.738411000000000000e+06 4.113000000000000000e+03 3.938000000000000000e+03 4.009000000000000000e+03 2.477730000000000000e+05 9.549200000000000000e+04
9.736469000000000000e+06 4.007000000000000000e+03 4.060000000000000000e+03 4.029000000000000000e+03 2.496790000000000000e+05 9.596900000000000000e+04
9.734430000000000000e+06 4.037000000000000000e+03 4.003000000000000000e+03 4.068000000000000000e+03 2.517060000000000000e+05 9.646800000000000000e+04
9.732299000000000000e+06 4.138000000000000000e+03 3.971000000000000000e+03 4.037000000000000000e+03 2.537990000000000000e+05 9.699700000000000000e+04
9.730342000000000000e+06 4.101000000000000000e+03 3.972000000000000000e+03 4.074000000000000000e+03 2.557550000000000000e+05 9.750900000000000000e+04
9.728325000000000000e+06 4.079000000000000000e+03 3.949000000000000000e+03 4.074000000000000000e+03 2.578170000000000000e+05 9.801200000000000000e+04
9.726317000000000000e+06 3.997000000000000000e+03 4.030000000000000000e+03 4.101000000000000000e+03 2.597990000000000000e+05 9.851700000000000000e+04
9.724295000000000000e+06 3.955000000000000000e+03 4.071000000000000000e+03 4.111000000000000000e+03 2.618120000000000000e+05 9.903100000000000000e+04
9.722271000000000000e+06 4.089000000000000000e+03 4.036000000000000000e+03 4.040000000000000000e+03 2.638080000000000000e+05 9.953300000000000000e+04
9.720232000000000000e+06 4.132000000000000000e+03 3.998000000000000000e+03 4.059000000000000000e+03 2.658230000000000000e+05 1.000340000000000000e+05
9.718118000000000000e+06 4.190000000000000000e+03 4.005000000000000000e+03 4.099000000000000000e+03 2.678320000000000000e+05 1.005370000000000000e+05
9.716126000000000000e+06 4.068000000000000000e+03 4.071000000000000000e+03 4.075000000000000000e+03 2.699040000000000000e+05 1.010380000000000000e+05
9.714022000000000000e+06 4.109000000000000000e+03 4.063000000000000000e+03 4.128000000000000000e+03 2.719220000000000000e+05 1.015240000000000000e+05
9.711942000000000000e+06 4.158000000000000000e+03 4.065000000000000000e+03 4.061000000000000000e+03 2.740180000000000000e+05 1.020250000000000000e+05
9.709772000000000000e+06 4.227000000000000000e+03 4.078000000000000000e+03 4.109000000000000000e+03 2.760580000000000000e+05 1.025180000000000000e+05
9.707719000000000000e+06 4.259000000000000000e+03 4.096000000000000000e+03 4.078000000000000000e+03 2.780920000000000000e+05 1.030320000000000000e+05
9.705575000000000000e+06 4.260000000000000000e+03 4.104000000000000000e+03 4.128000000000000000e+03 2.801770000000000000e+05 1.035320000000000000e+05
9.703476000000000000e+06 4.192000000000000000e+03 4.210000000000000000e+03 4.201000000000000000e+03 2.821650000000000000e+05 1.040450000000000000e+05
9.701336000000000000e+06 4.229000000000000000e+03 4.181000000000000000e+03 4.244000000000000000e+03 2.842540000000000000e+05 1.045530000000000000e+05
9.699163000000000000e+06 4.323000000000000000e+03 4.155000000000000000e+03 4.302000000000000000e+03 2.863010000000000000e+05 1.050640000000000000e+05
9.697115000000000000e+06 4.231000000000000000e+03 4.187000000000000000e+03 4.288000000000000000e+03 2.884230000000000000e+05 1.055670000000000000e+05
9.694987000000000000e+06 4.235000000000000000e+03 4.157000000000000000e+03 4.312000000000000000e+03 2.905530000000000000e+05 1.060940000000000000e+05
9.692905000000000000e+06 4.202000000000000000e+03 4.225000000000000000e+03 4.238000000000000000e+03 2.926740000000000000e+05 1.066060000000000000e+05
9.690752000000000000e+06 4.177000000000000000e+03 4.287000000000000000e+03 4.244000000000000000e+03 2.947840000000000000e+05 1.071150000000000000e+05
9.688527000000000000e+06 4.342000000000000000e+03 4.244000000000000000e+03 4.179000000000000000e+03 2.969520000000000000e+05 1.076560000000000000e+05
9.686395000000000000e+06 4.320000000000000000e+03 4.193000000000000000e+03 4.199000000000000000e+03 2.991370000000000000e+05 1.081560000000000000e+05
9.684244000000000000e+06 4.321000000000000000e+03 4.222000000000000000e+03 4.229000000000000000e+03 3.012280000000000000e+05 1.086690000000000000e+05
9.682023000000000000e+06 4.427000000000000000e+03 4.218000000000000000e+03 4.272000000000000000e+03 3.033040000000000000e+05 1.091720000000000000e+05
9.679913000000000000e+06 4.402000000000000000e+03 4.224000000000000000e+03 4.286000000000000000e+03 3.054190000000000000e+05 1.096450000000000000e+05
9.677823000000000000e+06 4.343000000000000000e+03 4.268000000000000000e+03 4.241000000000000000e+03 3.075690000000000000e+05 1.101430000000000000e+05
9.675692000000000000e+06 4.261000000000000000e+03 4.319000000000000000e+03 4.261000000000000000e+03 3.097110000000000000e+05 1.106640000000000000e+05
9.673497000000000000e+06 4.314000000000000000e+03 4.264000000000000000e+03 4.301000000000000000e+03 3.118680000000000000e+05 1.111550000000000000e+05
9.671295000000000000e+06 4.348000000000000000e+03 4.266000000000000000e+03 4.346000000000000000e+03 3.139890000000000000e+05 1.116730000000000000e+05
9.669144000000000000e+06 4.319000000000000000e+03 4.349000000000000000e+03 4.277000000000000000e+03 3.161550000000000000e+05 1.122030000000000000e+05
9.666916000000000000e+06 4.395000000000000000e+03 4.303000000000000000e+03 4.294000000000000000e+03 3.183360000000000000e+05 1.127140000000000000e+05
9.664779000000000000e+06 4.314000000000000000e+03 4.337000000000000000e+03 4.266000000000000000e+03 3.205480000000000000e+05 1.132020000000000000e+05
9.662578000000000000e+06 4.371000000000000000e+03 4.305000000000000000e+03 4.239000000000000000e+03 3.227510000000000000e+05 1.137000000000000000e+05
9.660474000000000000e+06 4.358000000000000000e+03 4.247000000000000000e+03 4.253000000000000000e+03 3.249120000000000000e+05 1.141770000000000000e+05
9.658318000000000000e+06 4.237000000000000000e+03 4.382000000000000000e+03 4.241000000000000000e+03 3.270660000000000000e+05 1.146910000000000000e+05
9.656186000000000000e+06 4.294000000000000000e+03 4.336000000000000000e+03 4.258000000000000000e+03 3.291700000000000000e+05 1.152160000000000000e+05
9.654022000000000000e+06 4.371000000000000000e+03 4.301000000000000000e+03 4.250000000000000000e+03 3.313000000000000000e+05 1.157200000000000000e+05
9.651892000000000000e+06 4.343000000000000000e+03 4.339000000000000000e+03 4.301000000000000000e+03 3.333690000000000000e+05 1.162480000000000000e+05
9.649620000000000000e+06 4.492000000000000000e+03 4.352000000000000000e+03 4.271000000000000000e+03 3.355090000000000000e+05 1.167350000000000000e+05
9.647469000000000000e+06 4.451000000000000000e+03 4.385000000000000000e+03 4.251000000000000000e+03 3.376880000000000000e+05 1.172520000000000000e+05
9.645212000000000000e+06 4.464000000000000000e+03 4.419000000000000000e+03 4.299000000000000000e+03 3.398500000000000000e+05 1.177980000000000000e+05
9.642971000000000000e+06 4.426000000000000000e+03 4.421000000000000000e+03 4.407000000000000000e+03 3.420190000000000000e+05 1.182930000000000000e+05
9.640690000000000000e+06 4.477000000000000000e+03 4.417000000000000000e+03 4.485000000000000000e+03 3.441750000000000000e+05 1.187960000000000000e+05
9.638476000000000000e+06 4.512000000000000000e+03 4.431000000000000000e+03 4.431000000000000000e+03 3.463940000000000000e+05 1.192940000000000000e+05
9.636211000000000000e+06 4.538000000000000000e+03 4.441000000000000000e+03 4.439000000000000000e+03 3.486150000000000000e+05 1.197930000000000000e+05
9.633965000000000000e+06 4.501000000000000000e+03 4.514000000000000000e+03 4.527000000000000000e+03 3.507370000000000000e+05 1.202990000000000000e+05
9.631676000000000000e+06 4.482000000000000000e+03 4.469000000000000000e+03 4.555000000000000000e+03 3.530620000000000000e+05 1.208260000000000000e+05
9.629416000000000000e+06 4.503000000000000000e+03 4.469000000000000000e+03 4.608000000000000000e+03 3.552480000000000000e+05 1.213370000000000000e+05
9.627115000000000000e+06 4.617000000000000000e+03 4.384000000000000000e+03 4.568000000000000000e+03 3.575600000000000000e+05 1.218480000000000000e+05
9.624863000000000000e+06 4.645000000000000000e+03 4.365000000000000000e+03 4.569000000000000000e+03 3.598020000000000000e+05 1.223420000000000000e+05
9.622720000000000000e+06 4.571000000000000000e+03 4.347000000000000000e+03 4.552000000000000000e+03 3.620540000000000000e+05 1.228610000000000000e+05
9.620513000000000000e+06 4.503000000000000000e+03 4.370000000000000000e+03 4.469000000000000000e+03 3.643890000000000000e+05 1.233600000000000000e+05
9.618390000000000000e+06 4.386000000000000000e+03 4.394000000000000000e+03 4.487000000000000000e+03 3.665870000000000000e+05 1.239010000000000000e+05
9.616076000000000000e+06 4.509000000000000000e+03 4.397000000000000000e+03 4.438000000000000000e+03 3.688240000000000000e+05 1.244170000000000000e+05
9.613848000000000000e+06 4.410000000000000000e+03 4.401000000000000000e+03 4.524000000000000000e+03 3.710610000000000000e+05 1.249280000000000000e+05
9.611631000000000000e+06 4.436000000000000000e+03 4.410000000000000000e+03 4.504000000000000000e+03 3.732630000000000000e+05 1.254580000000000000e+05
9.609409000000000000e+06 4.424000000000000000e+03 4.401000000000000000e+03 4.437000000000000000e+03 3.755730000000000000e+05 1.259570000000000000e+05
9.607212000000000000e+06 4.407000000000000000e+03 4.441000000000000000e+03 4.422000000000000000e+03 3.777620000000000000e+05 1.264860000000000000e+05
9.604940000000000000e+06 4.530000000000000000e+03 4.433000000000000000e+03 4.377000000000000000e+03 3.799640000000000000e+05 1.269760000000000000e+05
9.602748000000000000e+06 4.472000000000000000e+03 4.459000000000000000e+03 4.350000000000000000e+03 3.822150000000000000e+05 1.275000000000000000e+05
9.600501000000000000e+06 4.467000000000000000e+03 4.490000000000000000e+03 4.316000000000000000e+03 3.844700000000000000e+05 1.280260000000000000e+05
9.598173000000000000e+06 4.572000000000000000e+03 4.489000000000000000e+03 4.384000000000000000e+03 3.866260000000000000e+05 1.285330000000000000e+05
9.595898000000000000e+06 4.574000000000000000e+03 4.513000000000000000e+03 4.434000000000000000e+03 3.888250000000000000e+05 1.290580000000000000e+05
9.593598000000000000e+06 4.634000000000000000e+03 4.496000000000000000e+03 4.504000000000000000e+03 3.910120000000000000e+05 1.295530000000000000e+05
9.591374000000000000e+06 4.595000000000000000e+03 4.456000000000000000e+03 4.584000000000000000e+03 3.932350000000000000e+05 1.300730000000000000e+05
9.589162000000000000e+06 4.525000000000000000e+03 4.458000000000000000e+03 4.585000000000000000e+03 3.955140000000000000e+05 1.306030000000000000e+05
9.586935000000000000e+06 4.558000000000000000e+03 4.393000000000000000e+03 4.646000000000000000e+03 3.977120000000000000e+05 1.311180000000000000e+05
9.584747000000000000e+06 4.507000000000000000e+03 4.398000000000000000e+03 4.555000000000000000e+03 4.000370000000000000e+05 1.316500000000000000e+05
9.582459000000000000e+06 4.428000000000000000e+03 4.494000000000000000e+03 4.582000000000000000e+03 4.022810000000000000e+05 1.321770000000000000e+05
9.580251000000000000e+06 4.464000000000000000e+03 4.465000000000000000e+03 4.483000000000000000e+03 4.045810000000000000e+05 1.327000000000000000e+05
9.578021000000000000e+06 4.533000000000000000e+03 4.452000000000000000e+03 4.475000000000000000e+03 4.067630000000000000e+05 1.332100000000000000e+05
9.575748000000000000e+06 4.522000000000000000e+03 4.506000000000000000e+03 4.475000000000000000e+03 4.089930000000000000e+05 1.337390000000000000e+05
9.573423000000000000e+06 4.632000000000000000e+03 4.496000000000000000e+03 4.489000000000000000e+03 4.112040000000000000e+05 1.342920000000000000e+05
9.571184000000000000e+06 4.618000000000000000e+03 4.443000000000000000e+03 4.535000000000000000e+03 4.134640000000000000e+05 1.348180000000000000e+05
9.568981000000000000e+06 4.527000000000000000e+03 4.460000000000000000e+03 4.611000000000000000e+03 4.156650000000000000e+05 1.353680000000000000e+05
9.566756000000000000e+06 4.546000000000000000e+03 4.470000000000000000e+03 4.555000000000000000e+03 4.179170000000000000e+05 1.358930000000000000e+05
9.564500000000000000e+06 4.576000000000000000e+03 4.510000000000000000e+03 4.545000000000000000e+03 4.201130000000000000e+05 1.364340000000000000e+05
9.562126000000000000e+06 4.681000000000000000e+03 4.554000000000000000e+03 4.493000000000000000e+03 4.223900000000000000e+05 1.369730000000000000e+05
9.559823000000000000e+06 4.625000000000000000e+03 4.642000000000000000e+03 4.524000000000000000e+03 4.246300000000000000e+05 1.375070000000000000e+05
9.557448000000000000e+06 4.749000000000000000e+03 4.628000000000000000e+03 4.519000000000000000e+03 4.269000000000000000e+05 1.380520000000000000e+05
9.555085000000000000e+06 4.815000000000000000e+03 4.667000000000000000e+03 4.428000000000000000e+03 4.292490000000000000e+05 1.385830000000000000e+05
9.552801000000000000e+06 4.781000000000000000e+03 4.715000000000000000e+03 4.430000000000000000e+03 4.315170000000000000e+05 1.391290000000000000e+05
9.550446000000000000e+06 4.777000000000000000e+03 4.763000000000000000e+03 4.534000000000000000e+03 4.337240000000000000e+05 1.396750000000000000e+05
9.548116000000000000e+06 4.696000000000000000e+03 4.797000000000000000e+03 4.622000000000000000e+03 4.360130000000000000e+05 1.402130000000000000e+05
9.545620000000000000e+06 4.905000000000000000e+03 4.694000000000000000e+03 4.631000000000000000e+03 4.383940000000000000e+05 1.407160000000000000e+05
9.543223000000000000e+06 4.900000000000000000e+03 4.733000000000000000e+03 4.710000000000000000e+03 4.406780000000000000e+05 1.412060000000000000e+05
9.540905000000000000e+06 4.803000000000000000e+03 4.735000000000000000e+03 4.712000000000000000e+03 4.430890000000000000e+05 1.417280000000000000e+05
9.538578000000000000e+06 4.785000000000000000e+03 4.689000000000000000e+03 4.723000000000000000e+03 4.454690000000000000e+05 1.422620000000000000e+05
9.536266000000000000e+06 4.752000000000000000e+03 4.654000000000000000e+03 4.830000000000000000e+03 4.477420000000000000e+05 1.427770000000000000e+05
9.533910000000000000e+06 4.705000000000000000e+03 4.654000000000000000e+03 4.878000000000000000e+03 4.500970000000000000e+05 1.433040000000000000e+05
9.531610000000000000e+06 4.660000000000000000e+03 4.667000000000000000e+03 4.805000000000000000e+03 4.525020000000000000e+05 1.438260000000000000e+05
9.529249000000000000e+06 4.670000000000000000e+03 4.679000000000000000e+03 4.753000000000000000e+03 4.548930000000000000e+05 1.443320000000000000e+05
9.526959000000000000e+06 4.655000000000000000e+03 4.701000000000000000e+03 4.651000000000000000e+03 4.572780000000000000e+05 1.448840000000000000e+05
9.524571000000000000e+06 4.706000000000000000e+03 4.576000000000000000e+03 4.704000000000000000e+03 4.596870000000000000e+05 1.454210000000000000e+05
9.522339000000000000e+06 4.610000000000000000e+03 4.641000000000000000e+03 4.674000000000000000e+03 4.619800000000000000e+05 1.459670000000000000e+05
9.519944000000000000e+06 4.698000000000000000e+03 4.549000000000000000e+03 4.676000000000000000e+03 4.643770000000000000e+05 1.464870000000000000e+05
9.517650000000000000e+06 4.635000000000000000e+03 4.553000000000000000e+03 4.725000000000000000e+03 4.666810000000000000e+05 1.470220000000000000e+05
9.515428000000000000e+06 4.578000000000000000e+03 4.581000000000000000e+03 4.607000000000000000e+03 4.690500000000000000e+05 1.475270000000000000e+05
9.513114000000000000e+06 4.586000000000000000e+03 4.637000000000000000e+03 4.635000000000000000e+03 4.712720000000000000e+05 1.480460000000000000e+05
9.510768000000000000e+06 4.647000000000000000e+03 4.694000000000000000e+03 4.563000000000000000e+03 4.735720000000000000e+05 1.485890000000000000e+05
9.508420000000000000e+06 4.676000000000000000e+03 4.662000000000000000e+03 4.633000000000000000e+03 4.758530000000000000e+05 1.491320000000000000e+05
9.506020000000000000e+06 4.780000000000000000e+03 4.690000000000000000e+03 4.610000000000000000e+03 4.781440000000000000e+05 1.496480000000000000e+05
9.503698000000000000e+06 4.693000000000000000e+03 4.704000000000000000e+03 4.612000000000000000e+03 4.805370000000000000e+05 1.501740000000000000e+05
9.501387000000000000e+06 4.732000000000000000e+03 4.648000000000000000e+03 4.628000000000000000e+03 4.828490000000000000e+05 1.507100000000000000e+05
9.499057000000000000e+06 4.649000000000000000e+03 4.679000000000000000e+03 4.615000000000000000e+03 4.852440000000000000e+05 1.512510000000000000e+05
9.496731000000000000e+06 4.738000000000000000e+03 4.583000000000000000e+03 4.624000000000000000e+03 4.875680000000000000e+05 1.517920000000000000e+05
9.494467000000000000e+06 4.728000000000000000e+03 4.648000000000000000e+03 4.511000000000000000e+03 4.898900000000000000e+05 1.523060000000000000e+05
9.492118000000000000e+06 4.743000000000000000e+03 4.626000000000000000e+03 4.545000000000000000e+03 4.922120000000000000e+05 1.528530000000000000e+05
9.489807000000000000e+06 4.724000000000000000e+03 4.653000000000000000e+03 4.581000000000000000e+03 4.944790000000000000e+05 1.533720000000000000e+05
9.487473000000000000e+06 4.780000000000000000e+03 4.660000000000000000e+03 4.578000000000000000e+03 4.967530000000000000e+05 1.538890000000000000e+05
9.485179000000000000e+06 4.721000000000000000e+03 4.704000000000000000e+03 4.583000000000000000e+03 4.990570000000000000e+05 1.544230000000000000e+05
9.482817000000000000e+06 4.754000000000000000e+03 4.659000000000000000e+03 4.607000000000000000e+03 5.014070000000000000e+05 1.549640000000000000e+05
9.480424000000000000e+06 4.765000000000000000e+03 4.705000000000000000e+03 4.623000000000000000e+03 5.037270000000000000e+05 1.555040000000000000e+05
9.478086000000000000e+06 4.804000000000000000e+03 4.682000000000000000e+03 4.648000000000000000e+03 5.060240000000000000e+05 1.560430000000000000e+05
9.475733000000000000e+06 4.848000000000000000e+03 4.693000000000000000e+03 4.657000000000000000e+03 5.083130000000000000e+05 1.565850000000000000e+05
9.473372000000000000e+06 4.773000000000000000e+03 4.698000000000000000e+03 4.670000000000000000e+03 5.107310000000000000e+05 1.571230000000000000e+05
9.470982000000000000e+06 4.789000000000000000e+03 4.702000000000000000e+03 4.653000000000000000e+03 5.131180000000000000e+05 1.576650000000000000e+05
9.468591000000000000e+06 4.786000000000000000e+03 4.717000000000000000e+03 4.685000000000000000e+03 5.154650000000000000e+05 1.582000000000000000e+05
9.466105000000000000e+06 4.863000000000000000e+03 4.730000000000000000e+03 4.693000000000000000e+03 5.178530000000000000e+05 1.587390000000000000e+05
9.463791000000000000e+06 4.772000000000000000e+03 4.797000000000000000e+03 4.741000000000000000e+03 5.201430000000000000e+05 1.592580000000000000e+05
9.461392000000000000e+06 4.758000000000000000e+03 4.801000000000000000e+03 4.726000000000000000e+03 5.225670000000000000e+05 1.598030000000000000e+05
9.459022000000000000e+06 4.793000000000000000e+03 4.795000000000000000e+03 4.742000000000000000e+03 5.248920000000000000e+05 1.603460000000000000e+05
9.456597000000000000e+06 4.863000000000000000e+03 4.746000000000000000e+03 4.715000000000000000e+03 5.273230000000000000e+05 1.608280000000000000e+05
9.454192000000000000e+06 4.831000000000000000e+03 4.786000000000000000e+03 4.752000000000000000e+03 5.296830000000000000e+05 1.613760000000000000e+05
9.451896000000000000e+06 4.703000000000000000e+03 4.783000000000000000e+03 4.800000000000000000e+03 5.320620000000000000e+05 1.619020000000000000e+05
9.449545000000000000e+06 4.757000000000000000e+03 4.676000000000000000e+03 4.832000000000000000e+03 5.344340000000000000e+05 1.624320000000000000e+05
9.447172000000000000e+06 4.735000000000000000e+03 4.715000000000000000e+03 4.780000000000000000e+03 5.368420000000000000e+05 1.629860000000000000e+05
9.444749000000000000e+06 4.766000000000000000e+03 4.711000000000000000e+03 4.844000000000000000e+03 5.391740000000000000e+05 1.635460000000000000e+05
9.442340000000000000e+06 4.830000000000000000e+03 4.721000000000000000e+03 4.795000000000000000e+03 5.415580000000000000e+05 1.640510000000000000e+05
9.439938000000000000e+06 4.849000000000000000e+03 4.714000000000000000e+03 4.726000000000000000e+03 5.440170000000000000e+05 1.646000000000000000e+05
9.437550000000000000e+06 4.807000000000000000e+03 4.746000000000000000e+03 4.773000000000000000e+03 5.463680000000000000e+05 1.651030000000000000e+05
9.435152000000000000e+06 4.793000000000000000e+03 4.773000000000000000e+03 4.816000000000000000e+03 5.487100000000000000e+05 1.656600000000000000e+05
9.432761000000000000e+06 4.867000000000000000e+03 4.743000000000000000e+03 4.748000000000000000e+03 5.511250000000000000e+05 1.661980000000000000e+05
9.430400000000000000e+06 4.838000000000000000e+03 4.755000000000000000e+03 4.823000000000000000e+03 5.534280000000000000e+05 1.667150000000000000e+05
9.428125000000000000e+06 4.769000000000000000e+03 4.778000000000000000e+03 4.739000000000000000e+03 5.558330000000000000e+05 1.672530000000000000e+05
9.425741000000000000e+06 4.804000000000000000e+03 4.703000000000000000e+03 4.730000000000000000e+03 5.582660000000000000e+05 1.677980000000000000e+05
9.423481000000000000e+06 4.742000000000000000e+03 4.683000000000000000e+03 4.698000000000000000e+03 5.606400000000000000e+05 1.683530000000000000e+05
9.421090000000000000e+06 4.771000000000000000e+03 4.707000000000000000e+03 4.617000000000000000e+03 5.630590000000000000e+05 1.689050000000000000e+05
9.418726000000000000e+06 4.714000000000000000e+03 4.731000000000000000e+03 4.666000000000000000e+03 5.654070000000000000e+05 1.694290000000000000e+05
9.416426000000000000e+06 4.604000000000000000e+03 4.746000000000000000e+03 4.709000000000000000e+03 5.677590000000000000e+05 1.699830000000000000e+05
9.414051000000000000e+06 4.664000000000000000e+03 4.798000000000000000e+03 4.691000000000000000e+03 5.700400000000000000e+05 1.705180000000000000e+05
9.411719000000000000e+06 4.611000000000000000e+03 4.741000000000000000e+03 4.761000000000000000e+03 5.724120000000000000e+05 1.710630000000000000e+05
9.409340000000000000e+06 4.654000000000000000e+03 4.741000000000000000e+03 4.773000000000000000e+03 5.747360000000000000e+05 1.716230000000000000e+05
9.406968000000000000e+06 4.737000000000000000e+03 4.659000000000000000e+03 4.702000000000000000e+03 5.771780000000000000e+05 1.721590000000000000e+05
9.404675000000000000e+06 4.697000000000000000e+03 4.624000000000000000e+03 4.663000000000000000e+03 5.795850000000000000e+05 1.726990000000000000e+05
9.402389000000000000e+06 4.644000000000000000e+03 4.598000000000000000e+03 4.593000000000000000e+03 5.820200000000000000e+05 1.732220000000000000e+05
9.400130000000000000e+06 4.569000000000000000e+03 4.526000000000000000e+03 4.636000000000000000e+03 5.843830000000000000e+05 1.737710000000000000e+05
9.397916000000000000e+06 4.499000000000000000e+03 4.614000000000000000e+03 4.615000000000000000e+03 5.866000000000000000e+05 1.742960000000000000e+05
9.395665000000000000e+06 4.537000000000000000e+03 4.542000000000000000e+03 4.562000000000000000e+03 5.889380000000000000e+05 1.748300000000000000e+05
9.393433000000000000e+06 4.497000000000000000e+03 4.488000000000000000e+03 4.583000000000000000e+03 5.912430000000000000e+05 1.753540000000000000e+05
9.391190000000000000e+06 4.566000000000000000e+03 4.478000000000000000e+03 4.534000000000000000e+03 5.934760000000000000e+05 1.758980000000000000e+05
9.389030000000000000e+06 4.503000000000000000e+03 4.427000000000000000e+03 4.528000000000000000e+03 5.957560000000000000e+05 1.764370000000000000e+05
9.386818000000000000e+06 4.455000000000000000e+03 4.420000000000000000e+03 4.529000000000000000e+03 5.980220000000000000e+05 1.769920000000000000e+05
9.384617000000000000e+06 4.413000000000000000e+03 4.461000000000000000e+03 4.519000000000000000e+03 6.002340000000000000e+05 1.775560000000000000e+05
9.382371000000000000e+06 4.496000000000000000e+03 4.389000000000000000e+03 4.495000000000000000e+03 6.024930000000000000e+05 1.780920000000000000e+05
9.380225000000000000e+06 4.450000000000000000e+03 4.348000000000000000e+03 4.456000000000000000e+03 6.047650000000000000e+05 1.786180000000000000e+05
9.378124000000000000e+06 4.376000000000000000e+03 4.371000000000000000e+03 4.423000000000000000e+03 6.069500000000000000e+05 1.791500000000000000e+05
9.376006000000000000e+06 4.312000000000000000e+03 4.351000000000000000e+03 4.429000000000000000e+03 6.091460000000000000e+05 1.796740000000000000e+05
9.373820000000000000e+06 4.304000000000000000e+03 4.353000000000000000e+03 4.457000000000000000e+03 6.113100000000000000e+05 1.801890000000000000e+05
9.371658000000000000e+06 4.322000000000000000e+03 4.283000000000000000e+03 4.435000000000000000e+03 6.135460000000000000e+05 1.807170000000000000e+05
9.369532000000000000e+06 4.332000000000000000e+03 4.239000000000000000e+03 4.345000000000000000e+03 6.157960000000000000e+05 1.812530000000000000e+05
9.367311000000000000e+06 4.324000000000000000e+03 4.311000000000000000e+03 4.269000000000000000e+03 6.180290000000000000e+05 1.818030000000000000e+05
9.365177000000000000e+06 4.318000000000000000e+03 4.352000000000000000e+03 4.298000000000000000e+03 6.200990000000000000e+05 1.823180000000000000e+05
9.362984000000000000e+06 4.331000000000000000e+03 4.410000000000000000e+03 4.334000000000000000e+03 6.221850000000000000e+05 1.828780000000000000e+05
9.360762000000000000e+06 4.407000000000000000e+03 4.320000000000000000e+03 4.325000000000000000e+03 6.244300000000000000e+05 1.834290000000000000e+05
9.358597000000000000e+06 4.424000000000000000e+03 4.300000000000000000e+03 4.299000000000000000e+03 6.266240000000000000e+05 1.839630000000000000e+05
9.356495000000000000e+06 4.373000000000000000e+03 4.361000000000000000e+03 4.274000000000000000e+03 6.287410000000000000e+05 1.844960000000000000e+05
9.354303000000000000e+06 4.385000000000000000e+03 4.393000000000000000e+03 4.287000000000000000e+03 6.308760000000000000e+05 1.850310000000000000e+05
9.352016000000000000e+06 4.464000000000000000e+03 4.408000000000000000e+03 4.321000000000000000e+03 6.330350000000000000e+05 1.855830000000000000e+05
9.349868000000000000e+06 4.373000000000000000e+03 4.491000000000000000e+03 4.286000000000000000e+03 6.352260000000000000e+05 1.861080000000000000e+05
9.347735000000000000e+06 4.348000000000000000e+03 4.467000000000000000e+03 4.247000000000000000e+03 6.374470000000000000e+05 1.866490000000000000e+05
9.345535000000000000e+06 4.383000000000000000e+03 4.419000000000000000e+03 4.292000000000000000e+03 6.396150000000000000e+05 1.872110000000000000e+05
9.343338000000000000e+06 4.445000000000000000e+03 4.361000000000000000e+03 4.255000000000000000e+03 6.418450000000000000e+05 1.877450000000000000e+05
9.341253000000000000e+06 4.311000000000000000e+03 4.317000000000000000e+03 4.322000000000000000e+03 6.440410000000000000e+05 1.882900000000000000e+05
9.339130000000000000e+06 4.285000000000000000e+03 4.293000000000000000e+03 4.355000000000000000e+03 6.461810000000000000e+05 1.888230000000000000e+05
9.337008000000000000e+06 4.266000000000000000e+03 4.234000000000000000e+03 4.362000000000000000e+03 6.483740000000000000e+05 1.893610000000000000e+05
9.334911000000000000e+06 4.204000000000000000e+03 4.282000000000000000e+03 4.318000000000000000e+03 6.505290000000000000e+05 1.899060000000000000e+05
9.332751000000000000e+06 4.233000000000000000e+03 4.329000000000000000e+03 4.275000000000000000e+03 6.526560000000000000e+05 1.904680000000000000e+05
9.330533000000000000e+06 4.261000000000000000e+03 4.306000000000000000e+03 4.330000000000000000e+03 6.548140000000000000e+05 1.910220000000000000e+05
9.328421000000000000e+06 4.299000000000000000e+03 4.284000000000000000e+03 4.341000000000000000e+03 6.568990000000000000e+05 1.915640000000000000e+05
9.326305000000000000e+06 4.237000000000000000e+03 4.299000000000000000e+03 4.331000000000000000e+03 6.590720000000000000e+05 1.921050000000000000e+05
9.324183000000000000e+06 4.204000000000000000e+03 4.284000000000000000e+03 4.350000000000000000e+03 6.612230000000000000e+05 1.926300000000000000e+05
9.322158000000000000e+06 4.281000000000000000e+03 4.234000000000000000e+03 4.250000000000000000e+03 6.633210000000000000e+05 1.931680000000000000e+05
9.320071000000000000e+06 4.258000000000000000e+03 4.187000000000000000e+03 4.223000000000000000e+03 6.655050000000000000e+05 1.936910000000000000e+05
9.318031000000000000e+06 4.210000000000000000e+03 4.211000000000000000e+03 4.159000000000000000e+03 6.676330000000000000e+05 1.942350000000000000e+05
9.315960000000000000e+06 4.185000000000000000e+03 4.245000000000000000e+03 4.169000000000000000e+03 6.696850000000000000e+05 1.947460000000000000e+05
9.313902000000000000e+06 4.125000000000000000e+03 4.192000000000000000e+03 4.227000000000000000e+03 6.717980000000000000e+05 1.952920000000000000e+05
9.311867000000000000e+06 4.140000000000000000e+03 4.083000000000000000e+03 4.222000000000000000e+03 6.739320000000000000e+05 1.958290000000000000e+05
9.309854000000000000e+06 4.132000000000000000e+03 4.049000000000000000e+03 4.161000000000000000e+03 6.760480000000000000e+05 1.963630000000000000e+05
9.307856000000000000e+06 4.162000000000000000e+03 4.011000000000000000e+03 4.084000000000000000e+03 6.781310000000000000e+05 1.969180000000000000e+05
9.305923000000000000e+06 4.019000000000000000e+03 3.976000000000000000e+03 4.061000000000000000e+03 6.802650000000000000e+05 1.974570000000000000e+05
9.303983000000000000e+06 3.988000000000000000e+03 4.000000000000000000e+03 4.020000000000000000e+03 6.822530000000000000e+05 1.979780000000000000e+05
9.302030000000000000e+06 3.947000000000000000e+03 3.964000000000000000e+03 4.041000000000000000e+03 6.842620000000000000e+05 1.985030000000000000e+05
9.299983000000000000e+06 4.003000000000000000e+03 3.968000000000000000e+03 3.994000000000000000e+03 6.862960000000000000e+05 1.990370000000000000e+05
9.298089000000000000e+06 3.885000000000000000e+03 4.059000000000000000e+03 3.948000000000000000e+03 6.882630000000000000e+05 1.995780000000000000e+05
9.296075000000000000e+06 4.019000000000000000e+03 4.002000000000000000e+03 3.922000000000000000e+03 6.902260000000000000e+05 2.001130000000000000e+05
9.294120000000000000e+06 4.019000000000000000e+03 3.956000000000000000e+03 3.934000000000000000e+03 6.922150000000000000e+05 2.006570000000000000e+05
9.292226000000000000e+06 3.907000000000000000e+03 3.968000000000000000e+03 3.949000000000000000e+03 6.941940000000000000e+05 2.012040000000000000e+05
9.290298000000000000e+06 3.974000000000000000e+03 3.862000000000000000e+03 3.866000000000000000e+03 6.962440000000000000e+05 2.017560000000000000e+05
9.288394000000000000e+06 3.918000000000000000e+03 3.866000000000000000e+03 3.885000000000000000e+03 6.981810000000000000e+05 2.023100000000000000e+05
9.286476000000000000e+06 3.931000000000000000e+03 3.843000000000000000e+03 3.857000000000000000e+03 7.001370000000000000e+05 2.028450000000000000e+05
9.284526000000000000e+06 3.872000000000000000e+03 3.911000000000000000e+03 3.814000000000000000e+03 7.021210000000000000e+05 2.033990000000000000e+05
9.282601000000000000e+06 3.889000000000000000e+03 3.976000000000000000e+03 3.787000000000000000e+03 7.039910000000000000e+05 2.039560000000000000e+05
9.280601000000000000e+06 3.959000000000000000e+03 3.961000000000000000e+03 3.791000000000000000e+03 7.059320000000000000e+05 2.044870000000000000e+05
9.278693000000000000e+06 3.946000000000000000e+03 3.943000000000000000e+03 3.838000000000000000e+03 7.078240000000000000e+05 2.050540000000000000e+05
9.276807000000000000e+06 3.904000000000000000e+03 3.962000000000000000e+03 3.846000000000000000e+03 7.097250000000000000e+05 2.055890000000000000e+05
9.274859000000000000e+06 3.928000000000000000e+03 3.894000000000000000e+03 3.812000000000000000e+03 7.117510000000000000e+05 2.061450000000000000e+05
9.272931000000000000e+06 3.934000000000000000e+03 3.809000000000000000e+03 3.850000000000000000e+03 7.137200000000000000e+05 2.066700000000000000e+05
9.271094000000000000e+06 3.879000000000000000e+03 3.835000000000000000e+03 3.769000000000000000e+03 7.156670000000000000e+05 2.072020000000000000e+05
9.269190000000000000e+06 3.859000000000000000e+03 3.818000000000000000e+03 3.823000000000000000e+03 7.175540000000000000e+05 2.077360000000000000e+05
9.267374000000000000e+06 3.807000000000000000e+03 3.803000000000000000e+03 3.740000000000000000e+03 7.195200000000000000e+05 2.082640000000000000e+05
9.265528000000000000e+06 3.762000000000000000e+03 3.824000000000000000e+03 3.765000000000000000e+03 7.213650000000000000e+05 2.088140000000000000e+05
9.263641000000000000e+06 3.757000000000000000e+03 3.787000000000000000e+03 3.784000000000000000e+03 7.232750000000000000e+05 2.093500000000000000e+05
9.261831000000000000e+06 3.692000000000000000e+03 3.774000000000000000e+03 3.762000000000000000e+03 7.251850000000000000e+05 2.099000000000000000e+05
9.260011000000000000e+06 3.675000000000000000e+03 3.733000000000000000e+03 3.731000000000000000e+03 7.270940000000000000e+05 2.104510000000000000e+05
9.258168000000000000e+06 3.682000000000000000e+03 3.726000000000000000e+03 3.743000000000000000e+03 7.289250000000000000e+05 2.110060000000000000e+05
9.256274000000000000e+06 3.760000000000000000e+03 3.675000000000000000e+03 3.704000000000000000e+03 7.308310000000000000e+05 2.115380000000000000e+05
9.254519000000000000e+06 3.690000000000000000e+03 3.673000000000000000e+03 3.641000000000000000e+03 7.327210000000000000e+05 2.120600000000000000e+05
9.252743000000000000e+06 3.639000000000000000e+03 3.700000000000000000e+03 3.616000000000000000e+03 7.345460000000000000e+05 2.126220000000000000e+05
9.250888000000000000e+06 3.674000000000000000e+03 3.711000000000000000e+03 3.602000000000000000e+03 7.363690000000000000e+05 2.131580000000000000e+05
9.249125000000000000e+06 3.581000000000000000e+03 3.708000000000000000e+03 3.663000000000000000e+03 7.381670000000000000e+05 2.137000000000000000e+05
9.247307000000000000e+06 3.676000000000000000e+03 3.668000000000000000e+03 3.613000000000000000e+03 7.399800000000000000e+05 2.142180000000000000e+05
9.245505000000000000e+06 3.674000000000000000e+03 3.688000000000000000e+03 3.565000000000000000e+03 7.418120000000000000e+05 2.147480000000000000e+05
9.243710000000000000e+06 3.675000000000000000e+03 3.689000000000000000e+03 3.559000000000000000e+03 7.436110000000000000e+05 2.152980000000000000e+05
9.241877000000000000e+06 3.690000000000000000e+03 3.655000000000000000e+03 3.539000000000000000e+03 7.454830000000000000e+05 2.158080000000000000e+05
9.240075000000000000e+06 3.648000000000000000e+03 3.667000000000000000e+03 3.630000000000000000e+03 7.472240000000000000e+05 2.163270000000000000e+05
9.238278000000000000e+06 3.657000000000000000e+03 3.678000000000000000e+03 3.645000000000000000e+03 7.489860000000000000e+05 2.168550000000000000e+05
9.236518000000000000e+06 3.539000000000000000e+03 3.643000000000000000e+03 3.666000000000000000e+03 7.508780000000000000e+05 2.174000000000000000e+05
9.234740000000000000e+06 3.588000000000000000e+03 3.536000000000000000e+03 3.610000000000000000e+03 7.527700000000000000e+05 2.179210000000000000e+05
9.232926000000000000e+06 3.657000000000000000e+03 3.504000000000000000e+03 3.620000000000000000e+03 7.545370000000000000e+05 2.184440000000000000e+05
9.231140000000000000e+06 3.637000000000000000e+03 3.537000000000000000e+03 3.621000000000000000e+03 7.563090000000000000e+05 2.189670000000000000e+05
9.229371000000000000e+06 3.634000000000000000e+03 3.585000000000000000e+03 3.620000000000000000e+03 7.580340000000000000e+05 2.195150000000000000e+05
9.227665000000000000e+06 3.519000000000000000e+03 3.669000000000000000e+03 3.582000000000000000e+03 7.598090000000000000e+05 2.200620000000000000e+05
9.225864000000000000e+06 3.585000000000000000e+03 3.595000000000000000e+03 3.541000000000000000e+03 7.616590000000000000e+05 2.206250000000000000e+05
9.224105000000000000e+06 3.547000000000000000e+03 3.559000000000000000e+03 3.571000000000000000e+03 7.634620000000000000e+05 2.211560000000000000e+05
9.222368000000000000e+06 3.513000000000000000e+03 3.556000000000000000e+03 3.534000000000000000e+03 7.652730000000000000e+05 2.217050000000000000e+05
9.220624000000000000e+06 3.542000000000000000e+03 3.551000000000000000e+03 3.514000000000000000e+03 7.670130000000000000e+05 2.222460000000000000e+05
9.218877000000000000e+06 3.570000000000000000e+03 3.525000000000000000e+03 3.546000000000000000e+03 7.687260000000000000e+05 2.227670000000000000e+05
9.217203000000000000e+06 3.502000000000000000e+03 3.482000000000000000e+03 3.549000000000000000e+03 7.705080000000000000e+05 2.233190000000000000e+05
9.215508000000000000e+06 3.526000000000000000e+03 3.440000000000000000e+03 3.489000000000000000e+03 7.722810000000000000e+05 2.238990000000000000e+05
9.213794000000000000e+06 3.442000000000000000e+03 3.463000000000000000e+03 3.574000000000000000e+03 7.739710000000000000e+05 2.244590000000000000e+05
9.212102000000000000e+06 3.437000000000000000e+03 3.418000000000000000e+03 3.494000000000000000e+03 7.757930000000000000e+05 2.249980000000000000e+05
9.210452000000000000e+06 3.350000000000000000e+03 3.492000000000000000e+03 3.439000000000000000e+03 7.775110000000000000e+05 2.255250000000000000e+05
9.208703000000000000e+06 3.370000000000000000e+03 3.486000000000000000e+03 3.434000000000000000e+03 7.792510000000000000e+05 2.260540000000000000e+05
9.206994000000000000e+06 3.433000000000000000e+03 3.442000000000000000e+03 3.421000000000000000e+03 7.809540000000000000e+05 2.266080000000000000e+05
9.205324000000000000e+06 3.451000000000000000e+03 3.359000000000000000e+03 3.393000000000000000e+03 7.827170000000000000e+05 2.271250000000000000e+05
9.203735000000000000e+06 3.348000000000000000e+03 3.395000000000000000e+03 3.369000000000000000e+03 7.843970000000000000e+05 2.276600000000000000e+05
9.202109000000000000e+06 3.325000000000000000e+03 3.387000000000000000e+03 3.323000000000000000e+03 7.861000000000000000e+05 2.281770000000000000e+05
9.200441000000000000e+06 3.341000000000000000e+03 3.390000000000000000e+03 3.292000000000000000e+03 7.877800000000000000e+05 2.287220000000000000e+05
9.198736000000000000e+06 3.349000000000000000e+03 3.364000000000000000e+03 3.312000000000000000e+03 7.894830000000000000e+05 2.292750000000000000e+05
9.197136000000000000e+06 3.336000000000000000e+03 3.323000000000000000e+03 3.267000000000000000e+03 7.911820000000000000e+05 2.298150000000000000e+05
9.195493000000000000e+06 3.234000000000000000e+03 3.364000000000000000e+03 3.339000000000000000e+03 7.928140000000000000e+05 2.303820000000000000e+05
9.193827000000000000e+06 3.331000000000000000e+03 3.321000000000000000e+03 3.257000000000000000e+03 7.945080000000000000e+05 2.309040000000000000e+05
9.192228000000000000e+06 3.344000000000000000e+03 3.270000000000000000e+03 3.222000000000000000e+03 7.961800000000000000e+05 2.314450000000000000e+05
9.190627000000000000e+06 3.288000000000000000e+03 3.254000000000000000e+03 3.247000000000000000e+03 7.978280000000000000e+05 2.319780000000000000e+05
9.189027000000000000e+06 3.267000000000000000e+03 3.256000000000000000e+03 3.236000000000000000e+03 7.994580000000000000e+05 2.325390000000000000e+05
9.187401000000000000e+06 3.211000000000000000e+03 3.258000000000000000e+03 3.288000000000000000e+03 8.010860000000000000e+05 2.330710000000000000e+05
9.185797000000000000e+06 3.266000000000000000e+03 3.212000000000000000e+03 3.289000000000000000e+03 8.026800000000000000e+05 2.335900000000000000e+05
9.184181000000000000e+06 3.248000000000000000e+03 3.238000000000000000e+03 3.307000000000000000e+03 8.042700000000000000e+05 2.341430000000000000e+05
9.182592000000000000e+06 3.243000000000000000e+03 3.129000000000000000e+03 3.307000000000000000e+03 8.059730000000000000e+05 2.346490000000000000e+05
9.181052000000000000e+06 3.130000000000000000e+03 3.215000000000000000e+03 3.264000000000000000e+03 8.075830000000000000e+05 2.351810000000000000e+05
9.179503000000000000e+06 3.100000000000000000e+03 3.187000000000000000e+03 3.215000000000000000e+03 8.092390000000000000e+05 2.357110000000000000e+05
9.177929000000000000e+06 3.105000000000000000e+03 3.172000000000000000e+03 3.221000000000000000e+03 8.108170000000000000e+05 2.362370000000000000e+05
9.176369000000000000e+06 3.135000000000000000e+03 3.104000000000000000e+03 3.166000000000000000e+03 8.124700000000000000e+05 2.367530000000000000e+05
9.174867000000000000e+06 3.087000000000000000e+03 3.089000000000000000e+03 3.168000000000000000e+03 8.140330000000000000e+05 2.372640000000000000e+05
9.173299000000000000e+06 3.120000000000000000e+03 3.122000000000000000e+03 3.126000000000000000e+03 8.155770000000000000e+05 2.378360000000000000e+05
9.171799000000000000e+06 3.117000000000000000e+03 3.097000000000000000e+03 3.104000000000000000e+03 8.171270000000000000e+05 2.384090000000000000e+05
9.170293000000000000e+06 3.086000000000000000e+03 3.049000000000000000e+03 3.087000000000000000e+03 8.187290000000000000e+05 2.389490000000000000e+05
9.168748000000000000e+06 3.093000000000000000e+03 3.081000000000000000e+03 3.072000000000000000e+03 8.202500000000000000e+05 2.394970000000000000e+05
9.167325000000000000e+06 3.021000000000000000e+03 3.063000000000000000e+03 3.015000000000000000e+03 8.218200000000000000e+05 2.400440000000000000e+05
9.165880000000000000e+06 3.005000000000000000e+03 3.030000000000000000e+03 3.037000000000000000e+03 8.232920000000000000e+05 2.405680000000000000e+05
9.164456000000000000e+06 2.925000000000000000e+03 3.023000000000000000e+03 3.058000000000000000e+03 8.247820000000000000e+05 2.411100000000000000e+05
9.162995000000000000e+06 2.930000000000000000e+03 2.969000000000000000e+03 3.056000000000000000e+03 8.262940000000000000e+05 2.416590000000000000e+05
9.161572000000000000e+06 2.844000000000000000e+03 2.952000000000000000e+03 3.052000000000000000e+03 8.278240000000000000e+05 2.421800000000000000e+05
9.160123000000000000e+06 2.897000000000000000e+03 2.901000000000000000e+03 2.982000000000000000e+03 8.293410000000000000e+05 2.426990000000000000e+05
9.158740000000000000e+06 2.857000000000000000e+03 2.890000000000000000e+03 2.926000000000000000e+03 8.308310000000000000e+05 2.432030000000000000e+05
9.157322000000000000e+06 2.850000000000000000e+03 2.904000000000000000e+03 2.867000000000000000e+03 8.323010000000000000e+05 2.437310000000000000e+05
9.155943000000000000e+06 2.833000000000000000e+03 2.864000000000000000e+03 2.841000000000000000e+03 8.337630000000000000e+05 2.442660000000000000e+05
9.154547000000000000e+06 2.823000000000000000e+03 2.827000000000000000e+03 2.844000000000000000e+03 8.352030000000000000e+05 2.447980000000000000e+05
9.153172000000000000e+06 2.788000000000000000e+03 2.833000000000000000e+03 2.796000000000000000e+03 8.366550000000000000e+05 2.453050000000000000e+05
9.151750000000000000e+06 2.759000000000000000e+03 2.829000000000000000e+03 2.815000000000000000e+03 8.380910000000000000e+05 2.458460000000000000e+05
9.150414000000000000e+06 2.769000000000000000e+03 2.780000000000000000e+03 2.794000000000000000e+03 8.394870000000000000e+05 2.463830000000000000e+05
9.149120000000000000e+06 2.691000000000000000e+03 2.751000000000000000e+03 2.787000000000000000e+03 8.408950000000000000e+05 2.469440000000000000e+05
9.147778000000000000e+06 2.695000000000000000e+03 2.796000000000000000e+03 2.774000000000000000e+03 8.422010000000000000e+05 2.474740000000000000e+05
9.146380000000000000e+06 2.751000000000000000e+03 2.716000000000000000e+03 2.731000000000000000e+03 8.436660000000000000e+05 2.479910000000000000e+05
9.145089000000000000e+06 2.719000000000000000e+03 2.670000000000000000e+03 2.683000000000000000e+03 8.450830000000000000e+05 2.485130000000000000e+05
9.143788000000000000e+06 2.687000000000000000e+03 2.639000000000000000e+03 2.689000000000000000e+03 8.464410000000000000e+05 2.490320000000000000e+05
9.142485000000000000e+06 2.650000000000000000e+03 2.629000000000000000e+03 2.641000000000000000e+03 8.478390000000000000e+05 2.495580000000000000e+05
9.141247000000000000e+06 2.625000000000000000e+03 2.583000000000000000e+03 2.622000000000000000e+03 8.491670000000000000e+05 2.500630000000000000e+05
9.139989000000000000e+06 2.590000000000000000e+03 2.562000000000000000e+03 2.587000000000000000e+03 8.505160000000000000e+05 2.505730000000000000e+05
9.138806000000000000e+06 2.499000000000000000e+03 2.554000000000000000e+03 2.572000000000000000e+03 8.518130000000000000e+05 2.510990000000000000e+05
9.137508000000000000e+06 2.544000000000000000e+03 2.565000000000000000e+03 2.508000000000000000e+03 8.531190000000000000e+05 2.516400000000000000e+05
9.136260000000000000e+06 2.533000000000000000e+03 2.556000000000000000e+03 2.478000000000000000e+03 8.544170000000000000e+05 2.521690000000000000e+05
9.135083000000000000e+06 2.447000000000000000e+03 2.618000000000000000e+03 2.424000000000000000e+03 8.556720000000000000e+05 2.526940000000000000e+05
9.133859000000000000e+06 2.468000000000000000e+03 2.575000000000000000e+03 2.422000000000000000e+03 8.569200000000000000e+05 2.532320000000000000e+05
9.132516000000000000e+06 2.562000000000000000e+03 2.554000000000000000e+03 2.421000000000000000e+03 8.581910000000000000e+05 2.537500000000000000e+05
9.131314000000000000e+06 2.566000000000000000e+03 2.520000000000000000e+03 2.375000000000000000e+03 8.594690000000000000e+05 2.542800000000000000e+05
9.130108000000000000e+06 2.508000000000000000e+03 2.512000000000000000e+03 2.368000000000000000e+03 8.607480000000000000e+05 2.547740000000000000e+05
9.128861000000000000e+06 2.485000000000000000e+03 2.549000000000000000e+03 2.386000000000000000e+03 8.619630000000000000e+05 2.552830000000000000e+05
9.127611000000000000e+06 2.493000000000000000e+03 2.523000000000000000e+03 2.406000000000000000e+03 8.632110000000000000e+05 2.558010000000000000e+05
9.126381000000000000e+06 2.507000000000000000e+03 2.505000000000000000e+03 2.457000000000000000e+03 8.643940000000000000e+05 2.563220000000000000e+05
9.125163000000000000e+06 2.433000000000000000e+03 2.486000000000000000e+03 2.539000000000000000e+03 8.656230000000000000e+05 2.568530000000000000e+05
9.123931000000000000e+06 2.437000000000000000e+03 2.482000000000000000e+03 2.521000000000000000e+03 8.668730000000000000e+05 2.573860000000000000e+05
9.122674000000000000e+06 2.529000000000000000e+03 2.434000000000000000e+03 2.462000000000000000e+03 8.681450000000000000e+05 2.579060000000000000e+05
9.121486000000000000e+06 2.503000000000000000e+03 2.414000000000000000e+03 2.451000000000000000e+03 8.693900000000000000e+05 2.584510000000000000e+05
9.120305000000000000e+06 2.447000000000000000e+03 2.424000000000000000e+03 2.459000000000000000e+03 8.706090000000000000e+05 2.589830000000000000e+05
9.119181000000000000e+06 2.371000000000000000e+03 2.439000000000000000e+03 2.414000000000000000e+03 8.718390000000000000e+05 2.594870000000000000e+05
9.118042000000000000e+06 2.371000000000000000e+03 2.405000000000000000e+03 2.351000000000000000e+03 8.730750000000000000e+05 2.599710000000000000e+05
9.116878000000000000e+06 2.391000000000000000e+03 2.403000000000000000e+03 2.312000000000000000e+03 8.742600000000000000e+05 2.604950000000000000e+05
9.115703000000000000e+06 2.392000000000000000e+03 2.388000000000000000e+03 2.293000000000000000e+03 8.754680000000000000e+05 2.610370000000000000e+05
9.114478000000000000e+06 2.430000000000000000e+03 2.392000000000000000e+03 2.327000000000000000e+03 8.766170000000000000e+05 2.615800000000000000e+05
9.113312000000000000e+06 2.413000000000000000e+03 2.355000000000000000e+03 2.348000000000000000e+03 8.778160000000000000e+05 2.620910000000000000e+05
9.112161000000000000e+06 2.348000000000000000e+03 2.352000000000000000e+03 2.433000000000000000e+03 8.789500000000000000e+05 2.626510000000000000e+05
9.111079000000000000e+06 2.231000000000000000e+03 2.377000000000000000e+03 2.438000000000000000e+03 8.801190000000000000e+05 2.631680000000000000e+05
9.109942000000000000e+06 2.247000000000000000e+03 2.302000000000000000e+03 2.371000000000000000e+03 8.813820000000000000e+05 2.636960000000000000e+05
9.108838000000000000e+06 2.261000000000000000e+03 2.302000000000000000e+03 2.308000000000000000e+03 8.825350000000000000e+05 2.642330000000000000e+05
9.107723000000000000e+06 2.175000000000000000e+03 2.331000000000000000e+03 2.325000000000000000e+03 8.836900000000000000e+05 2.647520000000000000e+05
9.106565000000000000e+06 2.284000000000000000e+03 2.270000000000000000e+03 2.243000000000000000e+03 8.848820000000000000e+05 2.652460000000000000e+05
9.105482000000000000e+06 2.264000000000000000e+03 2.206000000000000000e+03 2.258000000000000000e+03 8.860340000000000000e+05 2.657550000000000000e+05
9.104370000000000000e+06 2.257000000000000000e+03 2.203000000000000000e+03 2.226000000000000000e+03 8.871880000000000000e+05 2.662830000000000000e+05
9.103319000000000000e+06 2.213000000000000000e+03 2.197000000000000000e+03 2.221000000000000000e+03 8.882940000000000000e+05 2.668080000000000000e+05
9.102224000000000000e+06 2.256000000000000000e+03 2.117000000000000000e+03 2.187000000000000000e+03 8.894600000000000000e+05 2.673550000000000000e+05
9.101245000000000000e+06 2.192000000000000000e+03 2.110000000000000000e+03 2.148000000000000000e+03 8.905490000000000000e+05 2.678890000000000000e+05
9.100229000000000000e+06 2.145000000000000000e+03 2.095000000000000000e+03 2.136000000000000000e+03 8.916390000000000000e+05 2.683980000000000000e+05
9.099177000000000000e+06 2.118000000000000000e+03 2.117000000000000000e+03 2.121000000000000000e+03 8.927110000000000000e+05 2.688940000000000000e+05
9.098167000000000000e+06 2.068000000000000000e+03 2.118000000000000000e+03 2.117000000000000000e+03 8.937740000000000000e+05 2.694360000000000000e+05
9.097144000000000000e+06 2.030000000000000000e+03 2.132000000000000000e+03 2.138000000000000000e+03 8.948000000000000000e+05 2.699530000000000000e+05
9.096077000000000000e+06 2.101000000000000000e+03 2.089000000000000000e+03 2.054000000000000000e+03 8.959230000000000000e+05 2.704960000000000000e+05
9.095044000000000000e+06 2.086000000000000000e+03 2.075000000000000000e+03 2.086000000000000000e+03 8.969530000000000000e+05 2.710260000000000000e+05
9.094132000000000000e+06 2.010000000000000000e+03 2.067000000000000000e+03 2.063000000000000000e+03 8.979720000000000000e+05 2.715570000000000000e+05
9.093163000000000000e+06 1.966000000000000000e+03 2.051000000000000000e+03 2.012000000000000000e+03 8.990520000000000000e+05 2.720880000000000000e+05
9.092202000000000000e+06 1.999000000000000000e+03 2.000000000000000000e+03 1.972000000000000000e+03 9.000710000000000000e+05 2.726140000000000000e+05
9.091238000000000000e+06 1.946000000000000000e+03 2.000000000000000000e+03 1.930000000000000000e+03 9.011300000000000000e+05 2.731520000000000000e+05
9.090301000000000000e+06 1.930000000000000000e+03 1.973000000000000000e+03 1.942000000000000000e+03 9.020980000000000000e+05 2.736430000000000000e+05
9.089365000000000000e+06 1.895000000000000000e+03 1.982000000000000000e+03 1.959000000000000000e+03 9.030430000000000000e+05 2.741860000000000000e+05
9.088400000000000000e+06 1.931000000000000000e+03 1.946000000000000000e+03 1.920000000000000000e+03 9.040470000000000000e+05 2.747430000000000000e+05
9.087451000000000000e+06 1.922000000000000000e+03 1.939000000000000000e+03 1.929000000000000000e+03 9.050030000000000000e+05 2.752490000000000000e+05
9.086511000000000000e+06 1.948000000000000000e+03 1.900000000000000000e+03 1.928000000000000000e+03 9.059570000000000000e+05 2.757650000000000000e+05
9.085620000000000000e+06 1.880000000000000000e+03 1.881000000000000000e+03 1.931000000000000000e+03 9.069320000000000000e+05 2.763100000000000000e+05
9.084675000000000000e+06 1.920000000000000000e+03 1.883000000000000000e+03 1.890000000000000000e+03 9.078760000000000000e+05 2.768200000000000000e+05
9.083786000000000000e+06 1.854000000000000000e+03 1.872000000000000000e+03 1.902000000000000000e+03 9.088300000000000000e+05 2.773440000000000000e+05
9.082910000000000000e+06 1.796000000000000000e+03 1.876000000000000000e+03 1.919000000000000000e+03 9.097430000000000000e+05 2.778660000000000000e+05
9.082023000000000000e+06 1.780000000000000000e+03 1.861000000000000000e+03 1.909000000000000000e+03 9.106710000000000000e+05 2.783440000000000000e+05
9.081093000000000000e+06 1.866000000000000000e+03 1.812000000000000000e+03 1.818000000000000000e+03 9.116550000000000000e+05 2.788610000000000000e+05
9.080246000000000000e+06 1.833000000000000000e+03 1.817000000000000000e+03 1.769000000000000000e+03 9.125790000000000000e+05 2.793800000000000000e+05
9.079355000000000000e+06 1.803000000000000000e+03 1.825000000000000000e+03 1.767000000000000000e+03 9.134940000000000000e+05 2.799050000000000000e+05
9.078451000000000000e+06 1.792000000000000000e+03 1.844000000000000000e+03 1.774000000000000000e+03 9.143830000000000000e+05 2.804020000000000000e+05
9.077583000000000000e+06 1.799000000000000000e+03 1.790000000000000000e+03 1.785000000000000000e+03 9.152870000000000000e+05 2.808920000000000000e+05
9.076729000000000000e+06 1.765000000000000000e+03 1.794000000000000000e+03 1.782000000000000000e+03 9.161740000000000000e+05 2.814010000000000000e+05
9.075903000000000000e+06 1.706000000000000000e+03 1.794000000000000000e+03 1.788000000000000000e+03 9.170530000000000000e+05 2.819030000000000000e+05
9.075034000000000000e+06 1.725000000000000000e+03 1.747000000000000000e+03 1.763000000000000000e+03 9.179750000000000000e+05 2.824090000000000000e+05
9.074212000000000000e+06 1.699000000000000000e+03 1.759000000000000000e+03 1.722000000000000000e+03 9.188520000000000000e+05 2.829090000000000000e+05
9.073377000000000000e+06 1.702000000000000000e+03 1.700000000000000000e+03 1.693000000000000000e+03 9.197720000000000000e+05 2.834220000000000000e+05
9.072609000000000000e+06 1.633000000000000000e+03 1.680000000000000000e+03 1.681000000000000000e+03 9.206410000000000000e+05 2.839480000000000000e+05
9.071789000000000000e+06 1.620000000000000000e+03 1.668000000000000000e+03 1.709000000000000000e+03 9.214580000000000000e+05 2.844720000000000000e+05
9.070980000000000000e+06 1.610000000000000000e+03 1.641000000000000000e+03 1.664000000000000000e+03 9.223490000000000000e+05 2.850000000000000000e+05
9.070193000000000000e+06 1.594000000000000000e+03 1.618000000000000000e+03 1.672000000000000000e+03 9.231670000000000000e+05 2.855220000000000000e+05
0.000000000000000000e+00 0.000000000000000000e+00 0.000000000000000000e+00 0.000000000000000000e+00 0.000000000000000000e+00 0.000000000000000000e+00
