9.998144000000000000e+06 0.000000000000000000e+00 1.000000000000000000e+02 0.000000000000000000e+00 0.000000000000000000e+00 0.000000000000000000e+00
9.998068000000000000e+06 6.300000000000000000e+01 1.050000000000000000e+02 6.000000000000000000e+00 2.000000000000000000e+00 0.000000000000000000e+00
9.997986000000000000e+06 1.110000000000000000e+02 1.010000000000000000e+02 2.500000000000000000e+01 2.100000000000000000e+01 0.000000000000000000e+00
9.997898000000000000e+06 1.400000000000000000e+02 1.090000000000000000e+02 4.400000000000000000e+01 5.300000000000000000e+01 0.000000000000000000e+00
9.997813000000000000e+06 1.570000000000000000e+02 1.200000000000000000e+02 7.400000000000000000e+01 8.000000000000000000e+01 0.000000000000000000e+00
9.997705000000000000e+06 1.820000000000000000e+02 1.290000000000000000e+02 1.090000000000000000e+02 1.190000000000000000e+02 0.000000000000000000e+00
9.997575000000000000e+06 2.210000000000000000e+02 1.420000000000000000e+02 1.360000000000000000e+02 1.700000000000000000e+02 0.000000000000000000e+00
9.997420000000000000e+06 2.570000000000000000e+02 1.650000000000000000e+02 1.690000000000000000e+02 2.330000000000000000e+02 0.000000000000000000e+00
9.997221000000000000e+06 3.160000000000000000e+02 2.000000000000000000e+02 2.020000000000000000e+02 3.050000000000000000e+02 0.000000000000000000e+00
9.996987000000000000e+06 3.870000000000000000e+02 2.400000000000000000e+02 2.510000000000000000e+02 3.790000000000000000e+02 0.000000000000000000e+00
9.996754000000000000e+06 4.240000000000000000e+02 3.080000000000000000e+02 2.760000000000000000e+02 4.820000000000000000e+02 0.000000000000000000e+00
9.996431000000000000e+06 5.050000000000000000e+02 3.790000000000000000e+02 3.310000000000000000e+02 5.980000000000000000e+02 0.000000000000000000e+00
9.996046000000000000e+06 6.380000000000000000e+02 4.350000000000000000e+02 3.930000000000000000e+02 7.320000000000000000e+02 0.000000000000000000e+00
9.995577000000000000e+06 7.930000000000000000e+02 5.050000000000000000e+02 4.670000000000000000e+02 9.020000000000000000e+02 0.000000000000000000e+00
9.995040000000000000e+06 9.380000000000000000e+02 5.670000000000000000e+02 5.820000000000000000e+02 1.117000000000000000e+03 0.000000000000000000e+00
9.994423000000000000e+06 1.069000000000000000e+03 7.070000000000000000e+02 6.730000000000000000e+02 1.372000000000000000e+03 0.000000000000000000e+00
9.993659000000000000e+06 1.267000000000000000e+03 8.660000000000000000e+02 7.890000000000000000e+02 1.663000000000000000e+03 0.000000000000000000e+00
9.992781000000000000e+06 1.500000000000000000e+03 1.016000000000000000e+03 9.510000000000000000e+02 1.996000000000000000e+03 0.000000000000000000e+00
9.991667000000000000e+06 1.813000000000000000e+03 1.163000000000000000e+03 1.170000000000000000e+03 2.431000000000000000e+03 0.000000000000000000e+00
9.990439000000000000e+06 2.084000000000000000e+03 1.389000000000000000e+03 1.421000000000000000e+03 2.911000000000000000e+03 0.000000000000000000e+00
9.988890000000000000e+06 2.512000000000000000e+03 1.695000000000000000e+03 1.656000000000000000e+03 3.491000000000000000e+03 0.000000000000000000e+00
9.987952000000000000e+06 2.342000000000000000e+03 1.892000000000000000e+03 1.838000000000000000e+03 4.220000000000000000e+03 0.000000000000000000e+00
9.986942000000000000e+06 2.228000000000000000e+03 2.049000000000000000e+03 1.402000000000000000e+03 5.623000000000000000e+03 1.000000000000000000e+03
9.986095000000000000e+06 2.017000000000000000e+03 2.111000000000000000e+03 1.166000000000000000e+03 6.855000000000000000e+03 2.000000000000000000e+03
9.985193000000000000e+06 1.865000000000000000e+03 2.065000000000000000e+03 1.413000000000000000e+03 7.708000000000000000e+03 2.422000000000000000e+03
9.984272000000000000e+06 1.822000000000000000e+03 1.970000000000000000e+03 1.527000000000000000e+03 8.653000000000000000e+03 2.813000000000000000e+03
9.983439000000000000e+06 1.738000000000000000e+03 1.918000000000000000e+03 1.561000000000000000e+03 9.588000000000000000e+03 3.214000000000000000e+03
9.982512000000000000e+06 1.765000000000000000e+03 1.807000000000000000e+03 1.599000000000000000e+03 1.056100000000000000e+04 3.637000000000000000e+03
9.981604000000000000e+06 1.817000000000000000e+03 1.778000000000000000e+03 1.571000000000000000e+03 1.147400000000000000e+04 4.085000000000000000e+03
9.980732000000000000e+06 1.803000000000000000e+03 1.750000000000000000e+03 1.594000000000000000e+03 1.236500000000000000e+04 4.523000000000000000e+03
9.979866000000000000e+06 1.792000000000000000e+03 1.715000000000000000e+03 1.625000000000000000e+03 1.324600000000000000e+04 4.965000000000000000e+03
9.979013000000000000e+06 1.774000000000000000e+03 1.706000000000000000e+03 1.610000000000000000e+03 1.414100000000000000e+04 5.379000000000000000e+03
9.978175000000000000e+06 1.726000000000000000e+03 1.718000000000000000e+03 1.603000000000000000e+03 1.502200000000000000e+04 5.804000000000000000e+03
9.977310000000000000e+06 1.686000000000000000e+03 1.747000000000000000e+03 1.564000000000000000e+03 1.593700000000000000e+04 6.251000000000000000e+03
9.976417000000000000e+06 1.747000000000000000e+03 1.724000000000000000e+03 1.557000000000000000e+03 1.679900000000000000e+04 6.664000000000000000e+03
9.975566000000000000e+06 1.726000000000000000e+03 1.732000000000000000e+03 1.567000000000000000e+03 1.765300000000000000e+04 7.124000000000000000e+03
9.974723000000000000e+06 1.696000000000000000e+03 1.739000000000000000e+03 1.602000000000000000e+03 1.848400000000000000e+04 7.568000000000000000e+03
9.973847000000000000e+06 1.729000000000000000e+03 1.700000000000000000e+03 1.647000000000000000e+03 1.932100000000000000e+04 8.030000000000000000e+03
9.973024000000000000e+06 1.730000000000000000e+03 1.654000000000000000e+03 1.577000000000000000e+03 2.025900000000000000e+04 8.480000000000000000e+03
9.972214000000000000e+06 1.732000000000000000e+03 1.656000000000000000e+03 1.502000000000000000e+03 2.114000000000000000e+04 8.927000000000000000e+03
9.971383000000000000e+06 1.724000000000000000e+03 1.693000000000000000e+03 1.463000000000000000e+03 2.198100000000000000e+04 9.365000000000000000e+03
9.970557000000000000e+06 1.668000000000000000e+03 1.717000000000000000e+03 1.497000000000000000e+03 2.280500000000000000e+04 9.769000000000000000e+03
9.969641000000000000e+06 1.755000000000000000e+03 1.714000000000000000e+03 1.524000000000000000e+03 2.361000000000000000e+04 1.019200000000000000e+04
9.968795000000000000e+06 1.748000000000000000e+03 1.759000000000000000e+03 1.511000000000000000e+03 2.443100000000000000e+04 1.059800000000000000e+04
9.967912000000000000e+06 1.790000000000000000e+03 1.721000000000000000e+03 1.544000000000000000e+03 2.527700000000000000e+04 1.101600000000000000e+04
9.967034000000000000e+06 1.803000000000000000e+03 1.686000000000000000e+03 1.623000000000000000e+03 2.609800000000000000e+04 1.142200000000000000e+04
9.966165000000000000e+06 1.768000000000000000e+03 1.691000000000000000e+03 1.643000000000000000e+03 2.697700000000000000e+04 1.184100000000000000e+04
9.965299000000000000e+06 1.737000000000000000e+03 1.739000000000000000e+03 1.626000000000000000e+03 2.784300000000000000e+04 1.225900000000000000e+04
9.964406000000000000e+06 1.792000000000000000e+03 1.747000000000000000e+03 1.627000000000000000e+03 2.867200000000000000e+04 1.268800000000000000e+04
9.963528000000000000e+06 1.771000000000000000e+03 1.760000000000000000e+03 1.651000000000000000e+03 2.953400000000000000e+04 1.312300000000000000e+04
9.962619000000000000e+06 1.808000000000000000e+03 1.742000000000000000e+03 1.701000000000000000e+03 3.037400000000000000e+04 1.352800000000000000e+04
9.961734000000000000e+06 1.768000000000000000e+03 1.767000000000000000e+03 1.721000000000000000e+03 3.125400000000000000e+04 1.395400000000000000e+04
9.960840000000000000e+06 1.781000000000000000e+03 1.741000000000000000e+03 1.734000000000000000e+03 3.214800000000000000e+04 1.437500000000000000e+04
9.959948000000000000e+06 1.745000000000000000e+03 1.739000000000000000e+03 1.771000000000000000e+03 3.304100000000000000e+04 1.480100000000000000e+04
9.959067000000000000e+06 1.713000000000000000e+03 1.737000000000000000e+03 1.784000000000000000e+03 3.394300000000000000e+04 1.521800000000000000e+04
9.958217000000000000e+06 1.726000000000000000e+03 1.695000000000000000e+03 1.786000000000000000e+03 3.482000000000000000e+04 1.565000000000000000e+04
9.957322000000000000e+06 1.762000000000000000e+03 1.716000000000000000e+03 1.754000000000000000e+03 3.569000000000000000e+04 1.608300000000000000e+04
9.956467000000000000e+06 1.749000000000000000e+03 1.697000000000000000e+03 1.715000000000000000e+03 3.661600000000000000e+04 1.650600000000000000e+04
9.955527000000000000e+06 1.849000000000000000e+03 1.723000000000000000e+03 1.664000000000000000e+03 3.748100000000000000e+04 1.693200000000000000e+04
9.954658000000000000e+06 1.838000000000000000e+03 1.749000000000000000e+03 1.652000000000000000e+03 3.834700000000000000e+04 1.736800000000000000e+04
9.953795000000000000e+06 1.822000000000000000e+03 1.761000000000000000e+03 1.634000000000000000e+03 3.923200000000000000e+04 1.782400000000000000e+04
9.952905000000000000e+06 1.758000000000000000e+03 1.801000000000000000e+03 1.670000000000000000e+03 4.011000000000000000e+04 1.821900000000000000e+04
9.951931000000000000e+06 1.853000000000000000e+03 1.786000000000000000e+03 1.717000000000000000e+03 4.095700000000000000e+04 1.862600000000000000e+04
9.950970000000000000e+06 1.894000000000000000e+03 1.757000000000000000e+03 1.728000000000000000e+03 4.189500000000000000e+04 1.904900000000000000e+04
9.950043000000000000e+06 1.833000000000000000e+03 1.805000000000000000e+03 1.797000000000000000e+03 4.276600000000000000e+04 1.946200000000000000e+04
9.949092000000000000e+06 1.853000000000000000e+03 1.796000000000000000e+03 1.834000000000000000e+03 4.366900000000000000e+04 1.987900000000000000e+04
9.948240000000000000e+06 1.803000000000000000e+03 1.815000000000000000e+03 1.797000000000000000e+03 4.458900000000000000e+04 2.033100000000000000e+04
9.947253000000000000e+06 1.907000000000000000e+03 1.809000000000000000e+03 1.774000000000000000e+03 4.550100000000000000e+04 2.075300000000000000e+04
9.946297000000000000e+06 1.877000000000000000e+03 1.841000000000000000e+03 1.820000000000000000e+03 4.640900000000000000e+04 2.116400000000000000e+04
9.945295000000000000e+06 1.919000000000000000e+03 1.842000000000000000e+03 1.859000000000000000e+03 4.732900000000000000e+04 2.161300000000000000e+04
9.944347000000000000e+06 1.881000000000000000e+03 1.866000000000000000e+03 1.932000000000000000e+03 4.821800000000000000e+04 2.203600000000000000e+04
9.943389000000000000e+06 1.929000000000000000e+03 1.829000000000000000e+03 1.938000000000000000e+03 4.915900000000000000e+04 2.247600000000000000e+04
9.942411000000000000e+06 1.928000000000000000e+03 1.881000000000000000e+03 1.886000000000000000e+03 5.013800000000000000e+04 2.290300000000000000e+04
9.941471000000000000e+06 1.924000000000000000e+03 1.884000000000000000e+03 1.838000000000000000e+03 5.112700000000000000e+04 2.333900000000000000e+04
9.940476000000000000e+06 1.974000000000000000e+03 1.887000000000000000e+03 1.805000000000000000e+03 5.210200000000000000e+04 2.375300000000000000e+04
9.939488000000000000e+06 1.979000000000000000e+03 1.890000000000000000e+03 1.845000000000000000e+03 5.304200000000000000e+04 2.418200000000000000e+04
9.938471000000000000e+06 2.035000000000000000e+03 1.883000000000000000e+03 1.868000000000000000e+03 5.398700000000000000e+04 2.462400000000000000e+04
9.937474000000000000e+06 2.009000000000000000e+03 1.929000000000000000e+03 1.896000000000000000e+03 5.493600000000000000e+04 2.505800000000000000e+04
9.936430000000000000e+06 2.070000000000000000e+03 1.953000000000000000e+03 1.885000000000000000e+03 5.590600000000000000e+04 2.549800000000000000e+04
9.935403000000000000e+06 2.078000000000000000e+03 1.979000000000000000e+03 1.917000000000000000e+03 5.686700000000000000e+04 2.591600000000000000e+04
9.934422000000000000e+06 1.967000000000000000e+03 2.026000000000000000e+03 1.980000000000000000e+03 5.784900000000000000e+04 2.635700000000000000e+04
9.933271000000000000e+06 2.111000000000000000e+03 2.044000000000000000e+03 1.947000000000000000e+03 5.887100000000000000e+04 2.678500000000000000e+04
9.932195000000000000e+06 2.183000000000000000e+03 2.033000000000000000e+03 1.967000000000000000e+03 5.986600000000000000e+04 2.724200000000000000e+04
9.931164000000000000e+06 2.122000000000000000e+03 2.073000000000000000e+03 2.018000000000000000e+03 6.086700000000000000e+04 2.768000000000000000e+04
9.930039000000000000e+06 2.190000000000000000e+03 2.110000000000000000e+03 2.025000000000000000e+03 6.188000000000000000e+04 2.812700000000000000e+04
9.928901000000000000e+06 2.240000000000000000e+03 2.154000000000000000e+03 2.098000000000000000e+03 6.285100000000000000e+04 2.859400000000000000e+04
9.927798000000000000e+06 2.252000000000000000e+03 2.135000000000000000e+03 2.125000000000000000e+03 6.393400000000000000e+04 2.901700000000000000e+04
9.926625000000000000e+06 2.303000000000000000e+03 2.143000000000000000e+03 2.141000000000000000e+03 6.503200000000000000e+04 2.946200000000000000e+04
9.925548000000000000e+06 2.242000000000000000e+03 2.204000000000000000e+03 2.138000000000000000e+03 6.611200000000000000e+04 2.990900000000000000e+04
9.924371000000000000e+06 2.300000000000000000e+03 2.243000000000000000e+03 2.151000000000000000e+03 6.717900000000000000e+04 3.037800000000000000e+04
9.923191000000000000e+06 2.300000000000000000e+03 2.255000000000000000e+03 2.231000000000000000e+03 6.826700000000000000e+04 3.084300000000000000e+04
9.922094000000000000e+06 2.300000000000000000e+03 2.224000000000000000e+03 2.216000000000000000e+03 6.941000000000000000e+04 3.126000000000000000e+04
9.920976000000000000e+06 2.235000000000000000e+03 2.268000000000000000e+03 2.229000000000000000e+03 7.053600000000000000e+04 3.172800000000000000e+04
9.919810000000000000e+06 2.258000000000000000e+03 2.233000000000000000e+03 2.254000000000000000e+03 7.168900000000000000e+04 3.217500000000000000e+04
9.918660000000000000e+06 2.307000000000000000e+03 2.220000000000000000e+03 2.207000000000000000e+03 7.285000000000000000e+04 3.259300000000000000e+04
9.917514000000000000e+06 2.338000000000000000e+03 2.224000000000000000e+03 2.202000000000000000e+03 7.396600000000000000e+04 3.301400000000000000e+04
9.916355000000000000e+06 2.378000000000000000e+03 2.230000000000000000e+03 2.227000000000000000e+03 7.505400000000000000e+04 3.346500000000000000e+04
9.915226000000000000e+06 2.324000000000000000e+03 2.230000000000000000e+03 2.289000000000000000e+03 7.617500000000000000e+04 3.391700000000000000e+04
9.914109000000000000e+06 2.294000000000000000e+03 2.242000000000000000e+03 2.324000000000000000e+03 7.727500000000000000e+04 3.436100000000000000e+04
9.912951000000000000e+06 2.301000000000000000e+03 2.276000000000000000e+03 2.272000000000000000e+03 7.844400000000000000e+04 3.478300000000000000e+04
9.911806000000000000e+06 2.314000000000000000e+03 2.283000000000000000e+03 2.267000000000000000e+03 7.957400000000000000e+04 3.522500000000000000e+04
9.910609000000000000e+06 2.327000000000000000e+03 2.313000000000000000e+03 2.318000000000000000e+03 8.067700000000000000e+04 3.567100000000000000e+04
9.909399000000000000e+06 2.342000000000000000e+03 2.348000000000000000e+03 2.315000000000000000e+03 8.184000000000000000e+04 3.608600000000000000e+04
9.908203000000000000e+06 2.371000000000000000e+03 2.345000000000000000e+03 2.312000000000000000e+03 8.301300000000000000e+04 3.652400000000000000e+04
9.907000000000000000e+06 2.415000000000000000e+03 2.359000000000000000e+03 2.292000000000000000e+03 8.417800000000000000e+04 3.698200000000000000e+04
9.905774000000000000e+06 2.428000000000000000e+03 2.360000000000000000e+03 2.341000000000000000e+03 8.534100000000000000e+04 3.744400000000000000e+04
9.904572000000000000e+06 2.385000000000000000e+03 2.387000000000000000e+03 2.385000000000000000e+03 8.651500000000000000e+04 3.789100000000000000e+04
9.903338000000000000e+06 2.463000000000000000e+03 2.345000000000000000e+03 2.409000000000000000e+03 8.768900000000000000e+04 3.833200000000000000e+04
9.902154000000000000e+06 2.460000000000000000e+03 2.366000000000000000e+03 2.391000000000000000e+03 8.887300000000000000e+04 3.877300000000000000e+04
9.900940000000000000e+06 2.446000000000000000e+03 2.361000000000000000e+03 2.379000000000000000e+03 9.011800000000000000e+04 3.921300000000000000e+04
9.899707000000000000e+06 2.418000000000000000e+03 2.434000000000000000e+03 2.392000000000000000e+03 9.129300000000000000e+04 3.964300000000000000e+04
9.898414000000000000e+06 2.462000000000000000e+03 2.463000000000000000e+03 2.362000000000000000e+03 9.254300000000000000e+04 4.007600000000000000e+04
9.897222000000000000e+06 2.413000000000000000e+03 2.422000000000000000e+03 2.459000000000000000e+03 9.372800000000000000e+04 4.052000000000000000e+04
9.895911000000000000e+06 2.483000000000000000e+03 2.425000000000000000e+03 2.477000000000000000e+03 9.494800000000000000e+04 4.098500000000000000e+04
9.894698000000000000e+06 2.493000000000000000e+03 2.407000000000000000e+03 2.447000000000000000e+03 9.619900000000000000e+04 4.145200000000000000e+04
9.893430000000000000e+06 2.464000000000000000e+03 2.463000000000000000e+03 2.467000000000000000e+03 9.742000000000000000e+04 4.192200000000000000e+04
9.892158000000000000e+06 2.497000000000000000e+03 2.521000000000000000e+03 2.472000000000000000e+03 9.859600000000000000e+04 4.238500000000000000e+04
9.890848000000000000e+06 2.591000000000000000e+03 2.517000000000000000e+03 2.449000000000000000e+03 9.983900000000000000e+04 4.283400000000000000e+04
9.889525000000000000e+06 2.621000000000000000e+03 2.542000000000000000e+03 2.455000000000000000e+03 1.011010000000000000e+05 4.328900000000000000e+04
9.888191000000000000e+06 2.680000000000000000e+03 2.554000000000000000e+03 2.489000000000000000e+03 1.023300000000000000e+05 4.372700000000000000e+04
9.886886000000000000e+06 2.701000000000000000e+03 2.542000000000000000e+03 2.521000000000000000e+03 1.035940000000000000e+05 4.417000000000000000e+04
9.885567000000000000e+06 2.645000000000000000e+03 2.619000000000000000e+03 2.576000000000000000e+03 1.048370000000000000e+05 4.463100000000000000e+04
9.884208000000000000e+06 2.681000000000000000e+03 2.633000000000000000e+03 2.617000000000000000e+03 1.061050000000000000e+05 4.509700000000000000e+04
9.882825000000000000e+06 2.752000000000000000e+03 2.642000000000000000e+03 2.580000000000000000e+03 1.074450000000000000e+05 4.554800000000000000e+04
9.881412000000000000e+06 2.801000000000000000e+03 2.677000000000000000e+03 2.589000000000000000e+03 1.087650000000000000e+05 4.599600000000000000e+04
9.880003000000000000e+06 2.825000000000000000e+03 2.674000000000000000e+03 2.638000000000000000e+03 1.101040000000000000e+05 4.647100000000000000e+04
9.878669000000000000e+06 2.778000000000000000e+03 2.687000000000000000e+03 2.703000000000000000e+03 1.114070000000000000e+05 4.695000000000000000e+04
9.877267000000000000e+06 2.743000000000000000e+03 2.716000000000000000e+03 2.747000000000000000e+03 1.127710000000000000e+05 4.741400000000000000e+04
9.875820000000000000e+06 2.857000000000000000e+03 2.705000000000000000e+03 2.731000000000000000e+03 1.141310000000000000e+05 4.787100000000000000e+04
9.874412000000000000e+06 2.782000000000000000e+03 2.787000000000000000e+03 2.717000000000000000e+03 1.155460000000000000e+05 4.832700000000000000e+04
9.872931000000000000e+06 2.849000000000000000e+03 2.783000000000000000e+03 2.716000000000000000e+03 1.169650000000000000e+05 4.880700000000000000e+04
9.871535000000000000e+06 2.811000000000000000e+03 2.797000000000000000e+03 2.818000000000000000e+03 1.182830000000000000e+05 4.928000000000000000e+04
9.870043000000000000e+06 2.886000000000000000e+03 2.843000000000000000e+03 2.766000000000000000e+03 1.197060000000000000e+05 4.974500000000000000e+04
9.868583000000000000e+06 2.867000000000000000e+03 2.842000000000000000e+03 2.822000000000000000e+03 1.211300000000000000e+05 5.021700000000000000e+04
9.867058000000000000e+06 2.973000000000000000e+03 2.834000000000000000e+03 2.850000000000000000e+03 1.225290000000000000e+05 5.066500000000000000e+04
9.865610000000000000e+06 2.944000000000000000e+03 2.883000000000000000e+03 2.889000000000000000e+03 1.239180000000000000e+05 5.113400000000000000e+04
9.864140000000000000e+06 2.955000000000000000e+03 2.825000000000000000e+03 2.904000000000000000e+03 1.254200000000000000e+05 5.159200000000000000e+04
9.862676000000000000e+06 2.910000000000000000e+03 2.826000000000000000e+03 2.912000000000000000e+03 1.269200000000000000e+05 5.205700000000000000e+04
9.861227000000000000e+06 2.914000000000000000e+03 2.886000000000000000e+03 2.850000000000000000e+03 1.283670000000000000e+05 5.252200000000000000e+04
9.859683000000000000e+06 2.957000000000000000e+03 2.929000000000000000e+03 2.867000000000000000e+03 1.298080000000000000e+05 5.298700000000000000e+04
9.858175000000000000e+06 2.994000000000000000e+03 2.966000000000000000e+03 2.908000000000000000e+03 1.312010000000000000e+05 5.347200000000000000e+04
9.856560000000000000e+06 3.108000000000000000e+03 2.968000000000000000e+03 2.936000000000000000e+03 1.326720000000000000e+05 5.392300000000000000e+04
9.854975000000000000e+06 3.113000000000000000e+03 3.036000000000000000e+03 2.980000000000000000e+03 1.341400000000000000e+05 5.438000000000000000e+04
9.853448000000000000e+06 3.157000000000000000e+03 3.055000000000000000e+03 2.978000000000000000e+03 1.356060000000000000e+05 5.483300000000000000e+04
9.851856000000000000e+06 3.159000000000000000e+03 3.022000000000000000e+03 3.017000000000000000e+03 1.371900000000000000e+05 5.532100000000000000e+04
9.850318000000000000e+06 3.183000000000000000e+03 3.026000000000000000e+03 3.010000000000000000e+03 1.387070000000000000e+05 5.579100000000000000e+04
9.848752000000000000e+06 3.193000000000000000e+03 3.071000000000000000e+03 3.004000000000000000e+03 1.402240000000000000e+05 5.624900000000000000e+04
9.847205000000000000e+06 3.135000000000000000e+03 3.097000000000000000e+03 3.050000000000000000e+03 1.417570000000000000e+05 5.672600000000000000e+04
9.845618000000000000e+06 3.135000000000000000e+03 3.135000000000000000e+03 3.064000000000000000e+03 1.432920000000000000e+05 5.719000000000000000e+04
9.843982000000000000e+06 3.201000000000000000e+03 3.146000000000000000e+03 3.080000000000000000e+03 1.448350000000000000e+05 5.766700000000000000e+04
9.842353000000000000e+06 3.222000000000000000e+03 3.209000000000000000e+03 3.089000000000000000e+03 1.463710000000000000e+05 5.810700000000000000e+04
9.840648000000000000e+06 3.311000000000000000e+03 3.222000000000000000e+03 3.101000000000000000e+03 1.479620000000000000e+05 5.856500000000000000e+04
9.839005000000000000e+06 3.373000000000000000e+03 3.271000000000000000e+03 3.127000000000000000e+03 1.494680000000000000e+05 5.902200000000000000e+04
9.837316000000000000e+06 3.379000000000000000e+03 3.298000000000000000e+03 3.165000000000000000e+03 1.510860000000000000e+05 5.950100000000000000e+04
9.835646000000000000e+06 3.423000000000000000e+03 3.346000000000000000e+03 3.143000000000000000e+03 1.526860000000000000e+05 5.997800000000000000e+04
9.833900000000000000e+06 3.473000000000000000e+03 3.307000000000000000e+03 3.216000000000000000e+03 1.543480000000000000e+05 6.045700000000000000e+04
9.832238000000000000e+06 3.448000000000000000e+03 3.318000000000000000e+03 3.273000000000000000e+03 1.559670000000000000e+05 6.093400000000000000e+04
9.830504000000000000e+06 3.486000000000000000e+03 3.363000000000000000e+03 3.282000000000000000e+03 1.576090000000000000e+05 6.142100000000000000e+04
9.828792000000000000e+06 3.513000000000000000e+03 3.359000000000000000e+03 3.281000000000000000e+03 1.592990000000000000e+05 6.188700000000000000e+04
9.827007000000000000e+06 3.559000000000000000e+03 3.374000000000000000e+03 3.295000000000000000e+03 1.610090000000000000e+05 6.235200000000000000e+04
9.825312000000000000e+06 3.528000000000000000e+03 3.416000000000000000e+03 3.365000000000000000e+03 1.626230000000000000e+05 6.281600000000000000e+04
9.823558000000000000e+06 3.576000000000000000e+03 3.368000000000000000e+03 3.399000000000000000e+03 1.643430000000000000e+05 6.329500000000000000e+04
9.821816000000000000e+06 3.581000000000000000e+03 3.458000000000000000e+03 3.408000000000000000e+03 1.659810000000000000e+05 6.376700000000000000e+04
9.820022000000000000e+06 3.575000000000000000e+03 3.519000000000000000e+03 3.471000000000000000e+03 1.676570000000000000e+05 6.425600000000000000e+04
9.818214000000000000e+06 3.627000000000000000e+03 3.520000000000000000e+03 3.546000000000000000e+03 1.693370000000000000e+05 6.471900000000000000e+04
9.816345000000000000e+06 3.627000000000000000e+03 3.611000000000000000e+03 3.547000000000000000e+03 1.711140000000000000e+05 6.519600000000000000e+04
9.814434000000000000e+06 3.716000000000000000e+03 3.664000000000000000e+03 3.528000000000000000e+03 1.729020000000000000e+05 6.566400000000000000e+04
9.812590000000000000e+06 3.786000000000000000e+03 3.594000000000000000e+03 3.597000000000000000e+03 1.746770000000000000e+05 6.613400000000000000e+04
9.810749000000000000e+06 3.735000000000000000e+03 3.644000000000000000e+03 3.621000000000000000e+03 1.764950000000000000e+05 6.661600000000000000e+04
9.808834000000000000e+06 3.824000000000000000e+03 3.725000000000000000e+03 3.586000000000000000e+03 1.782750000000000000e+05 6.709500000000000000e+04
9.806965000000000000e+06 3.800000000000000000e+03 3.747000000000000000e+03 3.689000000000000000e+03 1.800430000000000000e+05 6.758100000000000000e+04
9.804984000000000000e+06 3.894000000000000000e+03 3.815000000000000000e+03 3.712000000000000000e+03 1.818390000000000000e+05 6.806900000000000000e+04
9.803017000000000000e+06 3.930000000000000000e+03 3.861000000000000000e+03 3.728000000000000000e+03 1.837080000000000000e+05 6.857500000000000000e+04
9.801073000000000000e+06 3.980000000000000000e+03 3.811000000000000000e+03 3.798000000000000000e+03 1.855820000000000000e+05 6.907300000000000000e+04
9.799077000000000000e+06 4.048000000000000000e+03 3.826000000000000000e+03 3.764000000000000000e+03 1.875290000000000000e+05 6.956400000000000000e+04
9.797167000000000000e+06 3.980000000000000000e+03 3.886000000000000000e+03 3.850000000000000000e+03 1.893610000000000000e+05 7.005400000000000000e+04
9.795202000000000000e+06 3.942000000000000000e+03 3.953000000000000000e+03 3.900000000000000000e+03 1.912470000000000000e+05 7.054700000000000000e+04
9.793227000000000000e+06 3.913000000000000000e+03 3.972000000000000000e+03 3.949000000000000000e+03 1.931830000000000000e+05 7.103900000000000000e+04
9.791189000000000000e+06 4.057000000000000000e+03 3.912000000000000000e+03 3.927000000000000000e+03 1.951590000000000000e+05 7.155100000000000000e+04
9.789183000000000000e+06 4.059000000000000000e+03 3.994000000000000000e+03 3.847000000000000000e+03 1.971610000000000000e+05 7.202100000000000000e+04
9.787173000000000000e+06 4.058000000000000000e+03 4.041000000000000000e+03 3.825000000000000000e+03 1.991470000000000000e+05 7.249100000000000000e+04
9.785096000000000000e+06 4.087000000000000000e+03 4.114000000000000000e+03 3.850000000000000000e+03 2.010970000000000000e+05 7.299700000000000000e+04
9.782918000000000000e+06 4.188000000000000000e+03 4.192000000000000000e+03 3.908000000000000000e+03 2.030380000000000000e+05 7.347800000000000000e+04
9.780869000000000000e+06 4.152000000000000000e+03 4.186000000000000000e+03 4.028000000000000000e+03 2.050090000000000000e+05 7.399200000000000000e+04
9.778749000000000000e+06 4.236000000000000000e+03 4.132000000000000000e+03 4.082000000000000000e+03 2.070450000000000000e+05 7.446900000000000000e+04
9.776493000000000000e+06 4.359000000000000000e+03 4.157000000000000000e+03 4.070000000000000000e+03 2.091650000000000000e+05 7.496600000000000000e+04
9.774380000000000000e+06 4.346000000000000000e+03 4.210000000000000000e+03 4.107000000000000000e+03 2.112010000000000000e+05 7.545400000000000000e+04
9.772118000000000000e+06 4.413000000000000000e+03 4.233000000000000000e+03 4.152000000000000000e+03 2.133280000000000000e+05 7.594700000000000000e+04
9.769970000000000000e+06 4.359000000000000000e+03 4.234000000000000000e+03 4.272000000000000000e+03 2.154090000000000000e+05 7.644100000000000000e+04
9.767833000000000000e+06 4.358000000000000000e+03 4.265000000000000000e+03 4.294000000000000000e+03 2.174940000000000000e+05 7.692700000000000000e+04
9.765659000000000000e+06 4.374000000000000000e+03 4.326000000000000000e+03 4.318000000000000000e+03 2.195670000000000000e+05 7.743300000000000000e+04
9.763453000000000000e+06 4.409000000000000000e+03 4.386000000000000000e+03 4.317000000000000000e+03 2.216790000000000000e+05 7.791400000000000000e+04
9.761244000000000000e+06 4.402000000000000000e+03 4.446000000000000000e+03 4.291000000000000000e+03 2.238610000000000000e+05 7.840500000000000000e+04
9.758955000000000000e+06 4.458000000000000000e+03 4.434000000000000000e+03 4.364000000000000000e+03 2.260330000000000000e+05 7.891900000000000000e+04
9.756706000000000000e+06 4.558000000000000000e+03 4.403000000000000000e+03 4.417000000000000000e+03 2.281600000000000000e+05 7.943100000000000000e+04
9.754504000000000000e+06 4.502000000000000000e+03 4.450000000000000000e+03 4.421000000000000000e+03 2.303670000000000000e+05 7.992700000000000000e+04
9.752268000000000000e+06 4.504000000000000000e+03 4.412000000000000000e+03 4.407000000000000000e+03 2.326530000000000000e+05 8.044800000000000000e+04
9.749982000000000000e+06 4.641000000000000000e+03 4.440000000000000000e+03 4.360000000000000000e+03 2.348210000000000000e+05 8.096300000000000000e+04
9.747689000000000000e+06 4.630000000000000000e+03 4.513000000000000000e+03 4.388000000000000000e+03 2.370240000000000000e+05 8.145100000000000000e+04
9.745307000000000000e+06 4.722000000000000000e+03 4.601000000000000000e+03 4.381000000000000000e+03 2.392330000000000000e+05 8.193500000000000000e+04
9.742939000000000000e+06 4.669000000000000000e+03 4.738000000000000000e+03 4.485000000000000000e+03 2.414130000000000000e+05 8.246200000000000000e+04
9.740541000000000000e+06 4.707000000000000000e+03 4.747000000000000000e+03 4.556000000000000000e+03 2.436930000000000000e+05 8.298500000000000000e+04
9.738095000000000000e+06 4.834000000000000000e+03 4.792000000000000000e+03 4.499000000000000000e+03 2.460240000000000000e+05 8.350200000000000000e+04
9.735553000000000000e+06 4.964000000000000000e+03 4.760000000000000000e+03 4.573000000000000000e+03 2.483940000000000000e+05 8.402600000000000000e+04
9.733044000000000000e+06 5.044000000000000000e+03 4.806000000000000000e+03 4.729000000000000000e+03 2.506210000000000000e+05 8.453100000000000000e+04
9.730655000000000000e+06 4.916000000000000000e+03 4.799000000000000000e+03 4.816000000000000000e+03 2.530580000000000000e+05 8.505200000000000000e+04
9.728204000000000000e+06 4.940000000000000000e+03 4.823000000000000000e+03 4.851000000000000000e+03 2.554260000000000000e+05 8.554700000000000000e+04
9.725692000000000000e+06 5.002000000000000000e+03 4.842000000000000000e+03 4.888000000000000000e+03 2.578200000000000000e+05 8.604700000000000000e+04
9.723197000000000000e+06 5.041000000000000000e+03 4.908000000000000000e+03 4.869000000000000000e+03 2.602290000000000000e+05 8.655800000000000000e+04
9.720694000000000000e+06 5.013000000000000000e+03 4.995000000000000000e+03 4.884000000000000000e+03 2.626580000000000000e+05 8.706800000000000000e+04
9.718222000000000000e+06 4.987000000000000000e+03 5.063000000000000000e+03 4.872000000000000000e+03 2.651000000000000000e+05 8.760600000000000000e+04
9.715593000000000000e+06 5.078000000000000000e+03 5.037000000000000000e+03 4.927000000000000000e+03 2.676090000000000000e+05 8.814500000000000000e+04
9.712975000000000000e+06 5.189000000000000000e+03 5.124000000000000000e+03 4.947000000000000000e+03 2.700090000000000000e+05 8.867800000000000000e+04
9.710375000000000000e+06 5.371000000000000000e+03 5.048000000000000000e+03 4.926000000000000000e+03 2.725240000000000000e+05 8.920800000000000000e+04
9.707742000000000000e+06 5.350000000000000000e+03 5.136000000000000000e+03 5.006000000000000000e+03 2.750100000000000000e+05 8.974200000000000000e+04
9.705048000000000000e+06 5.439000000000000000e+03 5.170000000000000000e+03 5.045000000000000000e+03 2.775420000000000000e+05 9.024500000000000000e+04
9.702383000000000000e+06 5.363000000000000000e+03 5.264000000000000000e+03 5.181000000000000000e+03 2.800530000000000000e+05 9.077800000000000000e+04
9.699709000000000000e+06 5.335000000000000000e+03 5.346000000000000000e+03 5.266000000000000000e+03 2.825880000000000000e+05 9.129300000000000000e+04
9.696959000000000000e+06 5.433000000000000000e+03 5.307000000000000000e+03 5.348000000000000000e+03 2.851970000000000000e+05 9.180100000000000000e+04
9.694215000000000000e+06 5.492000000000000000e+03 5.298000000000000000e+03 5.311000000000000000e+03 2.879280000000000000e+05 9.234300000000000000e+04
9.691557000000000000e+06 5.435000000000000000e+03 5.359000000000000000e+03 5.275000000000000000e+03 2.906180000000000000e+05 9.286700000000000000e+04
9.688819000000000000e+06 5.471000000000000000e+03 5.365000000000000000e+03 5.280000000000000000e+03 2.933090000000000000e+05 9.338800000000000000e+04
9.686119000000000000e+06 5.463000000000000000e+03 5.408000000000000000e+03 5.335000000000000000e+03 2.959190000000000000e+05 9.392900000000000000e+04
9.683385000000000000e+06 5.460000000000000000e+03 5.341000000000000000e+03 5.503000000000000000e+03 2.985550000000000000e+05 9.444000000000000000e+04
9.680718000000000000e+06 5.482000000000000000e+03 5.360000000000000000e+03 5.458000000000000000e+03 3.012260000000000000e+05 9.497900000000000000e+04
9.678027000000000000e+06 5.451000000000000000e+03 5.330000000000000000e+03 5.424000000000000000e+03 3.040120000000000000e+05 9.551400000000000000e+04
9.675279000000000000e+06 5.449000000000000000e+03 5.368000000000000000e+03 5.410000000000000000e+03 3.067380000000000000e+05 9.605600000000000000e+04
9.672577000000000000e+06 5.445000000000000000e+03 5.434000000000000000e+03 5.359000000000000000e+03 3.094290000000000000e+05 9.657300000000000000e+04
9.669859000000000000e+06 5.459000000000000000e+03 5.409000000000000000e+03 5.414000000000000000e+03 3.121030000000000000e+05 9.709200000000000000e+04
9.667086000000000000e+06 5.513000000000000000e+03 5.382000000000000000e+03 5.371000000000000000e+03 3.148920000000000000e+05 9.762400000000000000e+04
9.664379000000000000e+06 5.438000000000000000e+03 5.445000000000000000e+03 5.395000000000000000e+03 3.175870000000000000e+05 9.815500000000000000e+04
9.661516000000000000e+06 5.578000000000000000e+03 5.520000000000000000e+03 5.379000000000000000e+03 3.202510000000000000e+05 9.870500000000000000e+04
9.658750000000000000e+06 5.586000000000000000e+03 5.528000000000000000e+03 5.376000000000000000e+03 3.230040000000000000e+05 9.925000000000000000e+04
9.655977000000000000e+06 5.583000000000000000e+03 5.536000000000000000e+03 5.402000000000000000e+03 3.257460000000000000e+05 9.978400000000000000e+04
9.653147000000000000e+06 5.628000000000000000e+03 5.570000000000000000e+03 5.460000000000000000e+03 3.284390000000000000e+05 1.003400000000000000e+05
9.650333000000000000e+06 5.528000000000000000e+03 5.666000000000000000e+03 5.570000000000000000e+03 3.311470000000000000e+05 1.008510000000000000e+05
9.647448000000000000e+06 5.585000000000000000e+03 5.607000000000000000e+03 5.728000000000000000e+03 3.338760000000000000e+05 1.013900000000000000e+05
9.644582000000000000e+06 5.664000000000000000e+03 5.544000000000000000e+03 5.747000000000000000e+03 3.367070000000000000e+05 1.019280000000000000e+05
9.641747000000000000e+06 5.740000000000000000e+03 5.508000000000000000e+03 5.748000000000000000e+03 3.395010000000000000e+05 1.024820000000000000e+05
9.638935000000000000e+06 5.748000000000000000e+03 5.557000000000000000e+03 5.643000000000000000e+03 3.423610000000000000e+05 1.030250000000000000e+05
9.636087000000000000e+06 5.800000000000000000e+03 5.616000000000000000e+03 5.613000000000000000e+03 3.451280000000000000e+05 1.035530000000000000e+05
9.633195000000000000e+06 5.817000000000000000e+03 5.679000000000000000e+03 5.577000000000000000e+03 3.479760000000000000e+05 1.040780000000000000e+05
9.630347000000000000e+06 5.762000000000000000e+03 5.715000000000000000e+03 5.622000000000000000e+03 3.507980000000000000e+05 1.046370000000000000e+05
9.627505000000000000e+06 5.738000000000000000e+03 5.720000000000000000e+03 5.656000000000000000e+03 3.536250000000000000e+05 1.051930000000000000e+05
9.624525000000000000e+06 5.841000000000000000e+03 5.754000000000000000e+03 5.686000000000000000e+03 3.564380000000000000e+05 1.057460000000000000e+05
9.621634000000000000e+06 5.795000000000000000e+03 5.698000000000000000e+03 5.762000000000000000e+03 3.593550000000000000e+05 1.062890000000000000e+05
9.618745000000000000e+06 5.847000000000000000e+03 5.695000000000000000e+03 5.723000000000000000e+03 3.622340000000000000e+05 1.068250000000000000e+05
9.615793000000000000e+06 5.876000000000000000e+03 5.714000000000000000e+03 5.709000000000000000e+03 3.651520000000000000e+05 1.073410000000000000e+05
9.612859000000000000e+06 5.845000000000000000e+03 5.778000000000000000e+03 5.777000000000000000e+03 3.679850000000000000e+05 1.078900000000000000e+05
9.609956000000000000e+06 5.874000000000000000e+03 5.738000000000000000e+03 5.770000000000000000e+03 3.709060000000000000e+05 1.084300000000000000e+05
9.607059000000000000e+06 5.881000000000000000e+03 5.657000000000000000e+03 5.813000000000000000e+03 3.738340000000000000e+05 1.089690000000000000e+05
9.604154000000000000e+06 5.920000000000000000e+03 5.700000000000000000e+03 5.842000000000000000e+03 3.766280000000000000e+05 1.095250000000000000e+05
9.601256000000000000e+06 5.946000000000000000e+03 5.705000000000000000e+03 5.874000000000000000e+03 3.794630000000000000e+05 1.100540000000000000e+05
9.598413000000000000e+06 5.805000000000000000e+03 5.805000000000000000e+03 5.839000000000000000e+03 3.823820000000000000e+05 1.106080000000000000e+05
9.595493000000000000e+06 5.868000000000000000e+03 5.805000000000000000e+03 5.851000000000000000e+03 3.852270000000000000e+05 1.111300000000000000e+05
9.592517000000000000e+06 6.011000000000000000e+03 5.793000000000000000e+03 5.810000000000000000e+03 3.881130000000000000e+05 1.116610000000000000e+05
9.589604000000000000e+06 6.004000000000000000e+03 5.870000000000000000e+03 5.823000000000000000e+03 3.909430000000000000e+05 1.122170000000000000e+05
9.586655000000000000e+06 6.026000000000000000e+03 5.958000000000000000e+03 5.747000000000000000e+03 3.938580000000000000e+05 1.127610000000000000e+05
9.583671000000000000e+06 6.043000000000000000e+03 5.944000000000000000e+03 5.798000000000000000e+03 3.967880000000000000e+05 1.133010000000000000e+05
9.580580000000000000e+06 6.069000000000000000e+03 6.010000000000000000e+03 5.910000000000000000e+03 3.996750000000000000e+05 1.138330000000000000e+05
9.577624000000000000e+06 6.047000000000000000e+03 5.984000000000000000e+03 5.952000000000000000e+03 4.026370000000000000e+05 1.143900000000000000e+05
9.574593000000000000e+06 6.072000000000000000e+03 6.003000000000000000e+03 6.027000000000000000e+03 4.055490000000000000e+05 1.149430000000000000e+05
9.571625000000000000e+06 6.095000000000000000e+03 5.935000000000000000e+03 5.954000000000000000e+03 4.086350000000000000e+05 1.155020000000000000e+05
9.568698000000000000e+06 6.006000000000000000e+03 5.996000000000000000e+03 5.979000000000000000e+03 4.115650000000000000e+05 1.160610000000000000e+05
9.565660000000000000e+06 6.083000000000000000e+03 5.981000000000000000e+03 5.991000000000000000e+03 4.145290000000000000e+05 1.165840000000000000e+05
9.562665000000000000e+06 6.064000000000000000e+03 6.026000000000000000e+03 5.892000000000000000e+03 4.175970000000000000e+05 1.171360000000000000e+05
9.559686000000000000e+06 6.047000000000000000e+03 5.988000000000000000e+03 5.935000000000000000e+03 4.205880000000000000e+05 1.176990000000000000e+05
9.556665000000000000e+06 6.073000000000000000e+03 6.061000000000000000e+03 5.886000000000000000e+03 4.235590000000000000e+05 1.182490000000000000e+05
9.553653000000000000e+06 5.951000000000000000e+03 6.134000000000000000e+03 5.973000000000000000e+03 4.265330000000000000e+05 1.188210000000000000e+05
9.550595000000000000e+06 6.039000000000000000e+03 6.048000000000000000e+03 5.994000000000000000e+03 4.295680000000000000e+05 1.193680000000000000e+05
9.547591000000000000e+06 6.067000000000000000e+03 5.998000000000000000e+03 5.985000000000000000e+03 4.326030000000000000e+05 1.199080000000000000e+05
9.544557000000000000e+06 6.065000000000000000e+03 5.993000000000000000e+03 5.981000000000000000e+03 4.356480000000000000e+05 1.204720000000000000e+05
9.541476000000000000e+06 6.156000000000000000e+03 5.989000000000000000e+03 5.959000000000000000e+03 4.386640000000000000e+05 1.210270000000000000e+05
9.538462000000000000e+06 6.241000000000000000e+03 5.918000000000000000e+03 5.899000000000000000e+03 4.417240000000000000e+05 1.215960000000000000e+05
9.535465000000000000e+06 6.162000000000000000e+03 6.006000000000000000e+03 5.975000000000000000e+03 4.446360000000000000e+05 1.221530000000000000e+05
9.532427000000000000e+06 6.120000000000000000e+03 5.961000000000000000e+03 6.080000000000000000e+03 4.476560000000000000e+05 1.227190000000000000e+05
9.529415000000000000e+06 6.222000000000000000e+03 6.042000000000000000e+03 5.926000000000000000e+03 4.506390000000000000e+05 1.232790000000000000e+05
9.526447000000000000e+06 6.163000000000000000e+03 6.084000000000000000e+03 5.985000000000000000e+03 4.535650000000000000e+05 1.238330000000000000e+05
9.523332000000000000e+06 6.232000000000000000e+03 6.079000000000000000e+03 5.970000000000000000e+03 4.566310000000000000e+05 1.243660000000000000e+05
9.520247000000000000e+06 6.233000000000000000e+03 6.108000000000000000e+03 6.032000000000000000e+03 4.596240000000000000e+05 1.249160000000000000e+05
9.517148000000000000e+06 6.276000000000000000e+03 6.100000000000000000e+03 6.088000000000000000e+03 4.626320000000000000e+05 1.254640000000000000e+05
9.514012000000000000e+06 6.310000000000000000e+03 6.074000000000000000e+03 6.125000000000000000e+03 4.657230000000000000e+05 1.260090000000000000e+05
9.510980000000000000e+06 6.204000000000000000e+03 6.110000000000000000e+03 6.108000000000000000e+03 4.688420000000000000e+05 1.265390000000000000e+05
9.507923000000000000e+06 6.276000000000000000e+03 6.167000000000000000e+03 6.051000000000000000e+03 4.718270000000000000e+05 1.270880000000000000e+05
9.504735000000000000e+06 6.366000000000000000e+03 6.159000000000000000e+03 6.103000000000000000e+03 4.748810000000000000e+05 1.276300000000000000e+05
9.501666000000000000e+06 6.290000000000000000e+03 6.207000000000000000e+03 6.235000000000000000e+03 4.778460000000000000e+05 1.282020000000000000e+05
9.498574000000000000e+06 6.306000000000000000e+03 6.231000000000000000e+03 6.187000000000000000e+03 4.809460000000000000e+05 1.287700000000000000e+05
9.495427000000000000e+06 6.393000000000000000e+03 6.176000000000000000e+03 6.148000000000000000e+03 4.841000000000000000e+05 1.293040000000000000e+05
9.492274000000000000e+06 6.387000000000000000e+03 6.207000000000000000e+03 6.205000000000000000e+03 4.871710000000000000e+05 1.298530000000000000e+05
9.489187000000000000e+06 6.366000000000000000e+03 6.220000000000000000e+03 6.204000000000000000e+03 4.902670000000000000e+05 1.303940000000000000e+05
9.486116000000000000e+06 6.318000000000000000e+03 6.131000000000000000e+03 6.224000000000000000e+03 4.934550000000000000e+05 1.309320000000000000e+05
9.483062000000000000e+06 6.242000000000000000e+03 6.178000000000000000e+03 6.256000000000000000e+03 4.965060000000000000e+05 1.315180000000000000e+05
9.479911000000000000e+06 6.271000000000000000e+03 6.110000000000000000e+03 6.333000000000000000e+03 4.996190000000000000e+05 1.320460000000000000e+05
9.476871000000000000e+06 6.209000000000000000e+03 6.092000000000000000e+03 6.261000000000000000e+03 5.028110000000000000e+05 1.325980000000000000e+05
9.473912000000000000e+06 6.155000000000000000e+03 6.134000000000000000e+03 6.150000000000000000e+03 5.058930000000000000e+05 1.331810000000000000e+05
9.470821000000000000e+06 6.267000000000000000e+03 6.096000000000000000e+03 6.086000000000000000e+03 5.089740000000000000e+05 1.337400000000000000e+05
9.467786000000000000e+06 6.161000000000000000e+03 6.106000000000000000e+03 6.185000000000000000e+03 5.120060000000000000e+05 1.343180000000000000e+05
9.464823000000000000e+06 6.169000000000000000e+03 6.024000000000000000e+03 6.137000000000000000e+03 5.150910000000000000e+05 1.348870000000000000e+05
9.461868000000000000e+06 6.047000000000000000e+03 6.021000000000000000e+03 6.158000000000000000e+03 5.181500000000000000e+05 1.354440000000000000e+05
9.458872000000000000e+06 6.003000000000000000e+03 6.101000000000000000e+03 6.128000000000000000e+03 5.211400000000000000e+05 1.360040000000000000e+05
9.455805000000000000e+06 6.062000000000000000e+03 6.081000000000000000e+03 6.045000000000000000e+03 5.242510000000000000e+05 1.365930000000000000e+05
9.452794000000000000e+06 6.060000000000000000e+03 6.040000000000000000e+03 5.999000000000000000e+03 5.273510000000000000e+05 1.371500000000000000e+05
9.449800000000000000e+06 6.038000000000000000e+03 5.986000000000000000e+03 6.084000000000000000e+03 5.303360000000000000e+05 1.377300000000000000e+05
9.446908000000000000e+06 5.932000000000000000e+03 5.973000000000000000e+03 6.066000000000000000e+03 5.333650000000000000e+05 1.382830000000000000e+05
9.443934000000000000e+06 5.880000000000000000e+03 5.984000000000000000e+03 6.041000000000000000e+03 5.364050000000000000e+05 1.388440000000000000e+05
9.441018000000000000e+06 5.914000000000000000e+03 5.857000000000000000e+03 5.965000000000000000e+03 5.394900000000000000e+05 1.394020000000000000e+05
9.438067000000000000e+06 5.897000000000000000e+03 5.881000000000000000e+03 5.964000000000000000e+03 5.424350000000000000e+05 1.399570000000000000e+05
9.435034000000000000e+06 6.048000000000000000e+03 5.862000000000000000e+03 5.944000000000000000e+03 5.453560000000000000e+05 1.405190000000000000e+05
9.432208000000000000e+06 5.919000000000000000e+03 5.880000000000000000e+03 5.915000000000000000e+03 5.483220000000000000e+05 1.410890000000000000e+05
9.429278000000000000e+06 5.927000000000000000e+03 5.878000000000000000e+03 5.910000000000000000e+03 5.512510000000000000e+05 1.416540000000000000e+05
9.426304000000000000e+06 6.010000000000000000e+03 5.832000000000000000e+03 5.853000000000000000e+03 5.542450000000000000e+05 1.422280000000000000e+05
9.423394000000000000e+06 5.935000000000000000e+03 5.774000000000000000e+03 5.871000000000000000e+03 5.572700000000000000e+05 1.427830000000000000e+05
9.420550000000000000e+06 5.863000000000000000e+03 5.825000000000000000e+03 5.872000000000000000e+03 5.601340000000000000e+05 1.433370000000000000e+05
9.417687000000000000e+06 5.845000000000000000e+03 5.771000000000000000e+03 5.841000000000000000e+03 5.631000000000000000e+05 1.439160000000000000e+05
9.414932000000000000e+06 5.728000000000000000e+03 5.807000000000000000e+03 5.752000000000000000e+03 5.660250000000000000e+05 1.445060000000000000e+05
9.412001000000000000e+06 5.711000000000000000e+03 5.807000000000000000e+03 5.771000000000000000e+03 5.689540000000000000e+05 1.450660000000000000e+05
9.409035000000000000e+06 5.738000000000000000e+03 5.848000000000000000e+03 5.787000000000000000e+03 5.718360000000000000e+05 1.456220000000000000e+05
9.406142000000000000e+06 5.770000000000000000e+03 5.935000000000000000e+03 5.767000000000000000e+03 5.746300000000000000e+05 1.461750000000000000e+05
9.403287000000000000e+06 5.797000000000000000e+03 5.866000000000000000e+03 5.716000000000000000e+03 5.775780000000000000e+05 1.467400000000000000e+05
9.400405000000000000e+06 5.937000000000000000e+03 5.737000000000000000e+03 5.657000000000000000e+03 5.805080000000000000e+05 1.473250000000000000e+05
9.397495000000000000e+06 5.936000000000000000e+03 5.649000000000000000e+03 5.669000000000000000e+03 5.834950000000000000e+05 1.479390000000000000e+05
9.394633000000000000e+06 5.861000000000000000e+03 5.736000000000000000e+03 5.678000000000000000e+03 5.863360000000000000e+05 1.485250000000000000e+05
9.391866000000000000e+06 5.695000000000000000e+03 5.762000000000000000e+03 5.739000000000000000e+03 5.891820000000000000e+05 1.490750000000000000e+05
9.389007000000000000e+06 5.733000000000000000e+03 5.762000000000000000e+03 5.731000000000000000e+03 5.920110000000000000e+05 1.496440000000000000e+05
9.386215000000000000e+06 5.721000000000000000e+03 5.710000000000000000e+03 5.715000000000000000e+03 5.948830000000000000e+05 1.502090000000000000e+05
9.383387000000000000e+06 5.761000000000000000e+03 5.640000000000000000e+03 5.701000000000000000e+03 5.977550000000000000e+05 1.507860000000000000e+05
9.380504000000000000e+06 5.840000000000000000e+03 5.561000000000000000e+03 5.715000000000000000e+03 6.006240000000000000e+05 1.513460000000000000e+05
9.377681000000000000e+06 5.752000000000000000e+03 5.586000000000000000e+03 5.727000000000000000e+03 6.034980000000000000e+05 1.519240000000000000e+05
9.374882000000000000e+06 5.687000000000000000e+03 5.616000000000000000e+03 5.771000000000000000e+03 6.062880000000000000e+05 1.524930000000000000e+05
9.372155000000000000e+06 5.525000000000000000e+03 5.727000000000000000e+03 5.753000000000000000e+03 6.090840000000000000e+05 1.530560000000000000e+05
9.369303000000000000e+06 5.657000000000000000e+03 5.663000000000000000e+03 5.741000000000000000e+03 6.118800000000000000e+05 1.536190000000000000e+05
9.366550000000000000e+06 5.670000000000000000e+03 5.549000000000000000e+03 5.690000000000000000e+03 6.147850000000000000e+05 1.541770000000000000e+05
9.363821000000000000e+06 5.544000000000000000e+03 5.508000000000000000e+03 5.754000000000000000e+03 6.176170000000000000e+05 1.547610000000000000e+05
9.361133000000000000e+06 5.495000000000000000e+03 5.519000000000000000e+03 5.702000000000000000e+03 6.203950000000000000e+05 1.553340000000000000e+05
9.358468000000000000e+06 5.434000000000000000e+03 5.486000000000000000e+03 5.607000000000000000e+03 6.232490000000000000e+05 1.559170000000000000e+05
9.355767000000000000e+06 5.390000000000000000e+03 5.498000000000000000e+03 5.562000000000000000e+03 6.260270000000000000e+05 1.564720000000000000e+05
9.353088000000000000e+06 5.413000000000000000e+03 5.474000000000000000e+03 5.491000000000000000e+03 6.287780000000000000e+05 1.570330000000000000e+05
9.350330000000000000e+06 5.537000000000000000e+03 5.488000000000000000e+03 5.384000000000000000e+03 6.315050000000000000e+05 1.576070000000000000e+05
9.347679000000000000e+06 5.467000000000000000e+03 5.450000000000000000e+03 5.368000000000000000e+03 6.342800000000000000e+05 1.581760000000000000e+05
9.345070000000000000e+06 5.432000000000000000e+03 5.444000000000000000e+03 5.321000000000000000e+03 6.369770000000000000e+05 1.587150000000000000e+05
9.342385000000000000e+06 5.389000000000000000e+03 5.455000000000000000e+03 5.308000000000000000e+03 6.397070000000000000e+05 1.592640000000000000e+05
9.339685000000000000e+06 5.427000000000000000e+03 5.457000000000000000e+03 5.293000000000000000e+03 6.423820000000000000e+05 1.598440000000000000e+05
9.337064000000000000e+06 5.417000000000000000e+03 5.394000000000000000e+03 5.289000000000000000e+03 6.450800000000000000e+05 1.604190000000000000e+05
9.334477000000000000e+06 5.294000000000000000e+03 5.346000000000000000e+03 5.283000000000000000e+03 6.478440000000000000e+05 1.610080000000000000e+05
9.331808000000000000e+06 5.355000000000000000e+03 5.322000000000000000e+03 5.263000000000000000e+03 6.504960000000000000e+05 1.615750000000000000e+05
9.329211000000000000e+06 5.196000000000000000e+03 5.334000000000000000e+03 5.357000000000000000e+03 6.531460000000000000e+05 1.621260000000000000e+05
9.326578000000000000e+06 5.257000000000000000e+03 5.308000000000000000e+03 5.277000000000000000e+03 6.558240000000000000e+05 1.626770000000000000e+05
9.323977000000000000e+06 5.301000000000000000e+03 5.219000000000000000e+03 5.247000000000000000e+03 6.585000000000000000e+05 1.632480000000000000e+05
9.321465000000000000e+06 5.217000000000000000e+03 5.254000000000000000e+03 5.189000000000000000e+03 6.611190000000000000e+05 1.638370000000000000e+05
9.318953000000000000e+06 5.125000000000000000e+03 5.217000000000000000e+03 5.155000000000000000e+03 6.637940000000000000e+05 1.643850000000000000e+05
9.316350000000000000e+06 5.118000000000000000e+03 5.169000000000000000e+03 5.148000000000000000e+03 6.664590000000000000e+05 1.649400000000000000e+05
9.313793000000000000e+06 5.182000000000000000e+03 5.126000000000000000e+03 5.172000000000000000e+03 6.689710000000000000e+05 1.655140000000000000e+05
9.311232000000000000e+06 5.143000000000000000e+03 5.161000000000000000e+03 5.172000000000000000e+03 6.715360000000000000e+05 1.661020000000000000e+05
9.308721000000000000e+06 5.136000000000000000e+03 5.117000000000000000e+03 5.107000000000000000e+03 6.741630000000000000e+05 1.666770000000000000e+05
9.306179000000000000e+06 5.224000000000000000e+03 5.106000000000000000e+03 4.995000000000000000e+03 6.767400000000000000e+05 1.672450000000000000e+05
9.303669000000000000e+06 5.210000000000000000e+03 5.067000000000000000e+03 4.998000000000000000e+03 6.793000000000000000e+05 1.678030000000000000e+05
9.301123000000000000e+06 5.192000000000000000e+03 5.049000000000000000e+03 5.035000000000000000e+03 6.818450000000000000e+05 1.683860000000000000e+05
9.298638000000000000e+06 5.165000000000000000e+03 4.998000000000000000e+03 5.075000000000000000e+03 6.843680000000000000e+05 1.689680000000000000e+05
9.296223000000000000e+06 5.066000000000000000e+03 4.979000000000000000e+03 5.090000000000000000e+03 6.868860000000000000e+05 1.695520000000000000e+05
9.293721000000000000e+06 5.084000000000000000e+03 5.000000000000000000e+03 5.099000000000000000e+03 6.893400000000000000e+05 1.701240000000000000e+05
9.291232000000000000e+06 5.056000000000000000e+03 4.999000000000000000e+03 5.075000000000000000e+03 6.918820000000000000e+05 1.706700000000000000e+05
9.288822000000000000e+06 4.993000000000000000e+03 4.963000000000000000e+03 5.023000000000000000e+03 6.944430000000000000e+05 1.712410000000000000e+05
9.286363000000000000e+06 5.062000000000000000e+03 4.915000000000000000e+03 5.003000000000000000e+03 6.969010000000000000e+05 1.718120000000000000e+05
9.283954000000000000e+06 4.972000000000000000e+03 4.926000000000000000e+03 4.960000000000000000e+03 6.994320000000000000e+05 1.723880000000000000e+05
9.281496000000000000e+06 4.931000000000000000e+03 4.940000000000000000e+03 5.035000000000000000e+03 7.018420000000000000e+05 1.729330000000000000e+05
9.279111000000000000e+06 4.844000000000000000e+03 4.944000000000000000e+03 5.024000000000000000e+03 7.043210000000000000e+05 1.735190000000000000e+05
9.276663000000000000e+06 4.880000000000000000e+03 4.920000000000000000e+03 5.007000000000000000e+03 7.067740000000000000e+05 1.741010000000000000e+05
9.274179000000000000e+06 4.903000000000000000e+03 4.849000000000000000e+03 5.024000000000000000e+03 7.092890000000000000e+05 1.746260000000000000e+05
9.271749000000000000e+06 4.845000000000000000e+03 4.834000000000000000e+03 5.061000000000000000e+03 7.117550000000000000e+05 1.752030000000000000e+05
9.269357000000000000e+06 4.857000000000000000e+03 4.807000000000000000e+03 4.939000000000000000e+03 7.142840000000000000e+05 1.757580000000000000e+05
9.267029000000000000e+06 4.792000000000000000e+03 4.831000000000000000e+03 4.877000000000000000e+03 7.167150000000000000e+05 1.763210000000000000e+05
9.264620000000000000e+06 4.824000000000000000e+03 4.810000000000000000e+03 4.806000000000000000e+03 7.191840000000000000e+05 1.769060000000000000e+05
9.262331000000000000e+06 4.780000000000000000e+03 4.732000000000000000e+03 4.793000000000000000e+03 7.216080000000000000e+05 1.774730000000000000e+05
9.260033000000000000e+06 4.756000000000000000e+03 4.711000000000000000e+03 4.737000000000000000e+03 7.240070000000000000e+05 1.780400000000000000e+05
9.257653000000000000e+06 4.783000000000000000e+03 4.670000000000000000e+03 4.662000000000000000e+03 7.264760000000000000e+05 1.786170000000000000e+05
9.255390000000000000e+06 4.715000000000000000e+03 4.681000000000000000e+03 4.683000000000000000e+03 7.287750000000000000e+05 1.791840000000000000e+05
9.253060000000000000e+06 4.687000000000000000e+03 4.692000000000000000e+03 4.630000000000000000e+03 7.311750000000000000e+05 1.797430000000000000e+05
9.250769000000000000e+06 4.653000000000000000e+03 4.654000000000000000e+03 4.713000000000000000e+03 7.334550000000000000e+05 1.802950000000000000e+05
9.248539000000000000e+06 4.589000000000000000e+03 4.634000000000000000e+03 4.656000000000000000e+03 7.358260000000000000e+05 1.808520000000000000e+05
9.246228000000000000e+06 4.608000000000000000e+03 4.623000000000000000e+03 4.637000000000000000e+03 7.381480000000000000e+05 1.814080000000000000e+05
9.243953000000000000e+06 4.626000000000000000e+03 4.560000000000000000e+03 4.619000000000000000e+03 7.404860000000000000e+05 1.819850000000000000e+05
9.241668000000000000e+06 4.651000000000000000e+03 4.511000000000000000e+03 4.612000000000000000e+03 7.428020000000000000e+05 1.825520000000000000e+05
9.239448000000000000e+06 4.547000000000000000e+03 4.519000000000000000e+03 4.633000000000000000e+03 7.450970000000000000e+05 1.831260000000000000e+05
9.237312000000000000e+06 4.469000000000000000e+03 4.477000000000000000e+03 4.579000000000000000e+03 7.474070000000000000e+05 1.836850000000000000e+05
9.235126000000000000e+06 4.388000000000000000e+03 4.495000000000000000e+03 4.558000000000000000e+03 7.496770000000000000e+05 1.842680000000000000e+05
9.232972000000000000e+06 4.409000000000000000e+03 4.449000000000000000e+03 4.505000000000000000e+03 7.519090000000000000e+05 1.848230000000000000e+05
9.230754000000000000e+06 4.474000000000000000e+03 4.324000000000000000e+03 4.520000000000000000e+03 7.541720000000000000e+05 1.853870000000000000e+05
9.228647000000000000e+06 4.388000000000000000e+03 4.309000000000000000e+03 4.436000000000000000e+03 7.564640000000000000e+05 1.859620000000000000e+05
9.226490000000000000e+06 4.362000000000000000e+03 4.311000000000000000e+03 4.372000000000000000e+03 7.587090000000000000e+05 1.865240000000000000e+05
9.224427000000000000e+06 4.319000000000000000e+03 4.290000000000000000e+03 4.339000000000000000e+03 7.608690000000000000e+05 1.871440000000000000e+05
9.222271000000000000e+06 4.341000000000000000e+03 4.283000000000000000e+03 4.280000000000000000e+03 7.630690000000000000e+05 1.877110000000000000e+05
9.220130000000000000e+06 4.306000000000000000e+03 4.270000000000000000e+03 4.287000000000000000e+03 7.652510000000000000e+05 1.882500000000000000e+05
9.218089000000000000e+06 4.180000000000000000e+03 4.333000000000000000e+03 4.283000000000000000e+03 7.673590000000000000e+05 1.888290000000000000e+05
9.215954000000000000e+06 4.276000000000000000e+03 4.246000000000000000e+03 4.283000000000000000e+03 7.694850000000000000e+05 1.894140000000000000e+05
9.213890000000000000e+06 4.223000000000000000e+03 4.233000000000000000e+03 4.207000000000000000e+03 7.716910000000000000e+05 1.899820000000000000e+05
9.211813000000000000e+06 4.159000000000000000e+03 4.208000000000000000e+03 4.256000000000000000e+03 7.738080000000000000e+05 1.905320000000000000e+05
9.209754000000000000e+06 4.101000000000000000e+03 4.207000000000000000e+03 4.258000000000000000e+03 7.759240000000000000e+05 1.910990000000000000e+05
9.207740000000000000e+06 4.072000000000000000e+03 4.178000000000000000e+03 4.209000000000000000e+03 7.780450000000000000e+05 1.916690000000000000e+05
9.205640000000000000e+06 4.094000000000000000e+03 4.174000000000000000e+03 4.184000000000000000e+03 7.801520000000000000e+05 1.922290000000000000e+05
9.203640000000000000e+06 4.067000000000000000e+03 4.156000000000000000e+03 4.153000000000000000e+03 7.822280000000000000e+05 1.928090000000000000e+05
9.201654000000000000e+06 4.031000000000000000e+03 4.119000000000000000e+03 4.116000000000000000e+03 7.843240000000000000e+05 1.933730000000000000e+05
9.199616000000000000e+06 4.050000000000000000e+03 4.060000000000000000e+03 4.113000000000000000e+03 7.864050000000000000e+05 1.938990000000000000e+05
9.197671000000000000e+06 3.899000000000000000e+03 4.061000000000000000e+03 4.094000000000000000e+03 7.885190000000000000e+05 1.944650000000000000e+05
9.195711000000000000e+06 3.913000000000000000e+03 4.030000000000000000e+03 4.060000000000000000e+03 7.905300000000000000e+05 1.950180000000000000e+05
9.193740000000000000e+06 3.880000000000000000e+03 4.017000000000000000e+03 4.004000000000000000e+03 7.926030000000000000e+05 1.956010000000000000e+05
9.191782000000000000e+06 3.936000000000000000e+03 4.001000000000000000e+03 3.920000000000000000e+03 7.946050000000000000e+05 1.961840000000000000e+05
9.189883000000000000e+06 3.895000000000000000e+03 3.938000000000000000e+03 3.929000000000000000e+03 7.965990000000000000e+05 1.967690000000000000e+05
9.188006000000000000e+06 3.839000000000000000e+03 3.948000000000000000e+03 3.894000000000000000e+03 7.985570000000000000e+05 1.973250000000000000e+05
9.186110000000000000e+06 3.822000000000000000e+03 3.981000000000000000e+03 3.812000000000000000e+03 8.005190000000000000e+05 1.978960000000000000e+05
9.184109000000000000e+06 3.921000000000000000e+03 3.912000000000000000e+03 3.792000000000000000e+03 8.025100000000000000e+05 1.984580000000000000e+05
9.182232000000000000e+06 3.876000000000000000e+03 3.907000000000000000e+03 3.770000000000000000e+03 8.044590000000000000e+05 1.990220000000000000e+05
9.180377000000000000e+06 3.823000000000000000e+03 3.910000000000000000e+03 3.729000000000000000e+03 8.064050000000000000e+05 1.995710000000000000e+05
9.178494000000000000e+06 3.837000000000000000e+03 3.857000000000000000e+03 3.722000000000000000e+03 8.083340000000000000e+05 2.001290000000000000e+05
9.176675000000000000e+06 3.715000000000000000e+03 3.854000000000000000e+03 3.795000000000000000e+03 8.102050000000000000e+05 2.006630000000000000e+05
9.174835000000000000e+06 3.717000000000000000e+03 3.779000000000000000e+03 3.798000000000000000e+03 8.121150000000000000e+05 2.012350000000000000e+05
9.173007000000000000e+06 3.704000000000000000e+03 3.707000000000000000e+03 3.815000000000000000e+03 8.140110000000000000e+05 2.017760000000000000e+05
9.171226000000000000e+06 3.606000000000000000e+03 3.711000000000000000e+03 3.793000000000000000e+03 8.159080000000000000e+05 2.023360000000000000e+05
9.169419000000000000e+06 3.617000000000000000e+03 3.639000000000000000e+03 3.740000000000000000e+03 8.178290000000000000e+05 2.028990000000000000e+05
9.167632000000000000e+06 3.663000000000000000e+03 3.614000000000000000e+03 3.665000000000000000e+03 8.196700000000000000e+05 2.034450000000000000e+05
9.165918000000000000e+06 3.531000000000000000e+03 3.609000000000000000e+03 3.692000000000000000e+03 8.214940000000000000e+05 2.039930000000000000e+05
9.164152000000000000e+06 3.600000000000000000e+03 3.531000000000000000e+03 3.657000000000000000e+03 8.233040000000000000e+05 2.045680000000000000e+05
9.162451000000000000e+06 3.541000000000000000e+03 3.574000000000000000e+03 3.631000000000000000e+03 8.250470000000000000e+05 2.051280000000000000e+05
9.160775000000000000e+06 3.510000000000000000e+03 3.573000000000000000e+03 3.583000000000000000e+03 8.268030000000000000e+05 2.056830000000000000e+05
9.159135000000000000e+06 3.415000000000000000e+03 3.528000000000000000e+03 3.486000000000000000e+03 8.286800000000000000e+05 2.062320000000000000e+05
9.157413000000000000e+06 3.449000000000000000e+03 3.473000000000000000e+03 3.415000000000000000e+03 8.304940000000000000e+05 2.067990000000000000e+05
9.155757000000000000e+06 3.407000000000000000e+03 3.487000000000000000e+03 3.397000000000000000e+03 8.321960000000000000e+05 2.073880000000000000e+05
9.154041000000000000e+06 3.418000000000000000e+03 3.449000000000000000e+03 3.394000000000000000e+03 8.339420000000000000e+05 2.079630000000000000e+05
9.152400000000000000e+06 3.364000000000000000e+03 3.430000000000000000e+03 3.373000000000000000e+03 8.356770000000000000e+05 2.085190000000000000e+05
9.150680000000000000e+06 3.396000000000000000e+03 3.426000000000000000e+03 3.385000000000000000e+03 8.373570000000000000e+05 2.090900000000000000e+05
9.149080000000000000e+06 3.285000000000000000e+03 3.406000000000000000e+03 3.369000000000000000e+03 8.391040000000000000e+05 2.096380000000000000e+05
9.147423000000000000e+06 3.303000000000000000e+03 3.354000000000000000e+03 3.320000000000000000e+03 8.408440000000000000e+05 2.101850000000000000e+05
9.145797000000000000e+06 3.306000000000000000e+03 3.374000000000000000e+03 3.263000000000000000e+03 8.425040000000000000e+05 2.107300000000000000e+05
9.144186000000000000e+06 3.233000000000000000e+03 3.408000000000000000e+03 3.213000000000000000e+03 8.442040000000000000e+05 2.112680000000000000e+05
9.142540000000000000e+06 3.243000000000000000e+03 3.389000000000000000e+03 3.232000000000000000e+03 8.458400000000000000e+05 2.118390000000000000e+05
9.140837000000000000e+06 3.309000000000000000e+03 3.329000000000000000e+03 3.247000000000000000e+03 8.475220000000000000e+05 2.124050000000000000e+05
9.139234000000000000e+06 3.297000000000000000e+03 3.274000000000000000e+03 3.262000000000000000e+03 8.491770000000000000e+05 2.129580000000000000e+05
9.137657000000000000e+06 3.228000000000000000e+03 3.260000000000000000e+03 3.298000000000000000e+03 8.508010000000000000e+05 2.135060000000000000e+05
9.136119000000000000e+06 3.161000000000000000e+03 3.281000000000000000e+03 3.326000000000000000e+03 8.523570000000000000e+05 2.140290000000000000e+05
9.134567000000000000e+06 3.104000000000000000e+03 3.233000000000000000e+03 3.270000000000000000e+03 8.540700000000000000e+05 2.145690000000000000e+05
9.132963000000000000e+06 3.116000000000000000e+03 3.241000000000000000e+03 3.281000000000000000e+03 8.556430000000000000e+05 2.151180000000000000e+05
9.131387000000000000e+06 3.200000000000000000e+03 3.158000000000000000e+03 3.214000000000000000e+03 8.572850000000000000e+05 2.156540000000000000e+05
9.129832000000000000e+06 3.150000000000000000e+03 3.161000000000000000e+03 3.203000000000000000e+03 8.588980000000000000e+05 2.162040000000000000e+05
9.128280000000000000e+06 3.116000000000000000e+03 3.199000000000000000e+03 3.208000000000000000e+03 8.604410000000000000e+05 2.167600000000000000e+05
9.126780000000000000e+06 3.078000000000000000e+03 3.155000000000000000e+03 3.171000000000000000e+03 8.620600000000000000e+05 2.173100000000000000e+05
9.125203000000000000e+06 3.111000000000000000e+03 3.184000000000000000e+03 3.101000000000000000e+03 8.636450000000000000e+05 2.178590000000000000e+05
9.123685000000000000e+06 3.052000000000000000e+03 3.215000000000000000e+03 3.048000000000000000e+03 8.652440000000000000e+05 2.184060000000000000e+05
9.122106000000000000e+06 3.141000000000000000e+03 3.182000000000000000e+03 3.029000000000000000e+03 8.667860000000000000e+05 2.189780000000000000e+05
9.120529000000000000e+06 3.198000000000000000e+03 3.123000000000000000e+03 3.005000000000000000e+03 8.683890000000000000e+05 2.195360000000000000e+05
9.119019000000000000e+06 3.118000000000000000e+03 3.068000000000000000e+03 3.095000000000000000e+03 8.699440000000000000e+05 2.200890000000000000e+05
9.117553000000000000e+06 3.011000000000000000e+03 3.100000000000000000e+03 3.074000000000000000e+03 8.715060000000000000e+05 2.206360000000000000e+05
9.116069000000000000e+06 2.985000000000000000e+03 3.060000000000000000e+03 3.152000000000000000e+03 8.729780000000000000e+05 2.212110000000000000e+05
9.114551000000000000e+06 3.016000000000000000e+03 3.057000000000000000e+03 3.110000000000000000e+03 8.745100000000000000e+05 2.217620000000000000e+05
9.113140000000000000e+06 2.909000000000000000e+03 3.045000000000000000e+03 3.115000000000000000e+03 8.760350000000000000e+05 2.223010000000000000e+05
9.111660000000000000e+06 2.924000000000000000e+03 3.003000000000000000e+03 3.079000000000000000e+03 8.775780000000000000e+05 2.228830000000000000e+05
9.110210000000000000e+06 2.942000000000000000e+03 2.973000000000000000e+03 3.016000000000000000e+03 8.791030000000000000e+05 2.234340000000000000e+05
9.108861000000000000e+06 2.874000000000000000e+03 2.913000000000000000e+03 3.012000000000000000e+03 8.805840000000000000e+05 2.240100000000000000e+05
9.107489000000000000e+06 2.787000000000000000e+03 2.939000000000000000e+03 2.972000000000000000e+03 8.820570000000000000e+05 2.245740000000000000e+05
9.106085000000000000e+06 2.840000000000000000e+03 2.857000000000000000e+03 2.878000000000000000e+03 8.835840000000000000e+05 2.251180000000000000e+05
9.104678000000000000e+06 2.805000000000000000e+03 2.831000000000000000e+03 2.855000000000000000e+03 8.850750000000000000e+05 2.256900000000000000e+05
9.103332000000000000e+06 2.780000000000000000e+03 2.809000000000000000e+03 2.850000000000000000e+03 8.864730000000000000e+05 2.262160000000000000e+05
9.101995000000000000e+06 2.764000000000000000e+03 2.777000000000000000e+03 2.784000000000000000e+03 8.879240000000000000e+05 2.267830000000000000e+05
9.100723000000000000e+06 2.669000000000000000e+03 2.769000000000000000e+03 2.693000000000000000e+03 8.893900000000000000e+05 2.273120000000000000e+05
9.099384000000000000e+06 2.699000000000000000e+03 2.739000000000000000e+03 2.677000000000000000e+03 8.907450000000000000e+05 2.278340000000000000e+05
9.098129000000000000e+06 2.681000000000000000e+03 2.722000000000000000e+03 2.630000000000000000e+03 8.920820000000000000e+05 2.283880000000000000e+05
9.096785000000000000e+06 2.648000000000000000e+03 2.717000000000000000e+03 2.642000000000000000e+03 8.934520000000000000e+05 2.289530000000000000e+05
9.095468000000000000e+06 2.601000000000000000e+03 2.735000000000000000e+03 2.663000000000000000e+03 8.947770000000000000e+05 2.295070000000000000e+05
9.094196000000000000e+06 2.592000000000000000e+03 2.667000000000000000e+03 2.587000000000000000e+03 8.962020000000000000e+05 2.300580000000000000e+05
9.092858000000000000e+06 2.665000000000000000e+03 2.630000000000000000e+03 2.576000000000000000e+03 8.975150000000000000e+05 2.306330000000000000e+05
9.091519000000000000e+06 2.671000000000000000e+03 2.643000000000000000e+03 2.588000000000000000e+03 8.988230000000000000e+05 2.311620000000000000e+05
9.090267000000000000e+06 2.615000000000000000e+03 2.637000000000000000e+03 2.628000000000000000e+03 9.000970000000000000e+05 2.317120000000000000e+05
9.088960000000000000e+06 2.603000000000000000e+03 2.561000000000000000e+03 2.639000000000000000e+03 9.014810000000000000e+05 2.322900000000000000e+05
9.087736000000000000e+06 2.551000000000000000e+03 2.548000000000000000e+03 2.623000000000000000e+03 9.027860000000000000e+05 2.328310000000000000e+05
9.086519000000000000e+06 2.568000000000000000e+03 2.525000000000000000e+03 2.593000000000000000e+03 9.040390000000000000e+05 2.333840000000000000e+05
9.085327000000000000e+06 2.506000000000000000e+03 2.533000000000000000e+03 2.536000000000000000e+03 9.053420000000000000e+05 2.339410000000000000e+05
9.084070000000000000e+06 2.510000000000000000e+03 2.494000000000000000e+03 2.554000000000000000e+03 9.066160000000000000e+05 2.344740000000000000e+05
9.082901000000000000e+06 2.470000000000000000e+03 2.495000000000000000e+03 2.497000000000000000e+03 9.078810000000000000e+05 2.350390000000000000e+05
9.081727000000000000e+06 2.383000000000000000e+03 2.512000000000000000e+03 2.475000000000000000e+03 9.091470000000000000e+05 2.355930000000000000e+05
9.080478000000000000e+06 2.427000000000000000e+03 2.514000000000000000e+03 2.456000000000000000e+03 9.103690000000000000e+05 2.361530000000000000e+05
9.079292000000000000e+06 2.426000000000000000e+03 2.451000000000000000e+03 2.439000000000000000e+03 9.116360000000000000e+05 2.367150000000000000e+05
9.078135000000000000e+06 2.408000000000000000e+03 2.470000000000000000e+03 2.409000000000000000e+03 9.128220000000000000e+05 2.372750000000000000e+05
9.076974000000000000e+06 2.349000000000000000e+03 2.451000000000000000e+03 2.395000000000000000e+03 9.140750000000000000e+05 2.378010000000000000e+05
9.075803000000000000e+06 2.329000000000000000e+03 2.443000000000000000e+03 2.455000000000000000e+03 9.152140000000000000e+05 2.383340000000000000e+05
9.074590000000000000e+06 2.384000000000000000e+03 2.438000000000000000e+03 2.445000000000000000e+03 9.163870000000000000e+05 2.388580000000000000e+05
9.073452000000000000e+06 2.353000000000000000e+03 2.415000000000000000e+03 2.406000000000000000e+03 9.176180000000000000e+05 2.393860000000000000e+05
9.072338000000000000e+06 2.321000000000000000e+03 2.375000000000000000e+03 2.372000000000000000e+03 9.188380000000000000e+05 2.399410000000000000e+05
9.071206000000000000e+06 2.339000000000000000e+03 2.361000000000000000e+03 2.297000000000000000e+03 9.200410000000000000e+05 2.404730000000000000e+05
9.070065000000000000e+06 2.330000000000000000e+03 2.339000000000000000e+03 2.295000000000000000e+03 9.212150000000000000e+05 2.410110000000000000e+05
9.068930000000000000e+06 2.310000000000000000e+03 2.320000000000000000e+03 2.258000000000000000e+03 9.224260000000000000e+05 2.415830000000000000e+05
9.067851000000000000e+06 2.270000000000000000e+03 2.277000000000000000e+03 2.234000000000000000e+03 9.236120000000000000e+05 2.421310000000000000e+05
9.066783000000000000e+06 2.235000000000000000e+03 2.234000000000000000e+03 2.281000000000000000e+03 9.247110000000000000e+05 2.426520000000000000e+05
9.065765000000000000e+06 2.157000000000000000e+03 2.220000000000000000e+03 2.213000000000000000e+03 9.258890000000000000e+05 2.431730000000000000e+05
9.064676000000000000e+06 2.199000000000000000e+03 2.166000000000000000e+03 2.186000000000000000e+03 9.270170000000000000e+05 2.437220000000000000e+05
9.063724000000000000e+06 2.104000000000000000e+03 2.123000000000000000e+03 2.201000000000000000e+03 9.280920000000000000e+05 2.442690000000000000e+05
9.062689000000000000e+06 2.103000000000000000e+03 2.088000000000000000e+03 2.185000000000000000e+03 9.291790000000000000e+05 2.447920000000000000e+05
9.061681000000000000e+06 2.080000000000000000e+03 2.063000000000000000e+03 2.125000000000000000e+03 9.302950000000000000e+05 2.453400000000000000e+05
9.060747000000000000e+06 1.982000000000000000e+03 2.009000000000000000e+03 2.099000000000000000e+03 9.314070000000000000e+05 2.458750000000000000e+05
9.059753000000000000e+06 1.968000000000000000e+03 2.031000000000000000e+03 2.056000000000000000e+03 9.324360000000000000e+05 2.464180000000000000e+05
9.058823000000000000e+06 1.976000000000000000e+03 1.959000000000000000e+03 1.995000000000000000e+03 9.334910000000000000e+05 2.469670000000000000e+05
9.057897000000000000e+06 1.918000000000000000e+03 1.972000000000000000e+03 1.968000000000000000e+03 9.344890000000000000e+05 2.474720000000000000e+05
9.056980000000000000e+06 1.904000000000000000e+03 1.966000000000000000e+03 1.893000000000000000e+03 9.355010000000000000e+05 2.480190000000000000e+05
9.056071000000000000e+06 1.905000000000000000e+03 1.889000000000000000e+03 1.868000000000000000e+03 9.365110000000000000e+05 2.485590000000000000e+05
9.055122000000000000e+06 1.945000000000000000e+03 1.878000000000000000e+03 1.832000000000000000e+03 9.374670000000000000e+05 2.490900000000000000e+05
9.054235000000000000e+06 1.840000000000000000e+03 1.854000000000000000e+03 1.871000000000000000e+03 9.384440000000000000e+05 2.496260000000000000e+05
9.053337000000000000e+06 1.874000000000000000e+03 1.839000000000000000e+03 1.837000000000000000e+03 9.393570000000000000e+05 2.501670000000000000e+05
9.052472000000000000e+06 1.823000000000000000e+03 1.819000000000000000e+03 1.851000000000000000e+03 9.402790000000000000e+05 2.507130000000000000e+05
9.051593000000000000e+06 1.805000000000000000e+03 1.798000000000000000e+03 1.856000000000000000e+03 9.411920000000000000e+05 2.512290000000000000e+05
9.050750000000000000e+06 1.772000000000000000e+03 1.795000000000000000e+03 1.805000000000000000e+03 9.421220000000000000e+05 2.517680000000000000e+05
9.049903000000000000e+06 1.725000000000000000e+03 1.768000000000000000e+03 1.832000000000000000e+03 9.430160000000000000e+05 2.523320000000000000e+05
9.049020000000000000e+06 1.750000000000000000e+03 1.757000000000000000e+03 1.754000000000000000e+03 9.439630000000000000e+05 2.528700000000000000e+05
9.048177000000000000e+06 1.723000000000000000e+03 1.746000000000000000e+03 1.715000000000000000e+03 9.448830000000000000e+05 2.534020000000000000e+05
9.047340000000000000e+06 1.708000000000000000e+03 1.724000000000000000e+03 1.728000000000000000e+03 9.457440000000000000e+05 2.539430000000000000e+05
9.046528000000000000e+06 1.679000000000000000e+03 1.722000000000000000e+03 1.702000000000000000e+03 9.466130000000000000e+05 2.544780000000000000e+05
9.045693000000000000e+06 1.657000000000000000e+03 1.712000000000000000e+03 1.702000000000000000e+03 9.474800000000000000e+05 2.550110000000000000e+05
9.044873000000000000e+06 1.653000000000000000e+03 1.685000000000000000e+03 1.702000000000000000e+03 9.483310000000000000e+05 2.555600000000000000e+05
9.044110000000000000e+06 1.569000000000000000e+03 1.695000000000000000e+03 1.678000000000000000e+03 9.491920000000000000e+05 2.560690000000000000e+05
9.043314000000000000e+06 1.551000000000000000e+03 1.667000000000000000e+03 1.694000000000000000e+03 9.500180000000000000e+05 2.565890000000000000e+05
9.042542000000000000e+06 1.565000000000000000e+03 1.622000000000000000e+03 1.631000000000000000e+03 9.508840000000000000e+05 2.571220000000000000e+05
9.041773000000000000e+06 1.529000000000000000e+03 1.638000000000000000e+03 1.576000000000000000e+03 9.517280000000000000e+05 2.576320000000000000e+05
9.040996000000000000e+06 1.547000000000000000e+03 1.616000000000000000e+03 1.561000000000000000e+03 9.525240000000000000e+05 2.581660000000000000e+05
9.040221000000000000e+06 1.604000000000000000e+03 1.575000000000000000e+03 1.490000000000000000e+03 9.533540000000000000e+05 2.586900000000000000e+05
9.039491000000000000e+06 1.530000000000000000e+03 1.593000000000000000e+03 1.494000000000000000e+03 9.541360000000000000e+05 2.592000000000000000e+05
9.038718000000000000e+06 1.539000000000000000e+03 1.557000000000000000e+03 1.529000000000000000e+03 9.549010000000000000e+05 2.597230000000000000e+05
9.037961000000000000e+06 1.521000000000000000e+03 1.545000000000000000e+03 1.514000000000000000e+03 9.557030000000000000e+05 2.602460000000000000e+05
9.037222000000000000e+06 1.483000000000000000e+03 1.549000000000000000e+03 1.532000000000000000e+03 9.564580000000000000e+05 2.607580000000000000e+05
9.036503000000000000e+06 1.488000000000000000e+03 1.532000000000000000e+03 1.515000000000000000e+03 9.572060000000000000e+05 2.612820000000000000e+05
9.035768000000000000e+06 1.455000000000000000e+03 1.541000000000000000e+03 1.546000000000000000e+03 9.579340000000000000e+05 2.618150000000000000e+05
9.035041000000000000e+06 1.457000000000000000e+03 1.487000000000000000e+03 1.518000000000000000e+03 9.587410000000000000e+05 2.623430000000000000e+05
9.034376000000000000e+06 1.424000000000000000e+03 1.471000000000000000e+03 1.451000000000000000e+03 9.595220000000000000e+05 2.628530000000000000e+05
9.033718000000000000e+06 1.383000000000000000e+03 1.431000000000000000e+03 1.456000000000000000e+03 9.602560000000000000e+05 2.633750000000000000e+05
9.033081000000000000e+06 1.348000000000000000e+03 1.411000000000000000e+03 1.433000000000000000e+03 9.609710000000000000e+05 2.638760000000000000e+05
9.032385000000000000e+06 1.385000000000000000e+03 1.371000000000000000e+03 1.400000000000000000e+03 9.617030000000000000e+05 2.643930000000000000e+05
9.031769000000000000e+06 1.310000000000000000e+03 1.365000000000000000e+03 1.400000000000000000e+03 9.624000000000000000e+05 2.649150000000000000e+05
9.031097000000000000e+06 1.357000000000000000e+03 1.307000000000000000e+03 1.358000000000000000e+03 9.631250000000000000e+05 2.654410000000000000e+05
9.030440000000000000e+06 1.329000000000000000e+03 1.319000000000000000e+03 1.339000000000000000e+03 9.638170000000000000e+05 2.659530000000000000e+05
9.029823000000000000e+06 1.278000000000000000e+03 1.322000000000000000e+03 1.361000000000000000e+03 9.644600000000000000e+05 2.664930000000000000e+05
9.029182000000000000e+06 1.272000000000000000e+03 1.328000000000000000e+03 1.326000000000000000e+03 9.651360000000000000e+05 2.670550000000000000e+05
9.028580000000000000e+06 1.261000000000000000e+03 1.280000000000000000e+03 1.287000000000000000e+03 9.658360000000000000e+05 2.675960000000000000e+05
9.027971000000000000e+06 1.220000000000000000e+03 1.290000000000000000e+03 1.280000000000000000e+03 9.664830000000000000e+05 2.680950000000000000e+05
9.027347000000000000e+06 1.223000000000000000e+03 1.239000000000000000e+03 1.287000000000000000e+03 9.671480000000000000e+05 2.686100000000000000e+05
9.026710000000000000e+06 1.228000000000000000e+03 1.275000000000000000e+03 1.285000000000000000e+03 9.677460000000000000e+05 2.691430000000000000e+05
9.026128000000000000e+06 1.222000000000000000e+03 1.237000000000000000e+03 1.268000000000000000e+03 9.683890000000000000e+05 2.696850000000000000e+05
9.025538000000000000e+06 1.228000000000000000e+03 1.210000000000000000e+03 1.251000000000000000e+03 9.690170000000000000e+05 2.702250000000000000e+05
9.024971000000000000e+06 1.185000000000000000e+03 1.205000000000000000e+03 1.245000000000000000e+03 9.696380000000000000e+05 2.707450000000000000e+05
9.024378000000000000e+06 1.154000000000000000e+03 1.192000000000000000e+03 1.270000000000000000e+03 9.702500000000000000e+05 2.713050000000000000e+05
9.023813000000000000e+06 1.158000000000000000e+03 1.171000000000000000e+03 1.244000000000000000e+03 9.708580000000000000e+05 2.718270000000000000e+05
9.023233000000000000e+06 1.189000000000000000e+03 1.130000000000000000e+03 1.223000000000000000e+03 9.714690000000000000e+05 2.723590000000000000e+05
9.022717000000000000e+06 1.126000000000000000e+03 1.131000000000000000e+03 1.202000000000000000e+03 9.720680000000000000e+05 2.728750000000000000e+05
9.022194000000000000e+06 1.054000000000000000e+03 1.125000000000000000e+03 1.200000000000000000e+03 9.726710000000000000e+05 2.734130000000000000e+05
9.021672000000000000e+06 1.051000000000000000e+03 1.111000000000000000e+03 1.177000000000000000e+03 9.732330000000000000e+05 2.739190000000000000e+05
9.021166000000000000e+06 1.049000000000000000e+03 1.082000000000000000e+03 1.127000000000000000e+03 9.738200000000000000e+05 2.744340000000000000e+05
9.020654000000000000e+06 1.049000000000000000e+03 1.067000000000000000e+03 1.055000000000000000e+03 9.744190000000000000e+05 2.749540000000000000e+05
9.020178000000000000e+06 9.920000000000000000e+02 1.077000000000000000e+03 1.029000000000000000e+03 9.749680000000000000e+05 2.754850000000000000e+05
9.019651000000000000e+06 1.020000000000000000e+03 1.063000000000000000e+03 1.007000000000000000e+03 9.755030000000000000e+05 2.760050000000000000e+05
9.019179000000000000e+06 9.810000000000000000e+02 1.060000000000000000e+03 9.990000000000000000e+02 9.760250000000000000e+05 2.765170000000000000e+05
9.018671000000000000e+06 9.880000000000000000e+02 1.041000000000000000e+03 9.490000000000000000e+02 9.765950000000000000e+05 2.770190000000000000e+05
9.018223000000000000e+06 9.790000000000000000e+02 9.880000000000000000e+02 9.560000000000000000e+02 9.770980000000000000e+05 2.775310000000000000e+05
9.017731000000000000e+06 1.009000000000000000e+03 1.001000000000000000e+03 9.400000000000000000e+02 9.775630000000000000e+05 2.780330000000000000e+05
9.017265000000000000e+06 9.710000000000000000e+02 1.014000000000000000e+03 9.600000000000000000e+02 9.780340000000000000e+05 2.785680000000000000e+05
9.016779000000000000e+06 9.680000000000000000e+02 1.006000000000000000e+03 9.740000000000000000e+02 9.785170000000000000e+05 2.791020000000000000e+05
9.016323000000000000e+06 9.500000000000000000e+02 9.950000000000000000e+02 9.420000000000000000e+02 9.790340000000000000e+05 2.796250000000000000e+05
9.015831000000000000e+06 9.710000000000000000e+02 9.950000000000000000e+02 9.130000000000000000e+02 9.795340000000000000e+05 2.801150000000000000e+05
9.015343000000000000e+06 9.810000000000000000e+02 9.900000000000000000e+02 9.180000000000000000e+02 9.800120000000000000e+05 2.806300000000000000e+05
9.014863000000000000e+06 9.770000000000000000e+02 9.730000000000000000e+02 9.560000000000000000e+02 9.804750000000000000e+05 2.811650000000000000e+05
9.014391000000000000e+06 9.820000000000000000e+02 9.810000000000000000e+02 9.280000000000000000e+02 9.809620000000000000e+05 2.816740000000000000e+05
9.013913000000000000e+06 9.920000000000000000e+02 9.860000000000000000e+02 9.190000000000000000e+02 9.814340000000000000e+05 2.821860000000000000e+05
9.013441000000000000e+06 9.220000000000000000e+02 9.880000000000000000e+02 9.370000000000000000e+02 9.819560000000000000e+05 2.826780000000000000e+05
9.012954000000000000e+06 9.270000000000000000e+02 9.750000000000000000e+02 9.760000000000000000e+02 9.824120000000000000e+05 2.831840000000000000e+05
9.012478000000000000e+06 9.670000000000000000e+02 9.430000000000000000e+02 9.660000000000000000e+02 9.828900000000000000e+05 2.836850000000000000e+05
9.012018000000000000e+06 9.490000000000000000e+02 9.570000000000000000e+02 9.910000000000000000e+02 9.833290000000000000e+05 2.842010000000000000e+05
9.011534000000000000e+06 9.420000000000000000e+02 9.360000000000000000e+02 9.840000000000000000e+02 9.838480000000000000e+05 2.847520000000000000e+05
9.011097000000000000e+06 8.950000000000000000e+02 9.440000000000000000e+02 9.710000000000000000e+02 9.843370000000000000e+05 2.852610000000000000e+05
9.010668000000000000e+06 8.680000000000000000e+02 9.240000000000000000e+02 9.560000000000000000e+02 9.848280000000000000e+05 2.857740000000000000e+05
9.010211000000000000e+06 8.960000000000000000e+02 9.200000000000000000e+02 9.150000000000000000e+02 9.853020000000000000e+05 2.863060000000000000e+05
9.009789000000000000e+06 8.820000000000000000e+02 9.290000000000000000e+02 9.050000000000000000e+02 9.857390000000000000e+05 2.868290000000000000e+05
9.009334000000000000e+06 8.920000000000000000e+02 9.440000000000000000e+02 8.730000000000000000e+02 9.862010000000000000e+05 2.873400000000000000e+05
9.008867000000000000e+06 9.100000000000000000e+02 9.460000000000000000e+02 8.570000000000000000e+02 9.866640000000000000e+05 2.878540000000000000e+05
9.008437000000000000e+06 8.850000000000000000e+02 9.110000000000000000e+02 8.820000000000000000e+02 9.871290000000000000e+05 2.883150000000000000e+05
9.008022000000000000e+06 8.580000000000000000e+02 8.920000000000000000e+02 9.220000000000000000e+02 9.875500000000000000e+05 2.888390000000000000e+05
9.007625000000000000e+06 8.240000000000000000e+02 8.740000000000000000e+02 9.310000000000000000e+02 9.879900000000000000e+05 2.893510000000000000e+05
9.007219000000000000e+06 8.550000000000000000e+02 8.250000000000000000e+02 8.900000000000000000e+02 9.884550000000000000e+05 2.898450000000000000e+05
9.006807000000000000e+06 8.390000000000000000e+02 8.330000000000000000e+02 8.600000000000000000e+02 9.889050000000000000e+05 2.903670000000000000e+05
9.006411000000000000e+06 8.040000000000000000e+02 8.310000000000000000e+02 8.790000000000000000e+02 9.893190000000000000e+05 2.908800000000000000e+05
9.006027000000000000e+06 8.130000000000000000e+02 7.880000000000000000e+02 8.380000000000000000e+02 9.897780000000000000e+05 2.914050000000000000e+05
9.005661000000000000e+06 7.640000000000000000e+02 7.750000000000000000e+02 8.550000000000000000e+02 9.901890000000000000e+05 2.919130000000000000e+05
9.005320000000000000e+06 7.260000000000000000e+02 7.770000000000000000e+02 8.250000000000000000e+02 9.905960000000000000e+05 2.924480000000000000e+05
9.004962000000000000e+06 7.370000000000000000e+02 7.700000000000000000e+02 7.520000000000000000e+02 9.910230000000000000e+05 2.929680000000000000e+05
9.004590000000000000e+06 7.350000000000000000e+02 7.790000000000000000e+02 7.310000000000000000e+02 9.914090000000000000e+05 2.934560000000000000e+05
9.004206000000000000e+06 7.460000000000000000e+02 7.330000000000000000e+02 7.360000000000000000e+02 9.918230000000000000e+05 2.939560000000000000e+05
9.003872000000000000e+06 7.080000000000000000e+02 7.340000000000000000e+02 7.490000000000000000e+02 9.921810000000000000e+05 2.944520000000000000e+05
9.003518000000000000e+06 7.160000000000000000e+02 7.200000000000000000e+02 7.380000000000000000e+02 9.925520000000000000e+05 2.949590000000000000e+05
9.003187000000000000e+06 7.040000000000000000e+02 7.070000000000000000e+02 7.060000000000000000e+02 9.929400000000000000e+05 2.954740000000000000e+05
9.002854000000000000e+06 6.920000000000000000e+02 6.860000000000000000e+02 7.180000000000000000e+02 9.932940000000000000e+05 2.960020000000000000e+05
9.002550000000000000e+06 6.470000000000000000e+02 6.640000000000000000e+02 7.390000000000000000e+02 9.936440000000000000e+05 2.965210000000000000e+05
9.002250000000000000e+06 6.270000000000000000e+02 6.600000000000000000e+02 7.150000000000000000e+02 9.939920000000000000e+05 2.970500000000000000e+05
9.001982000000000000e+06 6.020000000000000000e+02 6.390000000000000000e+02 6.640000000000000000e+02 9.943570000000000000e+05 2.975660000000000000e+05
9.001664000000000000e+06 6.040000000000000000e+02 6.380000000000000000e+02 6.420000000000000000e+02 9.946960000000000000e+05 2.980680000000000000e+05
9.001336000000000000e+06 6.380000000000000000e+02 6.120000000000000000e+02 6.290000000000000000e+02 9.950290000000000000e+05 2.985500000000000000e+05
9.001025000000000000e+06 6.540000000000000000e+02 5.960000000000000000e+02 6.390000000000000000e+02 9.953300000000000000e+05 2.990510000000000000e+05
9.000713000000000000e+06 6.430000000000000000e+02 5.990000000000000000e+02 6.200000000000000000e+02 9.956690000000000000e+05 2.995710000000000000e+05
9.000395000000000000e+06 6.350000000000000000e+02 6.020000000000000000e+02 6.240000000000000000e+02 9.959880000000000000e+05 3.000920000000000000e+05
0.000000000000000000e+00 0.000000000000000000e+00 0.000000000000000000e+00 0.000000000000000000e+00 0.000000000000000000e+00 0.000000000000000000e+00
