9.998144000000000000e+06 0.000000000000000000e+00 1.000000000000000000e+02 0.000000000000000000e+00 0.000000000000000000e+00 0.000000000000000000e+00
9.998055000000000000e+06 7.300000000000000000e+01 1.040000000000000000e+02 4.000000000000000000e+00 8.000000000000000000e+00 0.000000000000000000e+00
9.997987000000000000e+06 1.070000000000000000e+02 1.030000000000000000e+02 2.100000000000000000e+01 2.600000000000000000e+01 0.000000000000000000e+00
9.997898000000000000e+06 1.440000000000000000e+02 1.140000000000000000e+02 4.200000000000000000e+01 4.600000000000000000e+01 0.000000000000000000e+00
9.997798000000000000e+06 1.670000000000000000e+02 1.170000000000000000e+02 8.300000000000000000e+01 7.900000000000000000e+01 0.000000000000000000e+00
9.997697000000000000e+06 1.800000000000000000e+02 1.320000000000000000e+02 1.160000000000000000e+02 1.190000000000000000e+02 0.000000000000000000e+00
9.997554000000000000e+06 2.120000000000000000e+02 1.530000000000000000e+02 1.610000000000000000e+02 1.640000000000000000e+02 0.000000000000000000e+00
9.997376000000000000e+06 2.820000000000000000e+02 1.730000000000000000e+02 1.870000000000000000e+02 2.260000000000000000e+02 0.000000000000000000e+00
9.997144000000000000e+06 3.540000000000000000e+02 2.190000000000000000e+02 2.180000000000000000e+02 3.090000000000000000e+02 0.000000000000000000e+00
9.996911000000000000e+06 4.190000000000000000e+02 2.500000000000000000e+02 2.650000000000000000e+02 3.990000000000000000e+02 0.000000000000000000e+00
9.996631000000000000e+06 4.930000000000000000e+02 2.920000000000000000e+02 3.070000000000000000e+02 5.210000000000000000e+02 0.000000000000000000e+00
9.996299000000000000e+06 5.890000000000000000e+02 3.620000000000000000e+02 3.570000000000000000e+02 6.370000000000000000e+02 0.000000000000000000e+00
9.995910000000000000e+06 6.690000000000000000e+02 4.380000000000000000e+02 4.460000000000000000e+02 7.810000000000000000e+02 0.000000000000000000e+00
9.995438000000000000e+06 7.870000000000000000e+02 5.340000000000000000e+02 5.160000000000000000e+02 9.690000000000000000e+02 0.000000000000000000e+00
9.994869000000000000e+06 9.580000000000000000e+02 6.300000000000000000e+02 6.020000000000000000e+02 1.185000000000000000e+03 0.000000000000000000e+00
9.994247000000000000e+06 1.098000000000000000e+03 7.580000000000000000e+02 6.950000000000000000e+02 1.446000000000000000e+03 0.000000000000000000e+00
9.993418000000000000e+06 1.320000000000000000e+03 8.980000000000000000e+02 8.490000000000000000e+02 1.759000000000000000e+03 0.000000000000000000e+00
9.992463000000000000e+06 1.593000000000000000e+03 1.036000000000000000e+03 1.027000000000000000e+03 2.125000000000000000e+03 0.000000000000000000e+00
9.991362000000000000e+06 1.856000000000000000e+03 1.212000000000000000e+03 1.234000000000000000e+03 2.580000000000000000e+03 0.000000000000000000e+00
9.990025000000000000e+06 2.195000000000000000e+03 1.445000000000000000e+03 1.509000000000000000e+03 3.070000000000000000e+03 0.000000000000000000e+00
9.988421000000000000e+06 2.653000000000000000e+03 1.712000000000000000e+03 1.759000000000000000e+03 3.699000000000000000e+03 0.000000000000000000e+00
9.987663000000000000e+06 2.186000000000000000e+03 1.986000000000000000e+03 1.978000000000000000e+03 4.431000000000000000e+03 0.000000000000000000e+00
9.986712000000000000e+06 2.040000000000000000e+03 2.115000000000000000e+03 1.548000000000000000e+03 5.829000000000000000e+03 1.000000000000000000e+03
9.985794000000000000e+06 1.949000000000000000e+03 2.103000000000000000e+03 1.244000000000000000e+03 7.154000000000000000e+03 2.000000000000000000e+03
9.984985000000000000e+06 1.853000000000000000e+03 1.984000000000000000e+03 1.350000000000000000e+03 8.072000000000000000e+03 2.477000000000000000e+03
9.984225000000000000e+06 1.641000000000000000e+03 1.880000000000000000e+03 1.498000000000000000e+03 9.000000000000000000e+03 2.897000000000000000e+03
9.983457000000000000e+06 1.622000000000000000e+03 1.793000000000000000e+03 1.458000000000000000e+03 9.914000000000000000e+03 3.328000000000000000e+03
9.982690000000000000e+06 1.565000000000000000e+03 1.762000000000000000e+03 1.442000000000000000e+03 1.078500000000000000e+04 3.735000000000000000e+03
9.981981000000000000e+06 1.508000000000000000e+03 1.692000000000000000e+03 1.380000000000000000e+03 1.168300000000000000e+04 4.168000000000000000e+03
9.981269000000000000e+06 1.440000000000000000e+03 1.653000000000000000e+03 1.373000000000000000e+03 1.250900000000000000e+04 4.614000000000000000e+03
9.980550000000000000e+06 1.437000000000000000e+03 1.579000000000000000e+03 1.341000000000000000e+03 1.333700000000000000e+04 5.043000000000000000e+03
9.979877000000000000e+06 1.431000000000000000e+03 1.481000000000000000e+03 1.291000000000000000e+03 1.416400000000000000e+04 5.479000000000000000e+03
9.979244000000000000e+06 1.438000000000000000e+03 1.442000000000000000e+03 1.188000000000000000e+03 1.493200000000000000e+04 5.927000000000000000e+03
9.978630000000000000e+06 1.362000000000000000e+03 1.405000000000000000e+03 1.202000000000000000e+03 1.564500000000000000e+04 6.337000000000000000e+03
9.978021000000000000e+06 1.285000000000000000e+03 1.383000000000000000e+03 1.235000000000000000e+03 1.632000000000000000e+04 6.779000000000000000e+03
9.977418000000000000e+06 1.246000000000000000e+03 1.353000000000000000e+03 1.210000000000000000e+03 1.701700000000000000e+04 7.181000000000000000e+03
9.976795000000000000e+06 1.233000000000000000e+03 1.293000000000000000e+03 1.220000000000000000e+03 1.770300000000000000e+04 7.610000000000000000e+03
9.976217000000000000e+06 1.237000000000000000e+03 1.227000000000000000e+03 1.155000000000000000e+03 1.840800000000000000e+04 8.007000000000000000e+03
9.975658000000000000e+06 1.187000000000000000e+03 1.222000000000000000e+03 1.144000000000000000e+03 1.903300000000000000e+04 8.414000000000000000e+03
9.975110000000000000e+06 1.153000000000000000e+03 1.188000000000000000e+03 1.144000000000000000e+03 1.964900000000000000e+04 8.803000000000000000e+03
9.974567000000000000e+06 1.144000000000000000e+03 1.202000000000000000e+03 1.063000000000000000e+03 2.026800000000000000e+04 9.209000000000000000e+03
9.974065000000000000e+06 1.084000000000000000e+03 1.186000000000000000e+03 1.051000000000000000e+03 2.085800000000000000e+04 9.600000000000000000e+03
9.973524000000000000e+06 1.098000000000000000e+03 1.146000000000000000e+03 1.000000000000000000e+03 2.147600000000000000e+04 9.994000000000000000e+03
9.972990000000000000e+06 1.090000000000000000e+03 1.103000000000000000e+03 1.011000000000000000e+03 2.205000000000000000e+04 1.038000000000000000e+04
9.972486000000000000e+06 1.066000000000000000e+03 1.076000000000000000e+03 9.850000000000000000e+02 2.263100000000000000e+04 1.079000000000000000e+04
9.971994000000000000e+06 1.044000000000000000e+03 1.078000000000000000e+03 9.900000000000000000e+02 2.313800000000000000e+04 1.118400000000000000e+04
9.971544000000000000e+06 9.530000000000000000e+02 1.051000000000000000e+03 1.014000000000000000e+03 2.368200000000000000e+04 1.157200000000000000e+04
9.971054000000000000e+06 9.630000000000000000e+02 1.008000000000000000e+03 1.003000000000000000e+03 2.421600000000000000e+04 1.195900000000000000e+04
9.970613000000000000e+06 9.340000000000000000e+02 9.390000000000000000e+02 9.680000000000000000e+02 2.479000000000000000e+04 1.234000000000000000e+04
9.970178000000000000e+06 9.000000000000000000e+02 9.470000000000000000e+02 9.490000000000000000e+02 2.527000000000000000e+04 1.271100000000000000e+04
9.969761000000000000e+06 8.680000000000000000e+02 9.340000000000000000e+02 8.940000000000000000e+02 2.578700000000000000e+04 1.310000000000000000e+04
9.969282000000000000e+06 8.990000000000000000e+02 9.160000000000000000e+02 8.610000000000000000e+02 2.628600000000000000e+04 1.351100000000000000e+04
9.968793000000000000e+06 9.480000000000000000e+02 9.130000000000000000e+02 8.690000000000000000e+02 2.672100000000000000e+04 1.388300000000000000e+04
9.968357000000000000e+06 9.300000000000000000e+02 9.400000000000000000e+02 8.830000000000000000e+02 2.713400000000000000e+04 1.426500000000000000e+04
9.967877000000000000e+06 9.350000000000000000e+02 9.190000000000000000e+02 9.040000000000000000e+02 2.760900000000000000e+04 1.465100000000000000e+04
9.967420000000000000e+06 9.330000000000000000e+02 9.040000000000000000e+02 9.190000000000000000e+02 2.806800000000000000e+04 1.501600000000000000e+04
9.966960000000000000e+06 9.390000000000000000e+02 8.980000000000000000e+02 9.110000000000000000e+02 2.853600000000000000e+04 1.536800000000000000e+04
9.966498000000000000e+06 9.580000000000000000e+02 9.020000000000000000e+02 8.910000000000000000e+02 2.899500000000000000e+04 1.574800000000000000e+04
9.966067000000000000e+06 9.190000000000000000e+02 9.090000000000000000e+02 8.700000000000000000e+02 2.947900000000000000e+04 1.612300000000000000e+04
9.965599000000000000e+06 9.450000000000000000e+02 8.860000000000000000e+02 8.650000000000000000e+02 2.994900000000000000e+04 1.652000000000000000e+04
9.965129000000000000e+06 9.660000000000000000e+02 8.860000000000000000e+02 8.460000000000000000e+02 3.041700000000000000e+04 1.689500000000000000e+04
9.964725000000000000e+06 9.260000000000000000e+02 8.760000000000000000e+02 8.620000000000000000e+02 3.085500000000000000e+04 1.726800000000000000e+04
9.964243000000000000e+06 9.350000000000000000e+02 9.030000000000000000e+02 8.700000000000000000e+02 3.129300000000000000e+04 1.761500000000000000e+04
9.963786000000000000e+06 9.450000000000000000e+02 8.990000000000000000e+02 8.650000000000000000e+02 3.174900000000000000e+04 1.797100000000000000e+04
9.963324000000000000e+06 9.550000000000000000e+02 9.140000000000000000e+02 8.590000000000000000e+02 3.219200000000000000e+04 1.833200000000000000e+04
9.962899000000000000e+06 9.050000000000000000e+02 9.240000000000000000e+02 8.740000000000000000e+02 3.264200000000000000e+04 1.869500000000000000e+04
9.962393000000000000e+06 9.480000000000000000e+02 9.360000000000000000e+02 8.750000000000000000e+02 3.309200000000000000e+04 1.905100000000000000e+04
9.961886000000000000e+06 9.610000000000000000e+02 9.520000000000000000e+02 8.610000000000000000e+02 3.358400000000000000e+04 1.939500000000000000e+04
9.961407000000000000e+06 9.740000000000000000e+02 9.420000000000000000e+02 8.950000000000000000e+02 3.402600000000000000e+04 1.975100000000000000e+04
9.960922000000000000e+06 9.740000000000000000e+02 9.410000000000000000e+02 8.980000000000000000e+02 3.450900000000000000e+04 2.014200000000000000e+04
9.960462000000000000e+06 9.630000000000000000e+02 9.550000000000000000e+02 8.990000000000000000e+02 3.496500000000000000e+04 2.051900000000000000e+04
9.959984000000000000e+06 9.900000000000000000e+02 9.550000000000000000e+02 8.840000000000000000e+02 3.543100000000000000e+04 2.088600000000000000e+04
9.959494000000000000e+06 9.950000000000000000e+02 9.520000000000000000e+02 8.800000000000000000e+02 3.592300000000000000e+04 2.124800000000000000e+04
9.959000000000000000e+06 9.860000000000000000e+02 9.650000000000000000e+02 8.940000000000000000e+02 3.639900000000000000e+04 2.161800000000000000e+04
9.958486000000000000e+06 1.014000000000000000e+03 9.840000000000000000e+02 8.820000000000000000e+02 3.687800000000000000e+04 2.195400000000000000e+04
9.957982000000000000e+06 9.960000000000000000e+02 1.024000000000000000e+03 8.910000000000000000e+02 3.735100000000000000e+04 2.233500000000000000e+04
9.957412000000000000e+06 1.052000000000000000e+03 1.010000000000000000e+03 9.440000000000000000e+02 3.782600000000000000e+04 2.269000000000000000e+04
9.956925000000000000e+06 1.019000000000000000e+03 1.021000000000000000e+03 9.650000000000000000e+02 3.831400000000000000e+04 2.304600000000000000e+04
9.956401000000000000e+06 1.002000000000000000e+03 1.056000000000000000e+03 9.680000000000000000e+02 3.881700000000000000e+04 2.339900000000000000e+04
9.955870000000000000e+06 1.057000000000000000e+03 1.069000000000000000e+03 9.180000000000000000e+02 3.933000000000000000e+04 2.374700000000000000e+04
9.955310000000000000e+06 1.073000000000000000e+03 1.082000000000000000e+03 9.290000000000000000e+02 3.985000000000000000e+04 2.411700000000000000e+04
9.954749000000000000e+06 1.090000000000000000e+03 1.069000000000000000e+03 9.780000000000000000e+02 4.035800000000000000e+04 2.449700000000000000e+04
9.954178000000000000e+06 1.140000000000000000e+03 1.080000000000000000e+03 9.840000000000000000e+02 4.086200000000000000e+04 2.485300000000000000e+04
9.953607000000000000e+06 1.151000000000000000e+03 1.099000000000000000e+03 9.680000000000000000e+02 4.141900000000000000e+04 2.524000000000000000e+04
9.953038000000000000e+06 1.132000000000000000e+03 1.147000000000000000e+03 9.820000000000000000e+02 4.194500000000000000e+04 2.559100000000000000e+04
9.952478000000000000e+06 1.117000000000000000e+03 1.147000000000000000e+03 1.024000000000000000e+03 4.247800000000000000e+04 2.597400000000000000e+04
9.951859000000000000e+06 1.151000000000000000e+03 1.161000000000000000e+03 1.060000000000000000e+03 4.301300000000000000e+04 2.635000000000000000e+04
9.951277000000000000e+06 1.179000000000000000e+03 1.184000000000000000e+03 1.039000000000000000e+03 4.356500000000000000e+04 2.673200000000000000e+04
9.950676000000000000e+06 1.159000000000000000e+03 1.207000000000000000e+03 1.066000000000000000e+03 4.413600000000000000e+04 2.709800000000000000e+04
9.950045000000000000e+06 1.214000000000000000e+03 1.207000000000000000e+03 1.088000000000000000e+03 4.469000000000000000e+04 2.746100000000000000e+04
9.949446000000000000e+06 1.220000000000000000e+03 1.219000000000000000e+03 1.115000000000000000e+03 4.524400000000000000e+04 2.782400000000000000e+04
9.948794000000000000e+06 1.245000000000000000e+03 1.234000000000000000e+03 1.114000000000000000e+03 4.585700000000000000e+04 2.819000000000000000e+04
9.948172000000000000e+06 1.238000000000000000e+03 1.278000000000000000e+03 1.136000000000000000e+03 4.642000000000000000e+04 2.853700000000000000e+04
9.947497000000000000e+06 1.307000000000000000e+03 1.255000000000000000e+03 1.160000000000000000e+03 4.702500000000000000e+04 2.889300000000000000e+04
9.946856000000000000e+06 1.317000000000000000e+03 1.231000000000000000e+03 1.208000000000000000e+03 4.763200000000000000e+04 2.925500000000000000e+04
9.946206000000000000e+06 1.298000000000000000e+03 1.260000000000000000e+03 1.253000000000000000e+03 4.822700000000000000e+04 2.963300000000000000e+04
9.945558000000000000e+06 1.270000000000000000e+03 1.307000000000000000e+03 1.239000000000000000e+03 4.887000000000000000e+04 3.001400000000000000e+04
9.944831000000000000e+06 1.303000000000000000e+03 1.330000000000000000e+03 1.296000000000000000e+03 4.948400000000000000e+04 3.039900000000000000e+04
9.944160000000000000e+06 1.336000000000000000e+03 1.321000000000000000e+03 1.305000000000000000e+03 5.012200000000000000e+04 3.078600000000000000e+04
9.943467000000000000e+06 1.374000000000000000e+03 1.326000000000000000e+03 1.312000000000000000e+03 5.076500000000000000e+04 3.113600000000000000e+04
9.942829000000000000e+06 1.358000000000000000e+03 1.305000000000000000e+03 1.303000000000000000e+03 5.144900000000000000e+04 3.154700000000000000e+04
9.942154000000000000e+06 1.365000000000000000e+03 1.306000000000000000e+03 1.305000000000000000e+03 5.211400000000000000e+04 3.193000000000000000e+04
9.941445000000000000e+06 1.379000000000000000e+03 1.325000000000000000e+03 1.337000000000000000e+03 5.275800000000000000e+04 3.230300000000000000e+04
9.940783000000000000e+06 1.382000000000000000e+03 1.333000000000000000e+03 1.331000000000000000e+03 5.341500000000000000e+04 3.268300000000000000e+04
9.940140000000000000e+06 1.344000000000000000e+03 1.350000000000000000e+03 1.326000000000000000e+03 5.408400000000000000e+04 3.306100000000000000e+04
9.939401000000000000e+06 1.404000000000000000e+03 1.351000000000000000e+03 1.309000000000000000e+03 5.477900000000000000e+04 3.345700000000000000e+04
9.938697000000000000e+06 1.402000000000000000e+03 1.352000000000000000e+03 1.313000000000000000e+03 5.548000000000000000e+04 3.382700000000000000e+04
9.938043000000000000e+06 1.370000000000000000e+03 1.360000000000000000e+03 1.322000000000000000e+03 5.614900000000000000e+04 3.421700000000000000e+04
9.937295000000000000e+06 1.406000000000000000e+03 1.399000000000000000e+03 1.318000000000000000e+03 5.682600000000000000e+04 3.458900000000000000e+04
9.936546000000000000e+06 1.469000000000000000e+03 1.414000000000000000e+03 1.317000000000000000e+03 5.749800000000000000e+04 3.498100000000000000e+04
9.935859000000000000e+06 1.428000000000000000e+03 1.427000000000000000e+03 1.309000000000000000e+03 5.822100000000000000e+04 3.534400000000000000e+04
9.935136000000000000e+06 1.478000000000000000e+03 1.422000000000000000e+03 1.300000000000000000e+03 5.890800000000000000e+04 3.570700000000000000e+04
9.934398000000000000e+06 1.478000000000000000e+03 1.416000000000000000e+03 1.350000000000000000e+03 5.960200000000000000e+04 3.610300000000000000e+04
9.933595000000000000e+06 1.494000000000000000e+03 1.465000000000000000e+03 1.342000000000000000e+03 6.034800000000000000e+04 3.651100000000000000e+04
9.932883000000000000e+06 1.458000000000000000e+03 1.512000000000000000e+03 1.371000000000000000e+03 6.102000000000000000e+04 3.690600000000000000e+04
9.932100000000000000e+06 1.483000000000000000e+03 1.509000000000000000e+03 1.409000000000000000e+03 6.174300000000000000e+04 3.728900000000000000e+04
9.931365000000000000e+06 1.495000000000000000e+03 1.482000000000000000e+03 1.400000000000000000e+03 6.250200000000000000e+04 3.770100000000000000e+04
9.930571000000000000e+06 1.547000000000000000e+03 1.473000000000000000e+03 1.404000000000000000e+03 6.324900000000000000e+04 3.809600000000000000e+04
9.929822000000000000e+06 1.508000000000000000e+03 1.497000000000000000e+03 1.461000000000000000e+03 6.395600000000000000e+04 3.851300000000000000e+04
9.929055000000000000e+06 1.540000000000000000e+03 1.490000000000000000e+03 1.478000000000000000e+03 6.468100000000000000e+04 3.891800000000000000e+04
9.928289000000000000e+06 1.547000000000000000e+03 1.452000000000000000e+03 1.492000000000000000e+03 6.546400000000000000e+04 3.930000000000000000e+04
9.927560000000000000e+06 1.517000000000000000e+03 1.511000000000000000e+03 1.489000000000000000e+03 6.616700000000000000e+04 3.969900000000000000e+04
9.926782000000000000e+06 1.534000000000000000e+03 1.540000000000000000e+03 1.455000000000000000e+03 6.693300000000000000e+04 4.009200000000000000e+04
9.925941000000000000e+06 1.617000000000000000e+03 1.491000000000000000e+03 1.500000000000000000e+03 6.769500000000000000e+04 4.048900000000000000e+04
9.925185000000000000e+06 1.590000000000000000e+03 1.487000000000000000e+03 1.524000000000000000e+03 6.845800000000000000e+04 4.089000000000000000e+04
9.924444000000000000e+06 1.537000000000000000e+03 1.524000000000000000e+03 1.539000000000000000e+03 6.920000000000000000e+04 4.130700000000000000e+04
9.923641000000000000e+06 1.506000000000000000e+03 1.569000000000000000e+03 1.545000000000000000e+03 6.998300000000000000e+04 4.168600000000000000e+04
9.922828000000000000e+06 1.567000000000000000e+03 1.558000000000000000e+03 1.544000000000000000e+03 7.074700000000000000e+04 4.208300000000000000e+04
9.921991000000000000e+06 1.663000000000000000e+03 1.514000000000000000e+03 1.508000000000000000e+03 7.156800000000000000e+04 4.248100000000000000e+04
9.921176000000000000e+06 1.626000000000000000e+03 1.522000000000000000e+03 1.566000000000000000e+03 7.235400000000000000e+04 4.287200000000000000e+04
9.920382000000000000e+06 1.596000000000000000e+03 1.567000000000000000e+03 1.568000000000000000e+03 7.313100000000000000e+04 4.327400000000000000e+04
9.919539000000000000e+06 1.594000000000000000e+03 1.596000000000000000e+03 1.584000000000000000e+03 7.393100000000000000e+04 4.365800000000000000e+04
9.918731000000000000e+06 1.631000000000000000e+03 1.612000000000000000e+03 1.555000000000000000e+03 7.471500000000000000e+04 4.408000000000000000e+04
9.917950000000000000e+06 1.649000000000000000e+03 1.561000000000000000e+03 1.525000000000000000e+03 7.555900000000000000e+04 4.448700000000000000e+04
9.917148000000000000e+06 1.646000000000000000e+03 1.548000000000000000e+03 1.575000000000000000e+03 7.632700000000000000e+04 4.488100000000000000e+04
9.916290000000000000e+06 1.660000000000000000e+03 1.563000000000000000e+03 1.615000000000000000e+03 7.711600000000000000e+04 4.528800000000000000e+04
9.915454000000000000e+06 1.689000000000000000e+03 1.564000000000000000e+03 1.605000000000000000e+03 7.793200000000000000e+04 4.568400000000000000e+04
9.914660000000000000e+06 1.628000000000000000e+03 1.610000000000000000e+03 1.641000000000000000e+03 7.870500000000000000e+04 4.608900000000000000e+04
9.913862000000000000e+06 1.604000000000000000e+03 1.625000000000000000e+03 1.598000000000000000e+03 7.955500000000000000e+04 4.651100000000000000e+04
9.912975000000000000e+06 1.647000000000000000e+03 1.646000000000000000e+03 1.642000000000000000e+03 8.033400000000000000e+04 4.690200000000000000e+04
9.912168000000000000e+06 1.700000000000000000e+03 1.598000000000000000e+03 1.589000000000000000e+03 8.118900000000000000e+04 4.728500000000000000e+04
9.911318000000000000e+06 1.704000000000000000e+03 1.600000000000000000e+03 1.588000000000000000e+03 8.203400000000000000e+04 4.769900000000000000e+04
9.910526000000000000e+06 1.670000000000000000e+03 1.627000000000000000e+03 1.581000000000000000e+03 8.284000000000000000e+04 4.810300000000000000e+04
9.909671000000000000e+06 1.687000000000000000e+03 1.653000000000000000e+03 1.556000000000000000e+03 8.367700000000000000e+04 4.850500000000000000e+04
9.908858000000000000e+06 1.629000000000000000e+03 1.659000000000000000e+03 1.609000000000000000e+03 8.448900000000000000e+04 4.892700000000000000e+04
9.907983000000000000e+06 1.664000000000000000e+03 1.678000000000000000e+03 1.636000000000000000e+03 8.528300000000000000e+04 4.933000000000000000e+04
9.907132000000000000e+06 1.671000000000000000e+03 1.716000000000000000e+03 1.640000000000000000e+03 8.608500000000000000e+04 4.975500000000000000e+04
9.906220000000000000e+06 1.719000000000000000e+03 1.736000000000000000e+03 1.679000000000000000e+03 8.689000000000000000e+04 5.017900000000000000e+04
9.905325000000000000e+06 1.752000000000000000e+03 1.698000000000000000e+03 1.704000000000000000e+03 8.776500000000000000e+04 5.058000000000000000e+04
9.904457000000000000e+06 1.715000000000000000e+03 1.706000000000000000e+03 1.747000000000000000e+03 8.861900000000000000e+04 5.100700000000000000e+04
9.903575000000000000e+06 1.758000000000000000e+03 1.674000000000000000e+03 1.713000000000000000e+03 8.952400000000000000e+04 5.138800000000000000e+04
9.902740000000000000e+06 1.712000000000000000e+03 1.714000000000000000e+03 1.711000000000000000e+03 9.036700000000000000e+04 5.178600000000000000e+04
9.901860000000000000e+06 1.765000000000000000e+03 1.703000000000000000e+03 1.705000000000000000e+03 9.121100000000000000e+04 5.217200000000000000e+04
9.901008000000000000e+06 1.758000000000000000e+03 1.679000000000000000e+03 1.688000000000000000e+03 9.211100000000000000e+04 5.256100000000000000e+04
9.900162000000000000e+06 1.687000000000000000e+03 1.730000000000000000e+03 1.701000000000000000e+03 9.296400000000000000e+04 5.300100000000000000e+04
9.899223000000000000e+06 1.779000000000000000e+03 1.747000000000000000e+03 1.691000000000000000e+03 9.380400000000000000e+04 5.340300000000000000e+04
9.898291000000000000e+06 1.761000000000000000e+03 1.822000000000000000e+03 1.696000000000000000e+03 9.467400000000000000e+04 5.381200000000000000e+04
9.897345000000000000e+06 1.816000000000000000e+03 1.798000000000000000e+03 1.708000000000000000e+03 9.557700000000000000e+04 5.419600000000000000e+04
9.896385000000000000e+06 1.886000000000000000e+03 1.799000000000000000e+03 1.687000000000000000e+03 9.648700000000000000e+04 5.462400000000000000e+04
9.895423000000000000e+06 1.917000000000000000e+03 1.851000000000000000e+03 1.738000000000000000e+03 9.731500000000000000e+04 5.504700000000000000e+04
9.894445000000000000e+06 1.906000000000000000e+03 1.919000000000000000e+03 1.821000000000000000e+03 9.815300000000000000e+04 5.545800000000000000e+04
9.893460000000000000e+06 1.942000000000000000e+03 1.932000000000000000e+03 1.803000000000000000e+03 9.910700000000000000e+04 5.585700000000000000e+04
9.892464000000000000e+06 1.947000000000000000e+03 2.002000000000000000e+03 1.810000000000000000e+03 1.000210000000000000e+05 5.628400000000000000e+04
9.891388000000000000e+06 2.067000000000000000e+03 2.051000000000000000e+03 1.812000000000000000e+03 1.009260000000000000e+05 5.671100000000000000e+04
9.890339000000000000e+06 2.044000000000000000e+03 2.081000000000000000e+03 1.830000000000000000e+03 1.019500000000000000e+05 5.716900000000000000e+04
9.889298000000000000e+06 2.068000000000000000e+03 2.067000000000000000e+03 1.913000000000000000e+03 1.028980000000000000e+05 5.758500000000000000e+04
9.888224000000000000e+06 2.107000000000000000e+03 2.054000000000000000e+03 1.974000000000000000e+03 1.038850000000000000e+05 5.799100000000000000e+04
9.887222000000000000e+06 2.060000000000000000e+03 2.054000000000000000e+03 2.003000000000000000e+03 1.049050000000000000e+05 5.838600000000000000e+04
9.886159000000000000e+06 2.119000000000000000e+03 2.031000000000000000e+03 2.035000000000000000e+03 1.059000000000000000e+05 5.881800000000000000e+04
9.885133000000000000e+06 2.074000000000000000e+03 2.075000000000000000e+03 2.021000000000000000e+03 1.069410000000000000e+05 5.924900000000000000e+04
9.884094000000000000e+06 2.052000000000000000e+03 2.065000000000000000e+03 2.069000000000000000e+03 1.079640000000000000e+05 5.966500000000000000e+04
9.883017000000000000e+06 2.062000000000000000e+03 2.058000000000000000e+03 2.086000000000000000e+03 1.090210000000000000e+05 6.009000000000000000e+04
9.881937000000000000e+06 2.128000000000000000e+03 2.048000000000000000e+03 2.076000000000000000e+03 1.100550000000000000e+05 6.051000000000000000e+04
9.880903000000000000e+06 2.122000000000000000e+03 2.034000000000000000e+03 2.077000000000000000e+03 1.111080000000000000e+05 6.093600000000000000e+04
9.879841000000000000e+06 2.170000000000000000e+03 2.023000000000000000e+03 2.054000000000000000e+03 1.121560000000000000e+05 6.135200000000000000e+04
9.878776000000000000e+06 2.203000000000000000e+03 1.986000000000000000e+03 2.050000000000000000e+03 1.132290000000000000e+05 6.177800000000000000e+04
9.877768000000000000e+06 2.099000000000000000e+03 2.110000000000000000e+03 2.062000000000000000e+03 1.142050000000000000e+05 6.220000000000000000e+04
9.876741000000000000e+06 2.101000000000000000e+03 2.148000000000000000e+03 2.049000000000000000e+03 1.152050000000000000e+05 6.260000000000000000e+04
9.875688000000000000e+06 2.120000000000000000e+03 2.156000000000000000e+03 2.041000000000000000e+03 1.162390000000000000e+05 6.301800000000000000e+04
9.874609000000000000e+06 2.145000000000000000e+03 2.148000000000000000e+03 2.056000000000000000e+03 1.172860000000000000e+05 6.344500000000000000e+04
9.873529000000000000e+06 2.170000000000000000e+03 2.128000000000000000e+03 2.067000000000000000e+03 1.183500000000000000e+05 6.385300000000000000e+04
9.872473000000000000e+06 2.156000000000000000e+03 2.161000000000000000e+03 2.071000000000000000e+03 1.193830000000000000e+05 6.428000000000000000e+04
9.871328000000000000e+06 2.182000000000000000e+03 2.204000000000000000e+03 2.081000000000000000e+03 1.204490000000000000e+05 6.469100000000000000e+04
9.870232000000000000e+06 2.186000000000000000e+03 2.205000000000000000e+03 2.075000000000000000e+03 1.215460000000000000e+05 6.512900000000000000e+04
9.869104000000000000e+06 2.211000000000000000e+03 2.199000000000000000e+03 2.104000000000000000e+03 1.226260000000000000e+05 6.555600000000000000e+04
9.867978000000000000e+06 2.228000000000000000e+03 2.189000000000000000e+03 2.147000000000000000e+03 1.237020000000000000e+05 6.599100000000000000e+04
9.866873000000000000e+06 2.230000000000000000e+03 2.187000000000000000e+03 2.172000000000000000e+03 1.247820000000000000e+05 6.641100000000000000e+04
9.865780000000000000e+06 2.188000000000000000e+03 2.195000000000000000e+03 2.189000000000000000e+03 1.258920000000000000e+05 6.682400000000000000e+04
9.864693000000000000e+06 2.137000000000000000e+03 2.246000000000000000e+03 2.144000000000000000e+03 1.270240000000000000e+05 6.724600000000000000e+04
9.863497000000000000e+06 2.239000000000000000e+03 2.263000000000000000e+03 2.119000000000000000e+03 1.281260000000000000e+05 6.766700000000000000e+04
9.862330000000000000e+06 2.272000000000000000e+03 2.263000000000000000e+03 2.155000000000000000e+03 1.292240000000000000e+05 6.812200000000000000e+04
9.861167000000000000e+06 2.264000000000000000e+03 2.286000000000000000e+03 2.192000000000000000e+03 1.303350000000000000e+05 6.857700000000000000e+04
9.859955000000000000e+06 2.372000000000000000e+03 2.288000000000000000e+03 2.182000000000000000e+03 1.314470000000000000e+05 6.901400000000000000e+04
9.858840000000000000e+06 2.335000000000000000e+03 2.253000000000000000e+03 2.204000000000000000e+03 1.326120000000000000e+05 6.947800000000000000e+04
9.857684000000000000e+06 2.296000000000000000e+03 2.308000000000000000e+03 2.235000000000000000e+03 1.337210000000000000e+05 6.991800000000000000e+04
9.856563000000000000e+06 2.296000000000000000e+03 2.334000000000000000e+03 2.201000000000000000e+03 1.348500000000000000e+05 7.035400000000000000e+04
9.855360000000000000e+06 2.310000000000000000e+03 2.308000000000000000e+03 2.257000000000000000e+03 1.360090000000000000e+05 7.077200000000000000e+04
9.854143000000000000e+06 2.313000000000000000e+03 2.310000000000000000e+03 2.317000000000000000e+03 1.371610000000000000e+05 7.122500000000000000e+04
9.852921000000000000e+06 2.390000000000000000e+03 2.308000000000000000e+03 2.326000000000000000e+03 1.382990000000000000e+05 7.165800000000000000e+04
9.851756000000000000e+06 2.376000000000000000e+03 2.328000000000000000e+03 2.301000000000000000e+03 1.394830000000000000e+05 7.209700000000000000e+04
9.850503000000000000e+06 2.392000000000000000e+03 2.337000000000000000e+03 2.369000000000000000e+03 1.406430000000000000e+05 7.255800000000000000e+04
9.849313000000000000e+06 2.378000000000000000e+03 2.337000000000000000e+03 2.365000000000000000e+03 1.418510000000000000e+05 7.296600000000000000e+04
9.848112000000000000e+06 2.405000000000000000e+03 2.373000000000000000e+03 2.342000000000000000e+03 1.430120000000000000e+05 7.340200000000000000e+04
9.846886000000000000e+06 2.451000000000000000e+03 2.431000000000000000e+03 2.312000000000000000e+03 1.441640000000000000e+05 7.385400000000000000e+04
9.845694000000000000e+06 2.436000000000000000e+03 2.419000000000000000e+03 2.289000000000000000e+03 1.454060000000000000e+05 7.427500000000000000e+04
9.844427000000000000e+06 2.459000000000000000e+03 2.455000000000000000e+03 2.307000000000000000e+03 1.465960000000000000e+05 7.470800000000000000e+04
9.843179000000000000e+06 2.499000000000000000e+03 2.488000000000000000e+03 2.302000000000000000e+03 1.477760000000000000e+05 7.515400000000000000e+04
9.841898000000000000e+06 2.560000000000000000e+03 2.473000000000000000e+03 2.300000000000000000e+03 1.490130000000000000e+05 7.559000000000000000e+04
9.840611000000000000e+06 2.601000000000000000e+03 2.491000000000000000e+03 2.382000000000000000e+03 1.501590000000000000e+05 7.604100000000000000e+04
9.839337000000000000e+06 2.564000000000000000e+03 2.526000000000000000e+03 2.421000000000000000e+03 1.513960000000000000e+05 7.649800000000000000e+04
9.838033000000000000e+06 2.635000000000000000e+03 2.484000000000000000e+03 2.459000000000000000e+03 1.526330000000000000e+05 7.694600000000000000e+04
9.836753000000000000e+06 2.591000000000000000e+03 2.519000000000000000e+03 2.537000000000000000e+03 1.538440000000000000e+05 7.736600000000000000e+04
9.835468000000000000e+06 2.607000000000000000e+03 2.492000000000000000e+03 2.596000000000000000e+03 1.550810000000000000e+05 7.780800000000000000e+04
9.834152000000000000e+06 2.653000000000000000e+03 2.525000000000000000e+03 2.605000000000000000e+03 1.563090000000000000e+05 7.825400000000000000e+04
9.832865000000000000e+06 2.606000000000000000e+03 2.564000000000000000e+03 2.611000000000000000e+03 1.575980000000000000e+05 7.867600000000000000e+04
9.831574000000000000e+06 2.574000000000000000e+03 2.618000000000000000e+03 2.628000000000000000e+03 1.588500000000000000e+05 7.911000000000000000e+04
9.830218000000000000e+06 2.656000000000000000e+03 2.597000000000000000e+03 2.591000000000000000e+03 1.601820000000000000e+05 7.957300000000000000e+04
9.828865000000000000e+06 2.707000000000000000e+03 2.586000000000000000e+03 2.598000000000000000e+03 1.614880000000000000e+05 8.000400000000000000e+04
9.827598000000000000e+06 2.669000000000000000e+03 2.593000000000000000e+03 2.577000000000000000e+03 1.628070000000000000e+05 8.047600000000000000e+04
9.826188000000000000e+06 2.771000000000000000e+03 2.600000000000000000e+03 2.606000000000000000e+03 1.640790000000000000e+05 8.093600000000000000e+04
9.824864000000000000e+06 2.714000000000000000e+03 2.615000000000000000e+03 2.659000000000000000e+03 1.653920000000000000e+05 8.138600000000000000e+04
9.823445000000000000e+06 2.809000000000000000e+03 2.639000000000000000e+03 2.694000000000000000e+03 1.666570000000000000e+05 8.184200000000000000e+04
9.822135000000000000e+06 2.767000000000000000e+03 2.674000000000000000e+03 2.717000000000000000e+03 1.679510000000000000e+05 8.227300000000000000e+04
9.820792000000000000e+06 2.757000000000000000e+03 2.649000000000000000e+03 2.698000000000000000e+03 1.693480000000000000e+05 8.271500000000000000e+04
9.819410000000000000e+06 2.683000000000000000e+03 2.701000000000000000e+03 2.713000000000000000e+03 1.707370000000000000e+05 8.318200000000000000e+04
9.818011000000000000e+06 2.787000000000000000e+03 2.656000000000000000e+03 2.682000000000000000e+03 1.721080000000000000e+05 8.366200000000000000e+04
9.816626000000000000e+06 2.824000000000000000e+03 2.699000000000000000e+03 2.612000000000000000e+03 1.734830000000000000e+05 8.413500000000000000e+04
9.815257000000000000e+06 2.815000000000000000e+03 2.732000000000000000e+03 2.659000000000000000e+03 1.747810000000000000e+05 8.461200000000000000e+04
9.813894000000000000e+06 2.813000000000000000e+03 2.759000000000000000e+03 2.665000000000000000e+03 1.761130000000000000e+05 8.505400000000000000e+04
9.812499000000000000e+06 2.811000000000000000e+03 2.787000000000000000e+03 2.652000000000000000e+03 1.774950000000000000e+05 8.549000000000000000e+04
9.811088000000000000e+06 2.817000000000000000e+03 2.816000000000000000e+03 2.674000000000000000e+03 1.788490000000000000e+05 8.594200000000000000e+04
9.809610000000000000e+06 2.889000000000000000e+03 2.799000000000000000e+03 2.716000000000000000e+03 1.802300000000000000e+05 8.640200000000000000e+04
9.808124000000000000e+06 2.891000000000000000e+03 2.819000000000000000e+03 2.781000000000000000e+03 1.816290000000000000e+05 8.686000000000000000e+04
9.806697000000000000e+06 2.901000000000000000e+03 2.816000000000000000e+03 2.826000000000000000e+03 1.830040000000000000e+05 8.731300000000000000e+04
9.805212000000000000e+06 2.921000000000000000e+03 2.863000000000000000e+03 2.818000000000000000e+03 1.844300000000000000e+05 8.775200000000000000e+04
9.803736000000000000e+06 2.958000000000000000e+03 2.896000000000000000e+03 2.834000000000000000e+03 1.858200000000000000e+05 8.819700000000000000e+04
9.802260000000000000e+06 3.006000000000000000e+03 2.908000000000000000e+03 2.814000000000000000e+03 1.872560000000000000e+05 8.867700000000000000e+04
9.800780000000000000e+06 2.995000000000000000e+03 2.933000000000000000e+03 2.802000000000000000e+03 1.887340000000000000e+05 8.911500000000000000e+04
9.799266000000000000e+06 2.957000000000000000e+03 2.995000000000000000e+03 2.823000000000000000e+03 1.902030000000000000e+05 8.959100000000000000e+04
9.797658000000000000e+06 2.997000000000000000e+03 3.035000000000000000e+03 2.921000000000000000e+03 1.916330000000000000e+05 9.006200000000000000e+04
9.796071000000000000e+06 3.154000000000000000e+03 3.017000000000000000e+03 2.961000000000000000e+03 1.930410000000000000e+05 9.052600000000000000e+04
9.794566000000000000e+06 3.121000000000000000e+03 3.006000000000000000e+03 2.986000000000000000e+03 1.945650000000000000e+05 9.100100000000000000e+04
9.793029000000000000e+06 3.090000000000000000e+03 3.036000000000000000e+03 3.038000000000000000e+03 1.960510000000000000e+05 9.149100000000000000e+04
9.791433000000000000e+06 3.106000000000000000e+03 3.078000000000000000e+03 3.113000000000000000e+03 1.975140000000000000e+05 9.195400000000000000e+04
9.789840000000000000e+06 3.162000000000000000e+03 3.058000000000000000e+03 3.124000000000000000e+03 1.990600000000000000e+05 9.241000000000000000e+04
9.788310000000000000e+06 3.166000000000000000e+03 3.009000000000000000e+03 3.160000000000000000e+03 2.005990000000000000e+05 9.286500000000000000e+04
9.786779000000000000e+06 3.158000000000000000e+03 3.032000000000000000e+03 3.145000000000000000e+03 2.021300000000000000e+05 9.335600000000000000e+04
9.785213000000000000e+06 3.186000000000000000e+03 3.032000000000000000e+03 3.168000000000000000e+03 2.036450000000000000e+05 9.382200000000000000e+04
9.783677000000000000e+06 3.120000000000000000e+03 3.082000000000000000e+03 3.196000000000000000e+03 2.051690000000000000e+05 9.427500000000000000e+04
9.782026000000000000e+06 3.170000000000000000e+03 3.103000000000000000e+03 3.158000000000000000e+03 2.067870000000000000e+05 9.473600000000000000e+04
9.780487000000000000e+06 3.117000000000000000e+03 3.132000000000000000e+03 3.148000000000000000e+03 2.083600000000000000e+05 9.521300000000000000e+04
9.778871000000000000e+06 3.238000000000000000e+03 3.080000000000000000e+03 3.126000000000000000e+03 2.099290000000000000e+05 9.569300000000000000e+04
9.777216000000000000e+06 3.259000000000000000e+03 3.133000000000000000e+03 3.153000000000000000e+03 2.114830000000000000e+05 9.617400000000000000e+04
9.775557000000000000e+06 3.305000000000000000e+03 3.217000000000000000e+03 3.223000000000000000e+03 2.129420000000000000e+05 9.665800000000000000e+04
9.773924000000000000e+06 3.341000000000000000e+03 3.212000000000000000e+03 3.209000000000000000e+03 2.145580000000000000e+05 9.713700000000000000e+04
9.772282000000000000e+06 3.301000000000000000e+03 3.271000000000000000e+03 3.196000000000000000e+03 2.161940000000000000e+05 9.760500000000000000e+04
9.770615000000000000e+06 3.268000000000000000e+03 3.324000000000000000e+03 3.208000000000000000e+03 2.178290000000000000e+05 9.806700000000000000e+04
9.768943000000000000e+06 3.282000000000000000e+03 3.331000000000000000e+03 3.225000000000000000e+03 2.194630000000000000e+05 9.855100000000000000e+04
9.767237000000000000e+06 3.331000000000000000e+03 3.333000000000000000e+03 3.263000000000000000e+03 2.210800000000000000e+05 9.902800000000000000e+04
9.765531000000000000e+06 3.376000000000000000e+03 3.415000000000000000e+03 3.232000000000000000e+03 2.226900000000000000e+05 9.951300000000000000e+04
9.763772000000000000e+06 3.454000000000000000e+03 3.402000000000000000e+03 3.241000000000000000e+03 2.243750000000000000e+05 9.997400000000000000e+04
9.762012000000000000e+06 3.466000000000000000e+03 3.486000000000000000e+03 3.238000000000000000e+03 2.260420000000000000e+05 1.004410000000000000e+05
9.760156000000000000e+06 3.615000000000000000e+03 3.488000000000000000e+03 3.250000000000000000e+03 2.277350000000000000e+05 1.009060000000000000e+05
9.758424000000000000e+06 3.603000000000000000e+03 3.434000000000000000e+03 3.377000000000000000e+03 2.294060000000000000e+05 1.013790000000000000e+05
9.756629000000000000e+06 3.644000000000000000e+03 3.463000000000000000e+03 3.377000000000000000e+03 2.311310000000000000e+05 1.018680000000000000e+05
9.754834000000000000e+06 3.618000000000000000e+03 3.480000000000000000e+03 3.419000000000000000e+03 2.328930000000000000e+05 1.023330000000000000e+05
9.753043000000000000e+06 3.610000000000000000e+03 3.503000000000000000e+03 3.522000000000000000e+03 2.345660000000000000e+05 1.027770000000000000e+05
9.751204000000000000e+06 3.633000000000000000e+03 3.535000000000000000e+03 3.575000000000000000e+03 2.362970000000000000e+05 1.032840000000000000e+05
9.749365000000000000e+06 3.682000000000000000e+03 3.616000000000000000e+03 3.562000000000000000e+03 2.380190000000000000e+05 1.037700000000000000e+05
9.747472000000000000e+06 3.785000000000000000e+03 3.613000000000000000e+03 3.559000000000000000e+03 2.398150000000000000e+05 1.042510000000000000e+05
9.745646000000000000e+06 3.781000000000000000e+03 3.659000000000000000e+03 3.590000000000000000e+03 2.415680000000000000e+05 1.047180000000000000e+05
9.743808000000000000e+06 3.680000000000000000e+03 3.727000000000000000e+03 3.689000000000000000e+03 2.433400000000000000e+05 1.051780000000000000e+05
9.741981000000000000e+06 3.657000000000000000e+03 3.713000000000000000e+03 3.721000000000000000e+03 2.451720000000000000e+05 1.056680000000000000e+05
9.740018000000000000e+06 3.758000000000000000e+03 3.688000000000000000e+03 3.706000000000000000e+03 2.470740000000000000e+05 1.061130000000000000e+05
9.738108000000000000e+06 3.833000000000000000e+03 3.634000000000000000e+03 3.722000000000000000e+03 2.489470000000000000e+05 1.066050000000000000e+05
9.736284000000000000e+06 3.699000000000000000e+03 3.672000000000000000e+03 3.795000000000000000e+03 2.507940000000000000e+05 1.070760000000000000e+05
9.734393000000000000e+06 3.674000000000000000e+03 3.700000000000000000e+03 3.856000000000000000e+03 2.526210000000000000e+05 1.075780000000000000e+05
9.732475000000000000e+06 3.711000000000000000e+03 3.724000000000000000e+03 3.864000000000000000e+03 2.544700000000000000e+05 1.080830000000000000e+05
9.730592000000000000e+06 3.737000000000000000e+03 3.722000000000000000e+03 3.737000000000000000e+03 2.564560000000000000e+05 1.085700000000000000e+05
9.728697000000000000e+06 3.812000000000000000e+03 3.682000000000000000e+03 3.702000000000000000e+03 2.583510000000000000e+05 1.090870000000000000e+05
9.726787000000000000e+06 3.790000000000000000e+03 3.748000000000000000e+03 3.723000000000000000e+03 2.601960000000000000e+05 1.095770000000000000e+05
9.724804000000000000e+06 3.897000000000000000e+03 3.699000000000000000e+03 3.776000000000000000e+03 2.620680000000000000e+05 1.100890000000000000e+05
9.722852000000000000e+06 3.928000000000000000e+03 3.773000000000000000e+03 3.772000000000000000e+03 2.639190000000000000e+05 1.105780000000000000e+05
9.720839000000000000e+06 4.017000000000000000e+03 3.835000000000000000e+03 3.718000000000000000e+03 2.658350000000000000e+05 1.110630000000000000e+05
9.718966000000000000e+06 3.919000000000000000e+03 3.874000000000000000e+03 3.762000000000000000e+03 2.677230000000000000e+05 1.115560000000000000e+05
9.716987000000000000e+06 3.923000000000000000e+03 3.883000000000000000e+03 3.815000000000000000e+03 2.696360000000000000e+05 1.120630000000000000e+05
9.715075000000000000e+06 3.903000000000000000e+03 3.867000000000000000e+03 3.818000000000000000e+03 2.715810000000000000e+05 1.125700000000000000e+05
9.713066000000000000e+06 3.987000000000000000e+03 3.929000000000000000e+03 3.797000000000000000e+03 2.734650000000000000e+05 1.130640000000000000e+05
9.710962000000000000e+06 4.081000000000000000e+03 3.944000000000000000e+03 3.857000000000000000e+03 2.754000000000000000e+05 1.135550000000000000e+05
9.708977000000000000e+06 4.078000000000000000e+03 3.918000000000000000e+03 3.954000000000000000e+03 2.773170000000000000e+05 1.140450000000000000e+05
9.706940000000000000e+06 4.094000000000000000e+03 3.940000000000000000e+03 3.957000000000000000e+03 2.793130000000000000e+05 1.145420000000000000e+05
9.704951000000000000e+06 4.017000000000000000e+03 4.029000000000000000e+03 4.021000000000000000e+03 2.812260000000000000e+05 1.150410000000000000e+05
9.702863000000000000e+06 4.031000000000000000e+03 4.029000000000000000e+03 4.070000000000000000e+03 2.832510000000000000e+05 1.155070000000000000e+05
9.700808000000000000e+06 4.129000000000000000e+03 4.017000000000000000e+03 4.054000000000000000e+03 2.852360000000000000e+05 1.160060000000000000e+05
9.698791000000000000e+06 4.086000000000000000e+03 3.971000000000000000e+03 4.062000000000000000e+03 2.873340000000000000e+05 1.165010000000000000e+05
9.696792000000000000e+06 4.110000000000000000e+03 3.967000000000000000e+03 4.032000000000000000e+03 2.893430000000000000e+05 1.170020000000000000e+05
9.694789000000000000e+06 4.041000000000000000e+03 4.044000000000000000e+03 4.028000000000000000e+03 2.913420000000000000e+05 1.175000000000000000e+05
9.692766000000000000e+06 4.069000000000000000e+03 4.013000000000000000e+03 4.068000000000000000e+03 2.933280000000000000e+05 1.179910000000000000e+05
9.690777000000000000e+06 4.027000000000000000e+03 4.034000000000000000e+03 4.049000000000000000e+03 2.953570000000000000e+05 1.185020000000000000e+05
9.688745000000000000e+06 4.100000000000000000e+03 3.983000000000000000e+03 4.021000000000000000e+03 2.973950000000000000e+05 1.190190000000000000e+05
9.686755000000000000e+06 4.003000000000000000e+03 3.992000000000000000e+03 4.019000000000000000e+03 2.994750000000000000e+05 1.195520000000000000e+05
9.684672000000000000e+06 4.051000000000000000e+03 4.005000000000000000e+03 4.013000000000000000e+03 3.015030000000000000e+05 1.200570000000000000e+05
9.682732000000000000e+06 3.977000000000000000e+03 4.050000000000000000e+03 4.038000000000000000e+03 3.034470000000000000e+05 1.205320000000000000e+05
9.680694000000000000e+06 4.056000000000000000e+03 4.046000000000000000e+03 3.986000000000000000e+03 3.054620000000000000e+05 1.210360000000000000e+05
9.678629000000000000e+06 4.096000000000000000e+03 4.053000000000000000e+03 3.993000000000000000e+03 3.074730000000000000e+05 1.214910000000000000e+05
9.676567000000000000e+06 4.104000000000000000e+03 4.118000000000000000e+03 3.918000000000000000e+03 3.095370000000000000e+05 1.219910000000000000e+05
9.674461000000000000e+06 4.144000000000000000e+03 4.111000000000000000e+03 4.000000000000000000e+03 3.115280000000000000e+05 1.225100000000000000e+05
9.672362000000000000e+06 4.174000000000000000e+03 4.060000000000000000e+03 4.026000000000000000e+03 3.136220000000000000e+05 1.230060000000000000e+05
9.670345000000000000e+06 4.100000000000000000e+03 4.031000000000000000e+03 4.078000000000000000e+03 3.156900000000000000e+05 1.235080000000000000e+05
9.668293000000000000e+06 4.107000000000000000e+03 4.035000000000000000e+03 4.087000000000000000e+03 3.177220000000000000e+05 1.240130000000000000e+05
9.666249000000000000e+06 4.137000000000000000e+03 4.001000000000000000e+03 4.140000000000000000e+03 3.197170000000000000e+05 1.245250000000000000e+05
9.664179000000000000e+06 4.167000000000000000e+03 3.961000000000000000e+03 4.184000000000000000e+03 3.217530000000000000e+05 1.250290000000000000e+05
9.662255000000000000e+06 4.079000000000000000e+03 3.966000000000000000e+03 4.121000000000000000e+03 3.238230000000000000e+05 1.255440000000000000e+05
9.660235000000000000e+06 4.103000000000000000e+03 3.984000000000000000e+03 4.060000000000000000e+03 3.258620000000000000e+05 1.260460000000000000e+05
9.658221000000000000e+06 4.070000000000000000e+03 3.991000000000000000e+03 4.071000000000000000e+03 3.278910000000000000e+05 1.265470000000000000e+05
9.656130000000000000e+06 4.075000000000000000e+03 4.059000000000000000e+03 4.121000000000000000e+03 3.298590000000000000e+05 1.270490000000000000e+05
9.654061000000000000e+06 4.142000000000000000e+03 4.030000000000000000e+03 4.065000000000000000e+03 3.319460000000000000e+05 1.275690000000000000e+05
9.651989000000000000e+06 4.135000000000000000e+03 3.993000000000000000e+03 4.124000000000000000e+03 3.340030000000000000e+05 1.280800000000000000e+05
9.649951000000000000e+06 4.118000000000000000e+03 4.101000000000000000e+03 4.049000000000000000e+03 3.360250000000000000e+05 1.285800000000000000e+05
9.647915000000000000e+06 4.188000000000000000e+03 4.070000000000000000e+03 3.980000000000000000e+03 3.380910000000000000e+05 1.290870000000000000e+05
9.645831000000000000e+06 4.193000000000000000e+03 4.163000000000000000e+03 4.033000000000000000e+03 3.400240000000000000e+05 1.295860000000000000e+05
9.643673000000000000e+06 4.296000000000000000e+03 4.165000000000000000e+03 4.054000000000000000e+03 3.420560000000000000e+05 1.301080000000000000e+05
9.641542000000000000e+06 4.216000000000000000e+03 4.205000000000000000e+03 4.121000000000000000e+03 3.441600000000000000e+05 1.306290000000000000e+05
9.639434000000000000e+06 4.236000000000000000e+03 4.232000000000000000e+03 4.153000000000000000e+03 3.461890000000000000e+05 1.311130000000000000e+05
9.637207000000000000e+06 4.340000000000000000e+03 4.234000000000000000e+03 4.173000000000000000e+03 3.482900000000000000e+05 1.316420000000000000e+05
9.635084000000000000e+06 4.321000000000000000e+03 4.230000000000000000e+03 4.176000000000000000e+03 3.504330000000000000e+05 1.321410000000000000e+05
9.632975000000000000e+06 4.246000000000000000e+03 4.224000000000000000e+03 4.255000000000000000e+03 3.525440000000000000e+05 1.326530000000000000e+05
9.630858000000000000e+06 4.248000000000000000e+03 4.206000000000000000e+03 4.284000000000000000e+03 3.546480000000000000e+05 1.331440000000000000e+05
9.628683000000000000e+06 4.374000000000000000e+03 4.171000000000000000e+03 4.207000000000000000e+03 3.568090000000000000e+05 1.336650000000000000e+05
9.626608000000000000e+06 4.276000000000000000e+03 4.203000000000000000e+03 4.276000000000000000e+03 3.588810000000000000e+05 1.341600000000000000e+05
9.624475000000000000e+06 4.266000000000000000e+03 4.199000000000000000e+03 4.307000000000000000e+03 3.609970000000000000e+05 1.346540000000000000e+05
9.622317000000000000e+06 4.288000000000000000e+03 4.182000000000000000e+03 4.378000000000000000e+03 3.630790000000000000e+05 1.351850000000000000e+05
9.620128000000000000e+06 4.309000000000000000e+03 4.206000000000000000e+03 4.373000000000000000e+03 3.652280000000000000e+05 1.357030000000000000e+05
9.618032000000000000e+06 4.273000000000000000e+03 4.249000000000000000e+03 4.317000000000000000e+03 3.673730000000000000e+05 1.361970000000000000e+05
9.615857000000000000e+06 4.320000000000000000e+03 4.216000000000000000e+03 4.262000000000000000e+03 3.695890000000000000e+05 1.367010000000000000e+05
9.613711000000000000e+06 4.343000000000000000e+03 4.233000000000000000e+03 4.248000000000000000e+03 3.717090000000000000e+05 1.371890000000000000e+05
9.611547000000000000e+06 4.304000000000000000e+03 4.281000000000000000e+03 4.279000000000000000e+03 3.738330000000000000e+05 1.376740000000000000e+05
9.609363000000000000e+06 4.360000000000000000e+03 4.326000000000000000e+03 4.289000000000000000e+03 3.759060000000000000e+05 1.381900000000000000e+05
9.607132000000000000e+06 4.411000000000000000e+03 4.309000000000000000e+03 4.300000000000000000e+03 3.780920000000000000e+05 1.387110000000000000e+05
9.604911000000000000e+06 4.436000000000000000e+03 4.336000000000000000e+03 4.299000000000000000e+03 3.802620000000000000e+05 1.391990000000000000e+05
9.602710000000000000e+06 4.449000000000000000e+03 4.264000000000000000e+03 4.344000000000000000e+03 3.824770000000000000e+05 1.397190000000000000e+05
9.600538000000000000e+06 4.415000000000000000e+03 4.377000000000000000e+03 4.337000000000000000e+03 3.845770000000000000e+05 1.402030000000000000e+05
9.598329000000000000e+06 4.498000000000000000e+03 4.352000000000000000e+03 4.276000000000000000e+03 3.867890000000000000e+05 1.407270000000000000e+05
9.596165000000000000e+06 4.407000000000000000e+03 4.338000000000000000e+03 4.356000000000000000e+03 3.889780000000000000e+05 1.412540000000000000e+05
9.593988000000000000e+06 4.403000000000000000e+03 4.349000000000000000e+03 4.361000000000000000e+03 3.911430000000000000e+05 1.417550000000000000e+05
9.591788000000000000e+06 4.399000000000000000e+03 4.334000000000000000e+03 4.382000000000000000e+03 3.933410000000000000e+05 1.423000000000000000e+05
9.589525000000000000e+06 4.472000000000000000e+03 4.360000000000000000e+03 4.411000000000000000e+03 3.954760000000000000e+05 1.428000000000000000e+05
9.587329000000000000e+06 4.468000000000000000e+03 4.355000000000000000e+03 4.437000000000000000e+03 3.976550000000000000e+05 1.433400000000000000e+05
9.585209000000000000e+06 4.395000000000000000e+03 4.371000000000000000e+03 4.415000000000000000e+03 3.998540000000000000e+05 1.438350000000000000e+05
9.582992000000000000e+06 4.397000000000000000e+03 4.316000000000000000e+03 4.453000000000000000e+03 4.020860000000000000e+05 1.443470000000000000e+05
9.580833000000000000e+06 4.338000000000000000e+03 4.383000000000000000e+03 4.425000000000000000e+03 4.042650000000000000e+05 1.448530000000000000e+05
9.578547000000000000e+06 4.507000000000000000e+03 4.396000000000000000e+03 4.389000000000000000e+03 4.064050000000000000e+05 1.453510000000000000e+05
9.576343000000000000e+06 4.460000000000000000e+03 4.451000000000000000e+03 4.357000000000000000e+03 4.086330000000000000e+05 1.458650000000000000e+05
9.574081000000000000e+06 4.480000000000000000e+03 4.529000000000000000e+03 4.361000000000000000e+03 4.107930000000000000e+05 1.463760000000000000e+05
9.571788000000000000e+06 4.562000000000000000e+03 4.492000000000000000e+03 4.357000000000000000e+03 4.130450000000000000e+05 1.469070000000000000e+05
9.569460000000000000e+06 4.580000000000000000e+03 4.505000000000000000e+03 4.418000000000000000e+03 4.152810000000000000e+05 1.474160000000000000e+05
9.567187000000000000e+06 4.588000000000000000e+03 4.563000000000000000e+03 4.412000000000000000e+03 4.174940000000000000e+05 1.479390000000000000e+05
9.564830000000000000e+06 4.623000000000000000e+03 4.553000000000000000e+03 4.544000000000000000e+03 4.196940000000000000e+05 1.484730000000000000e+05
9.562582000000000000e+06 4.593000000000000000e+03 4.588000000000000000e+03 4.562000000000000000e+03 4.219190000000000000e+05 1.490120000000000000e+05
9.560241000000000000e+06 4.657000000000000000e+03 4.498000000000000000e+03 4.629000000000000000e+03 4.242190000000000000e+05 1.495420000000000000e+05
9.558046000000000000e+06 4.611000000000000000e+03 4.519000000000000000e+03 4.573000000000000000e+03 4.264950000000000000e+05 1.500600000000000000e+05
9.555859000000000000e+06 4.484000000000000000e+03 4.526000000000000000e+03 4.581000000000000000e+03 4.287940000000000000e+05 1.505830000000000000e+05
9.553580000000000000e+06 4.494000000000000000e+03 4.537000000000000000e+03 4.520000000000000000e+03 4.311130000000000000e+05 1.511100000000000000e+05
9.551367000000000000e+06 4.536000000000000000e+03 4.526000000000000000e+03 4.420000000000000000e+03 4.333950000000000000e+05 1.516330000000000000e+05
9.549050000000000000e+06 4.624000000000000000e+03 4.491000000000000000e+03 4.449000000000000000e+03 4.356300000000000000e+05 1.521720000000000000e+05
9.546803000000000000e+06 4.623000000000000000e+03 4.533000000000000000e+03 4.455000000000000000e+03 4.378300000000000000e+05 1.526820000000000000e+05
9.544504000000000000e+06 4.636000000000000000e+03 4.583000000000000000e+03 4.490000000000000000e+03 4.400310000000000000e+05 1.532080000000000000e+05
9.542174000000000000e+06 4.648000000000000000e+03 4.656000000000000000e+03 4.452000000000000000e+03 4.423140000000000000e+05 1.537470000000000000e+05
9.539852000000000000e+06 4.618000000000000000e+03 4.692000000000000000e+03 4.579000000000000000e+03 4.445030000000000000e+05 1.542690000000000000e+05
9.537495000000000000e+06 4.651000000000000000e+03 4.726000000000000000e+03 4.537000000000000000e+03 4.468350000000000000e+05 1.547790000000000000e+05
9.535094000000000000e+06 4.757000000000000000e+03 4.649000000000000000e+03 4.577000000000000000e+03 4.491670000000000000e+05 1.553080000000000000e+05
9.532788000000000000e+06 4.725000000000000000e+03 4.613000000000000000e+03 4.679000000000000000e+03 4.514390000000000000e+05 1.558220000000000000e+05
9.530446000000000000e+06 4.699000000000000000e+03 4.646000000000000000e+03 4.724000000000000000e+03 4.537290000000000000e+05 1.563290000000000000e+05
9.528108000000000000e+06 4.690000000000000000e+03 4.665000000000000000e+03 4.742000000000000000e+03 4.560390000000000000e+05 1.568470000000000000e+05
9.525772000000000000e+06 4.679000000000000000e+03 4.626000000000000000e+03 4.817000000000000000e+03 4.583500000000000000e+05 1.573530000000000000e+05
9.523480000000000000e+06 4.672000000000000000e+03 4.591000000000000000e+03 4.709000000000000000e+03 4.607920000000000000e+05 1.578600000000000000e+05
9.521177000000000000e+06 4.643000000000000000e+03 4.642000000000000000e+03 4.714000000000000000e+03 4.630680000000000000e+05 1.584060000000000000e+05
9.518823000000000000e+06 4.679000000000000000e+03 4.695000000000000000e+03 4.636000000000000000e+03 4.654110000000000000e+05 1.589310000000000000e+05
9.516505000000000000e+06 4.650000000000000000e+03 4.658000000000000000e+03 4.622000000000000000e+03 4.678090000000000000e+05 1.594450000000000000e+05
9.514137000000000000e+06 4.756000000000000000e+03 4.653000000000000000e+03 4.563000000000000000e+03 4.701350000000000000e+05 1.599690000000000000e+05
9.511819000000000000e+06 4.716000000000000000e+03 4.630000000000000000e+03 4.597000000000000000e+03 4.724820000000000000e+05 1.604830000000000000e+05
9.509530000000000000e+06 4.675000000000000000e+03 4.650000000000000000e+03 4.655000000000000000e+03 4.747340000000000000e+05 1.609920000000000000e+05
9.507166000000000000e+06 4.738000000000000000e+03 4.654000000000000000e+03 4.574000000000000000e+03 4.771120000000000000e+05 1.615120000000000000e+05
9.504793000000000000e+06 4.744000000000000000e+03 4.689000000000000000e+03 4.601000000000000000e+03 4.794170000000000000e+05 1.620600000000000000e+05
9.502457000000000000e+06 4.708000000000000000e+03 4.722000000000000000e+03 4.590000000000000000e+03 4.817670000000000000e+05 1.625580000000000000e+05
9.500026000000000000e+06 4.687000000000000000e+03 4.764000000000000000e+03 4.710000000000000000e+03 4.840570000000000000e+05 1.630870000000000000e+05
9.497595000000000000e+06 4.707000000000000000e+03 4.786000000000000000e+03 4.783000000000000000e+03 4.863730000000000000e+05 1.636020000000000000e+05
9.495144000000000000e+06 4.794000000000000000e+03 4.704000000000000000e+03 4.859000000000000000e+03 4.887430000000000000e+05 1.641490000000000000e+05
9.492851000000000000e+06 4.735000000000000000e+03 4.646000000000000000e+03 4.743000000000000000e+03 4.912690000000000000e+05 1.646750000000000000e+05
9.490497000000000000e+06 4.739000000000000000e+03 4.631000000000000000e+03 4.713000000000000000e+03 4.936640000000000000e+05 1.652010000000000000e+05
9.488161000000000000e+06 4.656000000000000000e+03 4.636000000000000000e+03 4.724000000000000000e+03 4.960670000000000000e+05 1.657010000000000000e+05
9.485831000000000000e+06 4.645000000000000000e+03 4.652000000000000000e+03 4.689000000000000000e+03 4.984270000000000000e+05 1.662580000000000000e+05
9.483544000000000000e+06 4.622000000000000000e+03 4.622000000000000000e+03 4.697000000000000000e+03 5.007590000000000000e+05 1.668050000000000000e+05
9.481206000000000000e+06 4.707000000000000000e+03 4.523000000000000000e+03 4.693000000000000000e+03 5.031150000000000000e+05 1.673280000000000000e+05
9.479002000000000000e+06 4.579000000000000000e+03 4.583000000000000000e+03 4.640000000000000000e+03 5.054400000000000000e+05 1.678630000000000000e+05
9.476784000000000000e+06 4.514000000000000000e+03 4.634000000000000000e+03 4.577000000000000000e+03 5.077350000000000000e+05 1.684070000000000000e+05
9.474471000000000000e+06 4.584000000000000000e+03 4.574000000000000000e+03 4.548000000000000000e+03 5.100670000000000000e+05 1.689210000000000000e+05
9.472141000000000000e+06 4.623000000000000000e+03 4.569000000000000000e+03 4.496000000000000000e+03 5.124150000000000000e+05 1.694610000000000000e+05
9.469775000000000000e+06 4.737000000000000000e+03 4.527000000000000000e+03 4.488000000000000000e+03 5.147170000000000000e+05 1.700350000000000000e+05
9.467543000000000000e+06 4.696000000000000000e+03 4.518000000000000000e+03 4.549000000000000000e+03 5.169380000000000000e+05 1.705360000000000000e+05
9.465368000000000000e+06 4.513000000000000000e+03 4.539000000000000000e+03 4.533000000000000000e+03 5.192910000000000000e+05 1.710420000000000000e+05
9.463057000000000000e+06 4.494000000000000000e+03 4.613000000000000000e+03 4.591000000000000000e+03 5.214890000000000000e+05 1.715730000000000000e+05
9.460711000000000000e+06 4.585000000000000000e+03 4.632000000000000000e+03 4.525000000000000000e+03 5.237910000000000000e+05 1.721260000000000000e+05
9.458428000000000000e+06 4.617000000000000000e+03 4.578000000000000000e+03 4.540000000000000000e+03 5.260810000000000000e+05 1.726610000000000000e+05
9.456171000000000000e+06 4.559000000000000000e+03 4.550000000000000000e+03 4.577000000000000000e+03 5.283870000000000000e+05 1.731970000000000000e+05
9.453909000000000000e+06 4.495000000000000000e+03 4.613000000000000000e+03 4.560000000000000000e+03 5.306670000000000000e+05 1.737060000000000000e+05
9.451615000000000000e+06 4.552000000000000000e+03 4.595000000000000000e+03 4.526000000000000000e+03 5.329560000000000000e+05 1.742330000000000000e+05
9.449291000000000000e+06 4.575000000000000000e+03 4.605000000000000000e+03 4.484000000000000000e+03 5.352890000000000000e+05 1.747460000000000000e+05
9.447060000000000000e+06 4.535000000000000000e+03 4.548000000000000000e+03 4.496000000000000000e+03 5.376050000000000000e+05 1.752690000000000000e+05
9.444831000000000000e+06 4.450000000000000000e+03 4.572000000000000000e+03 4.501000000000000000e+03 5.398900000000000000e+05 1.758270000000000000e+05
9.442546000000000000e+06 4.543000000000000000e+03 4.548000000000000000e+03 4.452000000000000000e+03 5.421550000000000000e+05 1.763470000000000000e+05
9.440262000000000000e+06 4.504000000000000000e+03 4.519000000000000000e+03 4.497000000000000000e+03 5.444620000000000000e+05 1.768760000000000000e+05
9.437934000000000000e+06 4.656000000000000000e+03 4.500000000000000000e+03 4.454000000000000000e+03 5.467000000000000000e+05 1.774080000000000000e+05
9.435692000000000000e+06 4.618000000000000000e+03 4.472000000000000000e+03 4.446000000000000000e+03 5.490160000000000000e+05 1.779700000000000000e+05
9.433427000000000000e+06 4.706000000000000000e+03 4.500000000000000000e+03 4.322000000000000000e+03 5.512890000000000000e+05 1.785080000000000000e+05
9.431082000000000000e+06 4.721000000000000000e+03 4.533000000000000000e+03 4.412000000000000000e+03 5.534960000000000000e+05 1.790360000000000000e+05
9.428755000000000000e+06 4.745000000000000000e+03 4.553000000000000000e+03 4.439000000000000000e+03 5.557520000000000000e+05 1.795830000000000000e+05
9.426486000000000000e+06 4.692000000000000000e+03 4.523000000000000000e+03 4.542000000000000000e+03 5.580010000000000000e+05 1.801430000000000000e+05
9.424218000000000000e+06 4.674000000000000000e+03 4.591000000000000000e+03 4.570000000000000000e+03 5.601910000000000000e+05 1.806590000000000000e+05
9.421943000000000000e+06 4.627000000000000000e+03 4.600000000000000000e+03 4.619000000000000000e+03 5.624550000000000000e+05 1.811680000000000000e+05
9.419623000000000000e+06 4.622000000000000000e+03 4.642000000000000000e+03 4.604000000000000000e+03 5.647530000000000000e+05 1.816870000000000000e+05
9.417389000000000000e+06 4.560000000000000000e+03 4.654000000000000000e+03 4.672000000000000000e+03 5.669690000000000000e+05 1.822040000000000000e+05
9.415133000000000000e+06 4.524000000000000000e+03 4.627000000000000000e+03 4.655000000000000000e+03 5.693050000000000000e+05 1.827350000000000000e+05
9.412903000000000000e+06 4.469000000000000000e+03 4.575000000000000000e+03 4.609000000000000000e+03 5.716880000000000000e+05 1.832580000000000000e+05
9.410649000000000000e+06 4.436000000000000000e+03 4.507000000000000000e+03 4.673000000000000000e+03 5.739790000000000000e+05 1.837900000000000000e+05
9.408363000000000000e+06 4.520000000000000000e+03 4.427000000000000000e+03 4.630000000000000000e+03 5.763040000000000000e+05 1.843120000000000000e+05
9.406212000000000000e+06 4.447000000000000000e+03 4.406000000000000000e+03 4.606000000000000000e+03 5.785730000000000000e+05 1.848360000000000000e+05
9.404056000000000000e+06 4.368000000000000000e+03 4.398000000000000000e+03 4.617000000000000000e+03 5.808050000000000000e+05 1.853640000000000000e+05
9.401838000000000000e+06 4.420000000000000000e+03 4.361000000000000000e+03 4.569000000000000000e+03 5.830560000000000000e+05 1.859060000000000000e+05
9.399650000000000000e+06 4.383000000000000000e+03 4.405000000000000000e+03 4.503000000000000000e+03 5.853030000000000000e+05 1.864500000000000000e+05
9.397489000000000000e+06 4.320000000000000000e+03 4.413000000000000000e+03 4.488000000000000000e+03 5.875340000000000000e+05 1.869670000000000000e+05
9.395324000000000000e+06 4.371000000000000000e+03 4.416000000000000000e+03 4.333000000000000000e+03 5.898000000000000000e+05 1.875220000000000000e+05
9.393097000000000000e+06 4.418000000000000000e+03 4.359000000000000000e+03 4.283000000000000000e+03 5.920870000000000000e+05 1.880370000000000000e+05
9.390913000000000000e+06 4.465000000000000000e+03 4.294000000000000000e+03 4.298000000000000000e+03 5.942740000000000000e+05 1.885890000000000000e+05
9.388782000000000000e+06 4.426000000000000000e+03 4.352000000000000000e+03 4.311000000000000000e+03 5.963730000000000000e+05 1.891300000000000000e+05
9.386633000000000000e+06 4.395000000000000000e+03 4.327000000000000000e+03 4.359000000000000000e+03 5.985300000000000000e+05 1.896760000000000000e+05
9.384535000000000000e+06 4.307000000000000000e+03 4.302000000000000000e+03 4.336000000000000000e+03 6.007640000000000000e+05 1.902030000000000000e+05
9.382417000000000000e+06 4.306000000000000000e+03 4.259000000000000000e+03 4.303000000000000000e+03 6.029590000000000000e+05 1.907270000000000000e+05
9.380313000000000000e+06 4.260000000000000000e+03 4.247000000000000000e+03 4.306000000000000000e+03 6.051180000000000000e+05 1.912660000000000000e+05
9.378160000000000000e+06 4.327000000000000000e+03 4.301000000000000000e+03 4.219000000000000000e+03 6.072370000000000000e+05 1.918050000000000000e+05
9.376091000000000000e+06 4.288000000000000000e+03 4.287000000000000000e+03 4.228000000000000000e+03 6.093500000000000000e+05 1.923460000000000000e+05
9.373969000000000000e+06 4.270000000000000000e+03 4.311000000000000000e+03 4.231000000000000000e+03 6.114630000000000000e+05 1.928860000000000000e+05
9.371803000000000000e+06 4.275000000000000000e+03 4.228000000000000000e+03 4.325000000000000000e+03 6.136130000000000000e+05 1.933950000000000000e+05
9.369689000000000000e+06 4.299000000000000000e+03 4.183000000000000000e+03 4.267000000000000000e+03 6.158060000000000000e+05 1.939340000000000000e+05
9.367600000000000000e+06 4.300000000000000000e+03 4.232000000000000000e+03 4.197000000000000000e+03 6.179150000000000000e+05 1.944520000000000000e+05
9.365547000000000000e+06 4.218000000000000000e+03 4.194000000000000000e+03 4.193000000000000000e+03 6.200920000000000000e+05 1.949900000000000000e+05
9.363414000000000000e+06 4.268000000000000000e+03 4.240000000000000000e+03 4.165000000000000000e+03 6.221570000000000000e+05 1.955220000000000000e+05
9.361290000000000000e+06 4.212000000000000000e+03 4.275000000000000000e+03 4.260000000000000000e+03 6.242070000000000000e+05 1.960410000000000000e+05
9.359144000000000000e+06 4.260000000000000000e+03 4.268000000000000000e+03 4.188000000000000000e+03 6.263840000000000000e+05 1.965930000000000000e+05
9.357062000000000000e+06 4.195000000000000000e+03 4.294000000000000000e+03 4.240000000000000000e+03 6.284530000000000000e+05 1.971470000000000000e+05
9.354945000000000000e+06 4.152000000000000000e+03 4.281000000000000000e+03 4.249000000000000000e+03 6.306170000000000000e+05 1.977000000000000000e+05
9.352874000000000000e+06 4.184000000000000000e+03 4.154000000000000000e+03 4.219000000000000000e+03 6.328130000000000000e+05 1.982220000000000000e+05
9.350823000000000000e+06 4.158000000000000000e+03 4.192000000000000000e+03 4.181000000000000000e+03 6.348900000000000000e+05 1.987610000000000000e+05
9.348798000000000000e+06 4.070000000000000000e+03 4.145000000000000000e+03 4.222000000000000000e+03 6.370090000000000000e+05 1.992900000000000000e+05
9.346745000000000000e+06 4.061000000000000000e+03 4.192000000000000000e+03 4.086000000000000000e+03 6.391600000000000000e+05 1.998220000000000000e+05
9.344711000000000000e+06 4.078000000000000000e+03 4.127000000000000000e+03 4.144000000000000000e+03 6.411840000000000000e+05 2.003320000000000000e+05
9.342738000000000000e+06 4.056000000000000000e+03 4.097000000000000000e+03 4.090000000000000000e+03 6.432630000000000000e+05 2.008790000000000000e+05
9.340693000000000000e+06 4.053000000000000000e+03 4.086000000000000000e+03 4.105000000000000000e+03 6.453070000000000000e+05 2.014170000000000000e+05
9.338660000000000000e+06 4.051000000000000000e+03 4.092000000000000000e+03 4.096000000000000000e+03 6.473450000000000000e+05 2.019460000000000000e+05
9.336668000000000000e+06 4.013000000000000000e+03 4.032000000000000000e+03 4.080000000000000000e+03 6.494510000000000000e+05 2.024840000000000000e+05
9.334649000000000000e+06 4.048000000000000000e+03 4.014000000000000000e+03 4.021000000000000000e+03 6.515120000000000000e+05 2.030080000000000000e+05
9.332681000000000000e+06 4.050000000000000000e+03 4.005000000000000000e+03 4.048000000000000000e+03 6.534600000000000000e+05 2.035510000000000000e+05
9.330686000000000000e+06 4.056000000000000000e+03 3.954000000000000000e+03 4.005000000000000000e+03 6.555430000000000000e+05 2.040810000000000000e+05
9.328750000000000000e+06 3.975000000000000000e+03 3.924000000000000000e+03 3.996000000000000000e+03 6.575990000000000000e+05 2.046160000000000000e+05
9.326852000000000000e+06 3.846000000000000000e+03 3.919000000000000000e+03 4.038000000000000000e+03 6.595890000000000000e+05 2.051710000000000000e+05
9.324857000000000000e+06 3.956000000000000000e+03 3.895000000000000000e+03 3.977000000000000000e+03 6.615590000000000000e+05 2.057000000000000000e+05
9.322939000000000000e+06 3.935000000000000000e+03 3.879000000000000000e+03 3.925000000000000000e+03 6.635660000000000000e+05 2.062210000000000000e+05
9.321052000000000000e+06 3.810000000000000000e+03 3.903000000000000000e+03 3.999000000000000000e+03 6.654800000000000000e+05 2.067570000000000000e+05
9.319130000000000000e+06 3.856000000000000000e+03 3.897000000000000000e+03 3.899000000000000000e+03 6.674620000000000000e+05 2.072690000000000000e+05
9.317266000000000000e+06 3.846000000000000000e+03 3.815000000000000000e+03 3.893000000000000000e+03 6.694240000000000000e+05 2.077960000000000000e+05
9.315320000000000000e+06 3.907000000000000000e+03 3.826000000000000000e+03 3.895000000000000000e+03 6.712960000000000000e+05 2.083550000000000000e+05
9.313444000000000000e+06 3.821000000000000000e+03 3.848000000000000000e+03 3.874000000000000000e+03 6.732570000000000000e+05 2.089000000000000000e+05
9.311546000000000000e+06 3.772000000000000000e+03 3.880000000000000000e+03 3.856000000000000000e+03 6.751900000000000000e+05 2.094280000000000000e+05
9.309669000000000000e+06 3.730000000000000000e+03 3.821000000000000000e+03 3.908000000000000000e+03 6.771160000000000000e+05 2.099900000000000000e+05
9.307731000000000000e+06 3.847000000000000000e+03 3.824000000000000000e+03 3.887000000000000000e+03 6.789550000000000000e+05 2.105510000000000000e+05
9.305944000000000000e+06 3.668000000000000000e+03 3.779000000000000000e+03 3.907000000000000000e+03 6.809460000000000000e+05 2.110930000000000000e+05
9.304103000000000000e+06 3.658000000000000000e+03 3.722000000000000000e+03 3.862000000000000000e+03 6.828990000000000000e+05 2.116270000000000000e+05
9.302277000000000000e+06 3.644000000000000000e+03 3.679000000000000000e+03 3.823000000000000000e+03 6.848210000000000000e+05 2.121740000000000000e+05
9.300501000000000000e+06 3.616000000000000000e+03 3.633000000000000000e+03 3.736000000000000000e+03 6.867580000000000000e+05 2.127190000000000000e+05
9.298772000000000000e+06 3.532000000000000000e+03 3.554000000000000000e+03 3.712000000000000000e+03 6.886740000000000000e+05 2.132270000000000000e+05
9.297004000000000000e+06 3.564000000000000000e+03 3.562000000000000000e+03 3.611000000000000000e+03 6.905030000000000000e+05 2.137470000000000000e+05
9.295271000000000000e+06 3.500000000000000000e+03 3.561000000000000000e+03 3.651000000000000000e+03 6.922610000000000000e+05 2.142790000000000000e+05
9.293532000000000000e+06 3.519000000000000000e+03 3.532000000000000000e+03 3.565000000000000000e+03 6.940960000000000000e+05 2.148280000000000000e+05
9.291836000000000000e+06 3.440000000000000000e+03 3.507000000000000000e+03 3.572000000000000000e+03 6.958890000000000000e+05 2.153450000000000000e+05
9.290043000000000000e+06 3.543000000000000000e+03 3.456000000000000000e+03 3.520000000000000000e+03 6.976820000000000000e+05 2.158640000000000000e+05
9.288364000000000000e+06 3.519000000000000000e+03 3.402000000000000000e+03 3.452000000000000000e+03 6.995070000000000000e+05 2.163990000000000000e+05
9.286676000000000000e+06 3.439000000000000000e+03 3.423000000000000000e+03 3.522000000000000000e+03 7.011840000000000000e+05 2.169360000000000000e+05
9.284984000000000000e+06 3.394000000000000000e+03 3.473000000000000000e+03 3.455000000000000000e+03 7.029380000000000000e+05 2.174610000000000000e+05
9.283265000000000000e+06 3.420000000000000000e+03 3.509000000000000000e+03 3.347000000000000000e+03 7.047030000000000000e+05 2.180030000000000000e+05
9.281489000000000000e+06 3.483000000000000000e+03 3.527000000000000000e+03 3.367000000000000000e+03 7.063780000000000000e+05 2.185570000000000000e+05
9.279733000000000000e+06 3.481000000000000000e+03 3.519000000000000000e+03 3.368000000000000000e+03 7.081430000000000000e+05 2.190770000000000000e+05
9.277924000000000000e+06 3.595000000000000000e+03 3.480000000000000000e+03 3.426000000000000000e+03 7.098190000000000000e+05 2.196090000000000000e+05
9.276225000000000000e+06 3.508000000000000000e+03 3.455000000000000000e+03 3.520000000000000000e+03 7.115360000000000000e+05 2.201680000000000000e+05
9.274524000000000000e+06 3.448000000000000000e+03 3.528000000000000000e+03 3.549000000000000000e+03 7.131950000000000000e+05 2.207110000000000000e+05
9.272746000000000000e+06 3.478000000000000000e+03 3.474000000000000000e+03 3.548000000000000000e+03 7.149980000000000000e+05 2.212420000000000000e+05
9.271046000000000000e+06 3.495000000000000000e+03 3.467000000000000000e+03 3.485000000000000000e+03 7.167510000000000000e+05 2.217570000000000000e+05
9.269394000000000000e+06 3.451000000000000000e+03 3.464000000000000000e+03 3.409000000000000000e+03 7.185260000000000000e+05 2.223060000000000000e+05
9.267699000000000000e+06 3.470000000000000000e+03 3.364000000000000000e+03 3.468000000000000000e+03 7.202430000000000000e+05 2.228430000000000000e+05
9.266014000000000000e+06 3.431000000000000000e+03 3.356000000000000000e+03 3.498000000000000000e+03 7.219450000000000000e+05 2.233660000000000000e+05
9.264371000000000000e+06 3.384000000000000000e+03 3.284000000000000000e+03 3.498000000000000000e+03 7.237070000000000000e+05 2.239010000000000000e+05
9.262755000000000000e+06 3.299000000000000000e+03 3.328000000000000000e+03 3.477000000000000000e+03 7.253850000000000000e+05 2.244150000000000000e+05
9.261104000000000000e+06 3.332000000000000000e+03 3.345000000000000000e+03 3.401000000000000000e+03 7.270620000000000000e+05 2.249650000000000000e+05
9.259411000000000000e+06 3.417000000000000000e+03 3.273000000000000000e+03 3.272000000000000000e+03 7.288710000000000000e+05 2.254780000000000000e+05
9.257728000000000000e+06 3.449000000000000000e+03 3.262000000000000000e+03 3.279000000000000000e+03 7.305260000000000000e+05 2.260200000000000000e+05
9.256098000000000000e+06 3.339000000000000000e+03 3.314000000000000000e+03 3.291000000000000000e+03 7.322020000000000000e+05 2.265660000000000000e+05
9.254480000000000000e+06 3.324000000000000000e+03 3.292000000000000000e+03 3.292000000000000000e+03 7.338560000000000000e+05 2.271140000000000000e+05
9.252786000000000000e+06 3.396000000000000000e+03 3.278000000000000000e+03 3.237000000000000000e+03 7.355470000000000000e+05 2.276070000000000000e+05
9.251207000000000000e+06 3.313000000000000000e+03 3.235000000000000000e+03 3.294000000000000000e+03 7.371950000000000000e+05 2.281360000000000000e+05
9.249654000000000000e+06 3.248000000000000000e+03 3.200000000000000000e+03 3.369000000000000000e+03 7.387730000000000000e+05 2.286800000000000000e+05
9.248084000000000000e+06 3.175000000000000000e+03 3.161000000000000000e+03 3.355000000000000000e+03 7.404690000000000000e+05 2.292240000000000000e+05
9.246558000000000000e+06 3.173000000000000000e+03 3.155000000000000000e+03 3.264000000000000000e+03 7.420940000000000000e+05 2.297560000000000000e+05
9.245033000000000000e+06 3.129000000000000000e+03 3.165000000000000000e+03 3.191000000000000000e+03 7.437260000000000000e+05 2.302890000000000000e+05
9.243517000000000000e+06 3.145000000000000000e+03 3.136000000000000000e+03 3.141000000000000000e+03 7.453050000000000000e+05 2.308180000000000000e+05
9.242024000000000000e+06 3.060000000000000000e+03 3.155000000000000000e+03 3.125000000000000000e+03 7.468800000000000000e+05 2.313410000000000000e+05
9.240473000000000000e+06 3.035000000000000000e+03 3.162000000000000000e+03 3.115000000000000000e+03 7.484590000000000000e+05 2.318660000000000000e+05
9.238935000000000000e+06 3.042000000000000000e+03 3.078000000000000000e+03 3.092000000000000000e+03 7.500970000000000000e+05 2.324150000000000000e+05
9.237390000000000000e+06 3.179000000000000000e+03 3.007000000000000000e+03 3.015000000000000000e+03 7.516530000000000000e+05 2.329620000000000000e+05
9.235916000000000000e+06 3.078000000000000000e+03 3.036000000000000000e+03 3.085000000000000000e+03 7.531290000000000000e+05 2.334840000000000000e+05
9.234420000000000000e+06 3.058000000000000000e+03 3.014000000000000000e+03 3.110000000000000000e+03 7.546420000000000000e+05 2.340060000000000000e+05
9.232947000000000000e+06 3.016000000000000000e+03 3.027000000000000000e+03 3.153000000000000000e+03 7.561010000000000000e+05 2.345640000000000000e+05
9.231436000000000000e+06 2.922000000000000000e+03 3.079000000000000000e+03 3.132000000000000000e+03 7.576750000000000000e+05 2.351190000000000000e+05
9.229921000000000000e+06 2.996000000000000000e+03 3.029000000000000000e+03 3.102000000000000000e+03 7.591960000000000000e+05 2.356520000000000000e+05
9.228393000000000000e+06 2.982000000000000000e+03 3.042000000000000000e+03 2.988000000000000000e+03 7.608390000000000000e+05 2.362100000000000000e+05
9.226931000000000000e+06 2.989000000000000000e+03 3.009000000000000000e+03 2.973000000000000000e+03 7.623420000000000000e+05 2.367410000000000000e+05
9.225381000000000000e+06 3.086000000000000000e+03 2.950000000000000000e+03 2.961000000000000000e+03 7.638660000000000000e+05 2.372840000000000000e+05
9.223953000000000000e+06 2.975000000000000000e+03 3.002000000000000000e+03 2.940000000000000000e+03 7.653740000000000000e+05 2.378110000000000000e+05
9.222457000000000000e+06 3.017000000000000000e+03 2.990000000000000000e+03 2.954000000000000000e+03 7.668260000000000000e+05 2.383320000000000000e+05
9.220983000000000000e+06 3.005000000000000000e+03 3.003000000000000000e+03 2.972000000000000000e+03 7.682810000000000000e+05 2.388740000000000000e+05
9.219534000000000000e+06 2.966000000000000000e+03 3.038000000000000000e+03 2.918000000000000000e+03 7.697880000000000000e+05 2.394160000000000000e+05
9.218062000000000000e+06 2.920000000000000000e+03 3.019000000000000000e+03 2.952000000000000000e+03 7.712910000000000000e+05 2.399270000000000000e+05
9.216598000000000000e+06 2.894000000000000000e+03 3.009000000000000000e+03 2.957000000000000000e+03 7.727860000000000000e+05 2.404620000000000000e+05
9.215114000000000000e+06 2.918000000000000000e+03 2.949000000000000000e+03 2.987000000000000000e+03 7.742760000000000000e+05 2.410040000000000000e+05
9.213682000000000000e+06 2.921000000000000000e+03 2.885000000000000000e+03 2.980000000000000000e+03 7.757760000000000000e+05 2.415460000000000000e+05
9.212277000000000000e+06 2.891000000000000000e+03 2.868000000000000000e+03 2.972000000000000000e+03 7.772360000000000000e+05 2.420680000000000000e+05
9.210811000000000000e+06 2.947000000000000000e+03 2.820000000000000000e+03 2.961000000000000000e+03 7.787050000000000000e+05 2.425870000000000000e+05
9.209412000000000000e+06 2.919000000000000000e+03 2.776000000000000000e+03 2.916000000000000000e+03 7.802210000000000000e+05 2.431320000000000000e+05
9.208052000000000000e+06 2.898000000000000000e+03 2.787000000000000000e+03 2.853000000000000000e+03 7.816540000000000000e+05 2.436620000000000000e+05
9.206685000000000000e+06 2.819000000000000000e+03 2.870000000000000000e+03 2.797000000000000000e+03 7.830730000000000000e+05 2.441750000000000000e+05
9.205260000000000000e+06 2.826000000000000000e+03 2.914000000000000000e+03 2.766000000000000000e+03 7.844780000000000000e+05 2.446920000000000000e+05
9.203876000000000000e+06 2.822000000000000000e+03 2.941000000000000000e+03 2.725000000000000000e+03 7.858800000000000000e+05 2.452150000000000000e+05
9.202423000000000000e+06 2.857000000000000000e+03 2.983000000000000000e+03 2.730000000000000000e+03 7.872510000000000000e+05 2.457310000000000000e+05
9.200983000000000000e+06 2.833000000000000000e+03 3.007000000000000000e+03 2.747000000000000000e+03 7.886740000000000000e+05 2.462570000000000000e+05
9.199512000000000000e+06 2.877000000000000000e+03 2.943000000000000000e+03 2.768000000000000000e+03 7.901440000000000000e+05 2.467990000000000000e+05
9.198106000000000000e+06 2.854000000000000000e+03 2.936000000000000000e+03 2.798000000000000000e+03 7.915500000000000000e+05 2.473190000000000000e+05
9.196669000000000000e+06 2.934000000000000000e+03 2.888000000000000000e+03 2.739000000000000000e+03 7.930140000000000000e+05 2.478180000000000000e+05
9.195350000000000000e+06 2.800000000000000000e+03 2.880000000000000000e+03 2.763000000000000000e+03 7.944510000000000000e+05 2.483540000000000000e+05
9.193886000000000000e+06 2.832000000000000000e+03 2.866000000000000000e+03 2.857000000000000000e+03 7.958030000000000000e+05 2.488850000000000000e+05
9.192509000000000000e+06 2.783000000000000000e+03 2.919000000000000000e+03 2.854000000000000000e+03 7.971790000000000000e+05 2.494090000000000000e+05
9.191097000000000000e+06 2.794000000000000000e+03 2.898000000000000000e+03 2.839000000000000000e+03 7.986160000000000000e+05 2.499470000000000000e+05
9.189683000000000000e+06 2.845000000000000000e+03 2.806000000000000000e+03 2.779000000000000000e+03 8.001310000000000000e+05 2.504670000000000000e+05
9.188395000000000000e+06 2.711000000000000000e+03 2.841000000000000000e+03 2.770000000000000000e+03 8.015270000000000000e+05 2.509650000000000000e+05
9.186996000000000000e+06 2.729000000000000000e+03 2.854000000000000000e+03 2.724000000000000000e+03 8.029410000000000000e+05 2.514650000000000000e+05
9.185607000000000000e+06 2.764000000000000000e+03 2.818000000000000000e+03 2.730000000000000000e+03 8.043250000000000000e+05 2.519790000000000000e+05
9.184250000000000000e+06 2.761000000000000000e+03 2.755000000000000000e+03 2.694000000000000000e+03 8.057840000000000000e+05 2.525170000000000000e+05
9.182898000000000000e+06 2.733000000000000000e+03 2.758000000000000000e+03 2.704000000000000000e+03 8.071510000000000000e+05 2.530330000000000000e+05
9.181516000000000000e+06 2.749000000000000000e+03 2.698000000000000000e+03 2.756000000000000000e+03 8.085250000000000000e+05 2.535690000000000000e+05
9.180208000000000000e+06 2.709000000000000000e+03 2.663000000000000000e+03 2.762000000000000000e+03 8.099020000000000000e+05 2.541060000000000000e+05
9.178954000000000000e+06 2.630000000000000000e+03 2.652000000000000000e+03 2.718000000000000000e+03 8.112900000000000000e+05 2.546090000000000000e+05
9.177735000000000000e+06 2.507000000000000000e+03 2.659000000000000000e+03 2.714000000000000000e+03 8.126290000000000000e+05 2.551180000000000000e+05
9.176459000000000000e+06 2.534000000000000000e+03 2.628000000000000000e+03 2.640000000000000000e+03 8.139830000000000000e+05 2.556510000000000000e+05
9.175129000000000000e+06 2.578000000000000000e+03 2.577000000000000000e+03 2.612000000000000000e+03 8.153480000000000000e+05 2.561750000000000000e+05
9.173952000000000000e+06 2.525000000000000000e+03 2.527000000000000000e+03 2.563000000000000000e+03 8.166770000000000000e+05 2.567010000000000000e+05
9.172718000000000000e+06 2.513000000000000000e+03 2.531000000000000000e+03 2.560000000000000000e+03 8.179220000000000000e+05 2.572060000000000000e+05
9.171547000000000000e+06 2.461000000000000000e+03 2.505000000000000000e+03 2.531000000000000000e+03 8.192000000000000000e+05 2.577260000000000000e+05
9.170302000000000000e+06 2.454000000000000000e+03 2.449000000000000000e+03 2.528000000000000000e+03 8.205110000000000000e+05 2.582410000000000000e+05
9.169171000000000000e+06 2.397000000000000000e+03 2.437000000000000000e+03 2.510000000000000000e+03 8.217290000000000000e+05 2.587580000000000000e+05
9.168020000000000000e+06 2.412000000000000000e+03 2.381000000000000000e+03 2.449000000000000000e+03 8.229820000000000000e+05 2.592770000000000000e+05
9.166876000000000000e+06 2.341000000000000000e+03 2.391000000000000000e+03 2.466000000000000000e+03 8.241700000000000000e+05 2.597890000000000000e+05
9.165724000000000000e+06 2.334000000000000000e+03 2.391000000000000000e+03 2.416000000000000000e+03 8.253790000000000000e+05 2.603140000000000000e+05
9.164609000000000000e+06 2.323000000000000000e+03 2.398000000000000000e+03 2.324000000000000000e+03 8.265900000000000000e+05 2.607940000000000000e+05
9.163407000000000000e+06 2.367000000000000000e+03 2.378000000000000000e+03 2.353000000000000000e+03 8.277390000000000000e+05 2.613140000000000000e+05
9.162237000000000000e+06 2.380000000000000000e+03 2.364000000000000000e+03 2.346000000000000000e+03 8.289170000000000000e+05 2.618520000000000000e+05
9.161130000000000000e+06 2.312000000000000000e+03 2.337000000000000000e+03 2.318000000000000000e+03 8.301470000000000000e+05 2.623940000000000000e+05
9.160051000000000000e+06 2.235000000000000000e+03 2.357000000000000000e+03 2.305000000000000000e+03 8.312960000000000000e+05 2.628940000000000000e+05
9.158948000000000000e+06 2.190000000000000000e+03 2.312000000000000000e+03 2.320000000000000000e+03 8.324740000000000000e+05 2.634400000000000000e+05
9.157841000000000000e+06 2.246000000000000000e+03 2.274000000000000000e+03 2.252000000000000000e+03 8.336310000000000000e+05 2.639380000000000000e+05
9.156728000000000000e+06 2.217000000000000000e+03 2.241000000000000000e+03 2.242000000000000000e+03 8.348160000000000000e+05 2.644400000000000000e+05
9.155575000000000000e+06 2.269000000000000000e+03 2.221000000000000000e+03 2.223000000000000000e+03 8.359560000000000000e+05 2.649540000000000000e+05
9.154547000000000000e+06 2.200000000000000000e+03 2.219000000000000000e+03 2.201000000000000000e+03 8.370770000000000000e+05 2.654680000000000000e+05
9.153495000000000000e+06 2.198000000000000000e+03 2.189000000000000000e+03 2.181000000000000000e+03 8.381810000000000000e+05 2.659870000000000000e+05
9.152480000000000000e+06 2.121000000000000000e+03 2.159000000000000000e+03 2.243000000000000000e+03 8.392410000000000000e+05 2.664890000000000000e+05
9.151462000000000000e+06 2.095000000000000000e+03 2.165000000000000000e+03 2.209000000000000000e+03 8.403130000000000000e+05 2.670180000000000000e+05
9.150430000000000000e+06 2.088000000000000000e+03 2.154000000000000000e+03 2.150000000000000000e+03 8.414220000000000000e+05 2.675150000000000000e+05
9.149380000000000000e+06 2.085000000000000000e+03 2.107000000000000000e+03 2.127000000000000000e+03 8.425450000000000000e+05 2.680180000000000000e+05
9.148388000000000000e+06 2.035000000000000000e+03 2.099000000000000000e+03 2.112000000000000000e+03 8.436100000000000000e+05 2.685190000000000000e+05
9.147338000000000000e+06 2.037000000000000000e+03 2.093000000000000000e+03 2.137000000000000000e+03 8.446390000000000000e+05 2.690410000000000000e+05
9.146346000000000000e+06 2.033000000000000000e+03 2.098000000000000000e+03 2.043000000000000000e+03 8.457240000000000000e+05 2.695780000000000000e+05
9.145340000000000000e+06 1.987000000000000000e+03 2.129000000000000000e+03 2.022000000000000000e+03 8.467660000000000000e+05 2.701080000000000000e+05
9.144361000000000000e+06 1.941000000000000000e+03 2.119000000000000000e+03 1.980000000000000000e+03 8.478430000000000000e+05 2.706470000000000000e+05
9.143341000000000000e+06 2.020000000000000000e+03 2.037000000000000000e+03 1.968000000000000000e+03 8.488780000000000000e+05 2.711460000000000000e+05
9.142289000000000000e+06 2.072000000000000000e+03 2.031000000000000000e+03 1.939000000000000000e+03 8.499130000000000000e+05 2.716870000000000000e+05
9.141248000000000000e+06 2.082000000000000000e+03 2.046000000000000000e+03 1.945000000000000000e+03 8.509230000000000000e+05 2.721820000000000000e+05
9.140269000000000000e+06 2.035000000000000000e+03 2.035000000000000000e+03 1.965000000000000000e+03 8.519400000000000000e+05 2.726920000000000000e+05
9.139256000000000000e+06 2.021000000000000000e+03 2.038000000000000000e+03 1.991000000000000000e+03 8.529380000000000000e+05 2.732440000000000000e+05
9.138280000000000000e+06 2.025000000000000000e+03 2.001000000000000000e+03 1.989000000000000000e+03 8.539490000000000000e+05 2.737780000000000000e+05
9.137347000000000000e+06 1.986000000000000000e+03 1.950000000000000000e+03 2.012000000000000000e+03 8.549490000000000000e+05 2.742880000000000000e+05
9.136428000000000000e+06 1.931000000000000000e+03 1.932000000000000000e+03 1.960000000000000000e+03 8.559930000000000000e+05 2.747980000000000000e+05
9.135492000000000000e+06 1.964000000000000000e+03 1.896000000000000000e+03 1.892000000000000000e+03 8.570000000000000000e+05 2.753170000000000000e+05
9.134579000000000000e+06 1.915000000000000000e+03 1.926000000000000000e+03 1.849000000000000000e+03 8.579750000000000000e+05 2.758570000000000000e+05
9.133621000000000000e+06 1.915000000000000000e+03 1.920000000000000000e+03 1.868000000000000000e+03 8.589200000000000000e+05 2.763800000000000000e+05
0.000000000000000000e+00 0.000000000000000000e+00 0.000000000000000000e+00 0.000000000000000000e+00 0.000000000000000000e+00 0.000000000000000000e+00
