9.998144000000000000e+06 0.000000000000000000e+00 1.000000000000000000e+02 0.000000000000000000e+00 0.000000000000000000e+00 0.000000000000000000e+00
9.998070000000000000e+06 5.900000000000000000e+01 1.030000000000000000e+02 8.000000000000000000e+00 4.000000000000000000e+00 0.000000000000000000e+00
9.997993000000000000e+06 1.100000000000000000e+02 1.010000000000000000e+02 1.300000000000000000e+01 2.700000000000000000e+01 0.000000000000000000e+00
9.997935000000000000e+06 1.140000000000000000e+02 1.090000000000000000e+02 3.900000000000000000e+01 4.700000000000000000e+01 0.000000000000000000e+00
9.997854000000000000e+06 1.420000000000000000e+02 1.000000000000000000e+02 6.600000000000000000e+01 8.200000000000000000e+01 0.000000000000000000e+00
9.997749000000000000e+06 1.810000000000000000e+02 1.100000000000000000e+02 8.200000000000000000e+01 1.220000000000000000e+02 0.000000000000000000e+00
9.997646000000000000e+06 2.050000000000000000e+02 1.310000000000000000e+02 1.060000000000000000e+02 1.560000000000000000e+02 0.000000000000000000e+00
9.997511000000000000e+06 2.360000000000000000e+02 1.490000000000000000e+02 1.440000000000000000e+02 2.040000000000000000e+02 0.000000000000000000e+00
9.997359000000000000e+06 2.620000000000000000e+02 1.860000000000000000e+02 1.760000000000000000e+02 2.610000000000000000e+02 0.000000000000000000e+00
9.997166000000000000e+06 3.130000000000000000e+02 2.290000000000000000e+02 2.050000000000000000e+02 3.310000000000000000e+02 0.000000000000000000e+00
9.996928000000000000e+06 3.890000000000000000e+02 2.670000000000000000e+02 2.390000000000000000e+02 4.210000000000000000e+02 0.000000000000000000e+00
9.996622000000000000e+06 4.680000000000000000e+02 3.090000000000000000e+02 3.130000000000000000e+02 5.320000000000000000e+02 0.000000000000000000e+00
9.996300000000000000e+06 5.640000000000000000e+02 3.630000000000000000e+02 3.630000000000000000e+02 6.540000000000000000e+02 0.000000000000000000e+00
9.995868000000000000e+06 6.780000000000000000e+02 4.560000000000000000e+02 4.260000000000000000e+02 8.160000000000000000e+02 0.000000000000000000e+00
9.995381000000000000e+06 7.880000000000000000e+02 5.520000000000000000e+02 5.440000000000000000e+02 9.790000000000000000e+02 0.000000000000000000e+00
9.994784000000000000e+06 9.730000000000000000e+02 6.510000000000000000e+02 6.460000000000000000e+02 1.190000000000000000e+03 0.000000000000000000e+00
9.994092000000000000e+06 1.159000000000000000e+03 7.770000000000000000e+02 7.610000000000000000e+02 1.455000000000000000e+03 0.000000000000000000e+00
9.993244000000000000e+06 1.410000000000000000e+03 9.070000000000000000e+02 9.060000000000000000e+02 1.777000000000000000e+03 0.000000000000000000e+00
9.992237000000000000e+06 1.652000000000000000e+03 1.072000000000000000e+03 1.096000000000000000e+03 2.187000000000000000e+03 0.000000000000000000e+00
9.991032000000000000e+06 1.997000000000000000e+03 1.324000000000000000e+03 1.250000000000000000e+03 2.641000000000000000e+03 0.000000000000000000e+00
9.989590000000000000e+06 2.399000000000000000e+03 1.565000000000000000e+03 1.498000000000000000e+03 3.192000000000000000e+03 0.000000000000000000e+00
9.988781000000000000e+06 2.074000000000000000e+03 1.847000000000000000e+03 1.742000000000000000e+03 3.800000000000000000e+03 0.000000000000000000e+00
9.987799000000000000e+06 2.057000000000000000e+03 1.957000000000000000e+03 1.263000000000000000e+03 5.168000000000000000e+03 1.000000000000000000e+03
9.986928000000000000e+06 1.936000000000000000e+03 2.019000000000000000e+03 9.430000000000000000e+02 6.418000000000000000e+03 2.000000000000000000e+03
9.986061000000000000e+06 1.798000000000000000e+03 1.945000000000000000e+03 1.207000000000000000e+03 7.233000000000000000e+03 2.430000000000000000e+03
9.985194000000000000e+06 1.759000000000000000e+03 1.891000000000000000e+03 1.364000000000000000e+03 8.036000000000000000e+03 2.777000000000000000e+03
9.984311000000000000e+06 1.806000000000000000e+03 1.783000000000000000e+03 1.460000000000000000e+03 8.884000000000000000e+03 3.195000000000000000e+03
9.983449000000000000e+06 1.794000000000000000e+03 1.739000000000000000e+03 1.495000000000000000e+03 9.767000000000000000e+03 3.619000000000000000e+03
9.982653000000000000e+06 1.747000000000000000e+03 1.694000000000000000e+03 1.508000000000000000e+03 1.064200000000000000e+04 4.046000000000000000e+03
9.981813000000000000e+06 1.737000000000000000e+03 1.683000000000000000e+03 1.481000000000000000e+03 1.153000000000000000e+04 4.515000000000000000e+03
9.980942000000000000e+06 1.770000000000000000e+03 1.623000000000000000e+03 1.496000000000000000e+03 1.241300000000000000e+04 4.933000000000000000e+03
9.980149000000000000e+06 1.679000000000000000e+03 1.625000000000000000e+03 1.545000000000000000e+03 1.324600000000000000e+04 5.381000000000000000e+03
9.979337000000000000e+06 1.645000000000000000e+03 1.635000000000000000e+03 1.526000000000000000e+03 1.410100000000000000e+04 5.812000000000000000e+03
9.978539000000000000e+06 1.595000000000000000e+03 1.658000000000000000e+03 1.530000000000000000e+03 1.492200000000000000e+04 6.257000000000000000e+03
9.977729000000000000e+06 1.610000000000000000e+03 1.660000000000000000e+03 1.486000000000000000e+03 1.575900000000000000e+04 6.705000000000000000e+03
9.976876000000000000e+06 1.674000000000000000e+03 1.649000000000000000e+03 1.475000000000000000e+03 1.657000000000000000e+04 7.126000000000000000e+03
9.976074000000000000e+06 1.611000000000000000e+03 1.618000000000000000e+03 1.525000000000000000e+03 1.741600000000000000e+04 7.580000000000000000e+03
9.975288000000000000e+06 1.616000000000000000e+03 1.568000000000000000e+03 1.499000000000000000e+03 1.827300000000000000e+04 7.974000000000000000e+03
9.974478000000000000e+06 1.649000000000000000e+03 1.559000000000000000e+03 1.477000000000000000e+03 1.908100000000000000e+04 8.424000000000000000e+03
9.973705000000000000e+06 1.627000000000000000e+03 1.563000000000000000e+03 1.445000000000000000e+03 1.990400000000000000e+04 8.863000000000000000e+03
9.972936000000000000e+06 1.637000000000000000e+03 1.528000000000000000e+03 1.420000000000000000e+03 2.072300000000000000e+04 9.282000000000000000e+03
9.972148000000000000e+06 1.610000000000000000e+03 1.525000000000000000e+03 1.420000000000000000e+03 2.154100000000000000e+04 9.707000000000000000e+03
9.971345000000000000e+06 1.637000000000000000e+03 1.496000000000000000e+03 1.456000000000000000e+03 2.231000000000000000e+04 1.014700000000000000e+04
9.970605000000000000e+06 1.620000000000000000e+03 1.482000000000000000e+03 1.447000000000000000e+03 2.309000000000000000e+04 1.058100000000000000e+04
9.969852000000000000e+06 1.567000000000000000e+03 1.549000000000000000e+03 1.449000000000000000e+03 2.382700000000000000e+04 1.098600000000000000e+04
9.969009000000000000e+06 1.620000000000000000e+03 1.564000000000000000e+03 1.441000000000000000e+03 2.461000000000000000e+04 1.139900000000000000e+04
9.968201000000000000e+06 1.603000000000000000e+03 1.562000000000000000e+03 1.471000000000000000e+03 2.540700000000000000e+04 1.182900000000000000e+04
9.967435000000000000e+06 1.607000000000000000e+03 1.561000000000000000e+03 1.470000000000000000e+03 2.617100000000000000e+04 1.223200000000000000e+04
9.966638000000000000e+06 1.577000000000000000e+03 1.571000000000000000e+03 1.519000000000000000e+03 2.693900000000000000e+04 1.265700000000000000e+04
9.965808000000000000e+06 1.611000000000000000e+03 1.555000000000000000e+03 1.547000000000000000e+03 2.772300000000000000e+04 1.308200000000000000e+04
9.965003000000000000e+06 1.632000000000000000e+03 1.563000000000000000e+03 1.499000000000000000e+03 2.854700000000000000e+04 1.346900000000000000e+04
9.964196000000000000e+06 1.585000000000000000e+03 1.589000000000000000e+03 1.526000000000000000e+03 2.934800000000000000e+04 1.386700000000000000e+04
9.963414000000000000e+06 1.589000000000000000e+03 1.610000000000000000e+03 1.504000000000000000e+03 3.012700000000000000e+04 1.432400000000000000e+04
9.962598000000000000e+06 1.620000000000000000e+03 1.587000000000000000e+03 1.500000000000000000e+03 3.093900000000000000e+04 1.472800000000000000e+04
9.961778000000000000e+06 1.624000000000000000e+03 1.592000000000000000e+03 1.547000000000000000e+03 3.170300000000000000e+04 1.513600000000000000e+04
9.960965000000000000e+06 1.636000000000000000e+03 1.638000000000000000e+03 1.520000000000000000e+03 3.248500000000000000e+04 1.558300000000000000e+04
9.960130000000000000e+06 1.656000000000000000e+03 1.624000000000000000e+03 1.536000000000000000e+03 3.329800000000000000e+04 1.600400000000000000e+04
9.959305000000000000e+06 1.686000000000000000e+03 1.617000000000000000e+03 1.539000000000000000e+03 3.409700000000000000e+04 1.642300000000000000e+04
9.958508000000000000e+06 1.660000000000000000e+03 1.600000000000000000e+03 1.530000000000000000e+03 3.494600000000000000e+04 1.684100000000000000e+04
9.957728000000000000e+06 1.649000000000000000e+03 1.610000000000000000e+03 1.537000000000000000e+03 3.572000000000000000e+04 1.725400000000000000e+04
9.956944000000000000e+06 1.596000000000000000e+03 1.593000000000000000e+03 1.588000000000000000e+03 3.652300000000000000e+04 1.767200000000000000e+04
9.956100000000000000e+06 1.663000000000000000e+03 1.589000000000000000e+03 1.574000000000000000e+03 3.731800000000000000e+04 1.805400000000000000e+04
9.955248000000000000e+06 1.687000000000000000e+03 1.607000000000000000e+03 1.567000000000000000e+03 3.813500000000000000e+04 1.847100000000000000e+04
9.954442000000000000e+06 1.660000000000000000e+03 1.615000000000000000e+03 1.573000000000000000e+03 3.895400000000000000e+04 1.887800000000000000e+04
9.953611000000000000e+06 1.630000000000000000e+03 1.639000000000000000e+03 1.583000000000000000e+03 3.978100000000000000e+04 1.926700000000000000e+04
9.952743000000000000e+06 1.685000000000000000e+03 1.661000000000000000e+03 1.575000000000000000e+03 4.058000000000000000e+04 1.966000000000000000e+04
9.951891000000000000e+06 1.666000000000000000e+03 1.675000000000000000e+03 1.602000000000000000e+03 4.141000000000000000e+04 2.007000000000000000e+04
9.951054000000000000e+06 1.663000000000000000e+03 1.674000000000000000e+03 1.652000000000000000e+03 4.220100000000000000e+04 2.046700000000000000e+04
9.950170000000000000e+06 1.697000000000000000e+03 1.677000000000000000e+03 1.645000000000000000e+03 4.305500000000000000e+04 2.086000000000000000e+04
9.949264000000000000e+06 1.765000000000000000e+03 1.656000000000000000e+03 1.642000000000000000e+03 4.391700000000000000e+04 2.126400000000000000e+04
9.948402000000000000e+06 1.762000000000000000e+03 1.662000000000000000e+03 1.649000000000000000e+03 4.476900000000000000e+04 2.168900000000000000e+04
9.947493000000000000e+06 1.752000000000000000e+03 1.668000000000000000e+03 1.708000000000000000e+03 4.562300000000000000e+04 2.209700000000000000e+04
9.946629000000000000e+06 1.769000000000000000e+03 1.668000000000000000e+03 1.706000000000000000e+03 4.647200000000000000e+04 2.249400000000000000e+04
9.945751000000000000e+06 1.717000000000000000e+03 1.722000000000000000e+03 1.736000000000000000e+03 4.731800000000000000e+04 2.291600000000000000e+04
9.944853000000000000e+06 1.756000000000000000e+03 1.721000000000000000e+03 1.713000000000000000e+03 4.820100000000000000e+04 2.333200000000000000e+04
9.943950000000000000e+06 1.773000000000000000e+03 1.766000000000000000e+03 1.692000000000000000e+03 4.906300000000000000e+04 2.375600000000000000e+04
9.943033000000000000e+06 1.743000000000000000e+03 1.758000000000000000e+03 1.730000000000000000e+03 4.998000000000000000e+04 2.419100000000000000e+04
9.942141000000000000e+06 1.781000000000000000e+03 1.737000000000000000e+03 1.694000000000000000e+03 5.089100000000000000e+04 2.461000000000000000e+04
9.941249000000000000e+06 1.812000000000000000e+03 1.724000000000000000e+03 1.680000000000000000e+03 5.177900000000000000e+04 2.503500000000000000e+04
9.940342000000000000e+06 1.848000000000000000e+03 1.742000000000000000e+03 1.691000000000000000e+03 5.262100000000000000e+04 2.542800000000000000e+04
9.939479000000000000e+06 1.809000000000000000e+03 1.797000000000000000e+03 1.661000000000000000e+03 5.349800000000000000e+04 2.584400000000000000e+04
9.938540000000000000e+06 1.859000000000000000e+03 1.797000000000000000e+03 1.689000000000000000e+03 5.435900000000000000e+04 2.629100000000000000e+04
9.937616000000000000e+06 1.854000000000000000e+03 1.853000000000000000e+03 1.724000000000000000e+03 5.519700000000000000e+04 2.671600000000000000e+04
9.936612000000000000e+06 1.950000000000000000e+03 1.815000000000000000e+03 1.793000000000000000e+03 5.607400000000000000e+04 2.711400000000000000e+04
9.935642000000000000e+06 1.970000000000000000e+03 1.836000000000000000e+03 1.788000000000000000e+03 5.700800000000000000e+04 2.755100000000000000e+04
9.934658000000000000e+06 1.935000000000000000e+03 1.875000000000000000e+03 1.846000000000000000e+03 5.793000000000000000e+04 2.798200000000000000e+04
9.933638000000000000e+06 2.002000000000000000e+03 1.865000000000000000e+03 1.887000000000000000e+03 5.885200000000000000e+04 2.839800000000000000e+04
9.932649000000000000e+06 2.015000000000000000e+03 1.854000000000000000e+03 1.916000000000000000e+03 5.981000000000000000e+04 2.880900000000000000e+04
9.931653000000000000e+06 1.991000000000000000e+03 1.906000000000000000e+03 1.949000000000000000e+03 6.074500000000000000e+04 2.922100000000000000e+04
9.930642000000000000e+06 2.020000000000000000e+03 1.945000000000000000e+03 1.948000000000000000e+03 6.168900000000000000e+04 2.963600000000000000e+04
9.929592000000000000e+06 2.066000000000000000e+03 1.904000000000000000e+03 1.960000000000000000e+03 6.272200000000000000e+04 3.007300000000000000e+04
9.928635000000000000e+06 2.035000000000000000e+03 1.905000000000000000e+03 1.935000000000000000e+03 6.373400000000000000e+04 3.048100000000000000e+04
9.927677000000000000e+06 2.008000000000000000e+03 1.957000000000000000e+03 1.916000000000000000e+03 6.468600000000000000e+04 3.096200000000000000e+04
9.926731000000000000e+06 1.963000000000000000e+03 1.972000000000000000e+03 1.930000000000000000e+03 6.564800000000000000e+04 3.137600000000000000e+04
9.925724000000000000e+06 2.034000000000000000e+03 1.937000000000000000e+03 1.898000000000000000e+03 6.665100000000000000e+04 3.182400000000000000e+04
9.924776000000000000e+06 1.963000000000000000e+03 1.986000000000000000e+03 1.882000000000000000e+03 6.763700000000000000e+04 3.226200000000000000e+04
9.923727000000000000e+06 2.030000000000000000e+03 1.978000000000000000e+03 1.880000000000000000e+03 6.862900000000000000e+04 3.267000000000000000e+04
9.922699000000000000e+06 2.010000000000000000e+03 2.045000000000000000e+03 1.918000000000000000e+03 6.957200000000000000e+04 3.310600000000000000e+04
9.921648000000000000e+06 2.025000000000000000e+03 2.033000000000000000e+03 1.959000000000000000e+03 7.057900000000000000e+04 3.352500000000000000e+04
9.920611000000000000e+06 2.036000000000000000e+03 2.058000000000000000e+03 1.939000000000000000e+03 7.160000000000000000e+04 3.395000000000000000e+04
9.919516000000000000e+06 2.073000000000000000e+03 2.080000000000000000e+03 1.984000000000000000e+03 7.259100000000000000e+04 3.438700000000000000e+04
9.918415000000000000e+06 2.142000000000000000e+03 2.122000000000000000e+03 1.933000000000000000e+03 7.363200000000000000e+04 3.480800000000000000e+04
9.917269000000000000e+06 2.198000000000000000e+03 2.151000000000000000e+03 2.008000000000000000e+03 7.461800000000000000e+04 3.524900000000000000e+04
9.916143000000000000e+06 2.236000000000000000e+03 2.159000000000000000e+03 1.998000000000000000e+03 7.570800000000000000e+04 3.567300000000000000e+04
9.915019000000000000e+06 2.225000000000000000e+03 2.211000000000000000e+03 2.042000000000000000e+03 7.674700000000000000e+04 3.610700000000000000e+04
9.913909000000000000e+06 2.239000000000000000e+03 2.203000000000000000e+03 2.074000000000000000e+03 7.781900000000000000e+04 3.653600000000000000e+04
9.912777000000000000e+06 2.238000000000000000e+03 2.194000000000000000e+03 2.154000000000000000e+03 7.888100000000000000e+04 3.695400000000000000e+04
9.911661000000000000e+06 2.225000000000000000e+03 2.164000000000000000e+03 2.246000000000000000e+03 7.994800000000000000e+04 3.738800000000000000e+04
9.910587000000000000e+06 2.189000000000000000e+03 2.160000000000000000e+03 2.222000000000000000e+03 8.108600000000000000e+04 3.778800000000000000e+04
9.909445000000000000e+06 2.209000000000000000e+03 2.191000000000000000e+03 2.205000000000000000e+03 8.219400000000000000e+04 3.822100000000000000e+04
9.908288000000000000e+06 2.262000000000000000e+03 2.193000000000000000e+03 2.233000000000000000e+03 8.326800000000000000e+04 3.863700000000000000e+04
9.907168000000000000e+06 2.271000000000000000e+03 2.143000000000000000e+03 2.256000000000000000e+03 8.440600000000000000e+04 3.906000000000000000e+04
9.906073000000000000e+06 2.253000000000000000e+03 2.210000000000000000e+03 2.257000000000000000e+03 8.545100000000000000e+04 3.950300000000000000e+04
9.904926000000000000e+06 2.285000000000000000e+03 2.217000000000000000e+03 2.219000000000000000e+03 8.659700000000000000e+04 3.994900000000000000e+04
9.903735000000000000e+06 2.335000000000000000e+03 2.231000000000000000e+03 2.235000000000000000e+03 8.770800000000000000e+04 4.039000000000000000e+04
9.902532000000000000e+06 2.387000000000000000e+03 2.248000000000000000e+03 2.215000000000000000e+03 8.886200000000000000e+04 4.080400000000000000e+04
9.901372000000000000e+06 2.370000000000000000e+03 2.301000000000000000e+03 2.243000000000000000e+03 8.995800000000000000e+04 4.124700000000000000e+04
9.900197000000000000e+06 2.334000000000000000e+03 2.302000000000000000e+03 2.293000000000000000e+03 9.111800000000000000e+04 4.169000000000000000e+04
9.899062000000000000e+06 2.320000000000000000e+03 2.305000000000000000e+03 2.291000000000000000e+03 9.226600000000000000e+04 4.212600000000000000e+04
9.897852000000000000e+06 2.355000000000000000e+03 2.311000000000000000e+03 2.269000000000000000e+03 9.345700000000000000e+04 4.258600000000000000e+04
9.896606000000000000e+06 2.466000000000000000e+03 2.316000000000000000e+03 2.289000000000000000e+03 9.456700000000000000e+04 4.300700000000000000e+04
9.895316000000000000e+06 2.527000000000000000e+03 2.359000000000000000e+03 2.314000000000000000e+03 9.572800000000000000e+04 4.342900000000000000e+04
9.894110000000000000e+06 2.464000000000000000e+03 2.415000000000000000e+03 2.296000000000000000e+03 9.695900000000000000e+04 4.387400000000000000e+04
9.892872000000000000e+06 2.454000000000000000e+03 2.469000000000000000e+03 2.319000000000000000e+03 9.813000000000000000e+04 4.432600000000000000e+04
9.891594000000000000e+06 2.520000000000000000e+03 2.485000000000000000e+03 2.353000000000000000e+03 9.929200000000000000e+04 4.480500000000000000e+04
9.890290000000000000e+06 2.558000000000000000e+03 2.490000000000000000e+03 2.410000000000000000e+03 1.004960000000000000e+05 4.524200000000000000e+04
9.889009000000000000e+06 2.582000000000000000e+03 2.477000000000000000e+03 2.482000000000000000e+03 1.016940000000000000e+05 4.570400000000000000e+04
9.887775000000000000e+06 2.548000000000000000e+03 2.492000000000000000e+03 2.488000000000000000e+03 1.029410000000000000e+05 4.614700000000000000e+04
9.886552000000000000e+06 2.531000000000000000e+03 2.465000000000000000e+03 2.514000000000000000e+03 1.041820000000000000e+05 4.662200000000000000e+04
9.885290000000000000e+06 2.477000000000000000e+03 2.538000000000000000e+03 2.537000000000000000e+03 1.054020000000000000e+05 4.706800000000000000e+04
9.884029000000000000e+06 2.513000000000000000e+03 2.493000000000000000e+03 2.530000000000000000e+03 1.066790000000000000e+05 4.753800000000000000e+04
9.882735000000000000e+06 2.582000000000000000e+03 2.505000000000000000e+03 2.458000000000000000e+03 1.079640000000000000e+05 4.798900000000000000e+04
9.881410000000000000e+06 2.650000000000000000e+03 2.486000000000000000e+03 2.429000000000000000e+03 1.092690000000000000e+05 4.843800000000000000e+04
9.880111000000000000e+06 2.660000000000000000e+03 2.526000000000000000e+03 2.398000000000000000e+03 1.105490000000000000e+05 4.888100000000000000e+04
9.878712000000000000e+06 2.729000000000000000e+03 2.545000000000000000e+03 2.458000000000000000e+03 1.118000000000000000e+05 4.933400000000000000e+04
9.877413000000000000e+06 2.672000000000000000e+03 2.611000000000000000e+03 2.472000000000000000e+03 1.130760000000000000e+05 4.981400000000000000e+04
9.876040000000000000e+06 2.703000000000000000e+03 2.639000000000000000e+03 2.555000000000000000e+03 1.143070000000000000e+05 5.023300000000000000e+04
9.874698000000000000e+06 2.652000000000000000e+03 2.671000000000000000e+03 2.656000000000000000e+03 1.155670000000000000e+05 5.066400000000000000e+04
9.873312000000000000e+06 2.724000000000000000e+03 2.627000000000000000e+03 2.684000000000000000e+03 1.168970000000000000e+05 5.113600000000000000e+04
9.871969000000000000e+06 2.731000000000000000e+03 2.660000000000000000e+03 2.612000000000000000e+03 1.182720000000000000e+05 5.158200000000000000e+04
9.870572000000000000e+06 2.815000000000000000e+03 2.660000000000000000e+03 2.578000000000000000e+03 1.196190000000000000e+05 5.202900000000000000e+04
9.869176000000000000e+06 2.828000000000000000e+03 2.710000000000000000e+03 2.647000000000000000e+03 1.208830000000000000e+05 5.249100000000000000e+04
9.867788000000000000e+06 2.835000000000000000e+03 2.712000000000000000e+03 2.641000000000000000e+03 1.222680000000000000e+05 5.294100000000000000e+04
9.866427000000000000e+06 2.781000000000000000e+03 2.712000000000000000e+03 2.683000000000000000e+03 1.236410000000000000e+05 5.340000000000000000e+04
9.864995000000000000e+06 2.801000000000000000e+03 2.790000000000000000e+03 2.673000000000000000e+03 1.249850000000000000e+05 5.386300000000000000e+04
9.863494000000000000e+06 2.886000000000000000e+03 2.808000000000000000e+03 2.718000000000000000e+03 1.263380000000000000e+05 5.430100000000000000e+04
9.862098000000000000e+06 2.896000000000000000e+03 2.743000000000000000e+03 2.747000000000000000e+03 1.277600000000000000e+05 5.477800000000000000e+04
9.860687000000000000e+06 2.866000000000000000e+03 2.726000000000000000e+03 2.770000000000000000e+03 1.291950000000000000e+05 5.523500000000000000e+04
9.859261000000000000e+06 2.872000000000000000e+03 2.761000000000000000e+03 2.809000000000000000e+03 1.305410000000000000e+05 5.570900000000000000e+04
9.857838000000000000e+06 2.907000000000000000e+03 2.713000000000000000e+03 2.844000000000000000e+03 1.319420000000000000e+05 5.618000000000000000e+04
9.856381000000000000e+06 2.931000000000000000e+03 2.758000000000000000e+03 2.836000000000000000e+03 1.333380000000000000e+05 5.663400000000000000e+04
9.854904000000000000e+06 2.976000000000000000e+03 2.749000000000000000e+03 2.850000000000000000e+03 1.347650000000000000e+05 5.710800000000000000e+04
9.853474000000000000e+06 2.946000000000000000e+03 2.841000000000000000e+03 2.864000000000000000e+03 1.361190000000000000e+05 5.756800000000000000e+04
9.851964000000000000e+06 2.992000000000000000e+03 2.842000000000000000e+03 2.863000000000000000e+03 1.375830000000000000e+05 5.804300000000000000e+04
9.850471000000000000e+06 3.077000000000000000e+03 2.870000000000000000e+03 2.806000000000000000e+03 1.390200000000000000e+05 5.852500000000000000e+04
9.848994000000000000e+06 3.044000000000000000e+03 2.993000000000000000e+03 2.853000000000000000e+03 1.403600000000000000e+05 5.899800000000000000e+04
9.847409000000000000e+06 3.073000000000000000e+03 3.037000000000000000e+03 2.847000000000000000e+03 1.418780000000000000e+05 5.948100000000000000e+04
9.845838000000000000e+06 3.121000000000000000e+03 3.038000000000000000e+03 2.928000000000000000e+03 1.433190000000000000e+05 5.995100000000000000e+04
9.844345000000000000e+06 3.063000000000000000e+03 3.057000000000000000e+03 2.988000000000000000e+03 1.447910000000000000e+05 6.040000000000000000e+04
9.842776000000000000e+06 3.037000000000000000e+03 3.045000000000000000e+03 3.044000000000000000e+03 1.463420000000000000e+05 6.083700000000000000e+04
9.841187000000000000e+06 3.139000000000000000e+03 2.972000000000000000e+03 3.026000000000000000e+03 1.479200000000000000e+05 6.130400000000000000e+04
9.839630000000000000e+06 3.109000000000000000e+03 3.006000000000000000e+03 3.053000000000000000e+03 1.494460000000000000e+05 6.177700000000000000e+04
9.838053000000000000e+06 3.141000000000000000e+03 3.046000000000000000e+03 3.111000000000000000e+03 1.508930000000000000e+05 6.219400000000000000e+04
9.836495000000000000e+06 3.152000000000000000e+03 3.027000000000000000e+03 3.153000000000000000e+03 1.524170000000000000e+05 6.266500000000000000e+04
9.834885000000000000e+06 3.176000000000000000e+03 3.052000000000000000e+03 3.150000000000000000e+03 1.539810000000000000e+05 6.313000000000000000e+04
9.833337000000000000e+06 3.161000000000000000e+03 3.046000000000000000e+03 3.118000000000000000e+03 1.555820000000000000e+05 6.361100000000000000e+04
9.831735000000000000e+06 3.199000000000000000e+03 3.135000000000000000e+03 3.075000000000000000e+03 1.571000000000000000e+05 6.410300000000000000e+04
9.830013000000000000e+06 3.307000000000000000e+03 3.225000000000000000e+03 3.065000000000000000e+03 1.586340000000000000e+05 6.460100000000000000e+04
9.828346000000000000e+06 3.384000000000000000e+03 3.268000000000000000e+03 3.044000000000000000e+03 1.602020000000000000e+05 6.504500000000000000e+04
9.826623000000000000e+06 3.360000000000000000e+03 3.363000000000000000e+03 3.099000000000000000e+03 1.617990000000000000e+05 6.552400000000000000e+04
9.824845000000000000e+06 3.397000000000000000e+03 3.466000000000000000e+03 3.183000000000000000e+03 1.633530000000000000e+05 6.597600000000000000e+04
9.823105000000000000e+06 3.483000000000000000e+03 3.435000000000000000e+03 3.234000000000000000e+03 1.649870000000000000e+05 6.642600000000000000e+04
9.821363000000000000e+06 3.446000000000000000e+03 3.430000000000000000e+03 3.338000000000000000e+03 1.666670000000000000e+05 6.689300000000000000e+04
9.819571000000000000e+06 3.522000000000000000e+03 3.458000000000000000e+03 3.382000000000000000e+03 1.683110000000000000e+05 6.740900000000000000e+04
9.817757000000000000e+06 3.605000000000000000e+03 3.534000000000000000e+03 3.399000000000000000e+03 1.699490000000000000e+05 6.788300000000000000e+04
9.815943000000000000e+06 3.601000000000000000e+03 3.648000000000000000e+03 3.362000000000000000e+03 1.716900000000000000e+05 6.836000000000000000e+04
9.814074000000000000e+06 3.681000000000000000e+03 3.604000000000000000e+03 3.428000000000000000e+03 1.734570000000000000e+05 6.883300000000000000e+04
9.812241000000000000e+06 3.664000000000000000e+03 3.590000000000000000e+03 3.506000000000000000e+03 1.752430000000000000e+05 6.931300000000000000e+04
9.810346000000000000e+06 3.761000000000000000e+03 3.577000000000000000e+03 3.539000000000000000e+03 1.770210000000000000e+05 6.980000000000000000e+04
9.808525000000000000e+06 3.731000000000000000e+03 3.586000000000000000e+03 3.594000000000000000e+03 1.788080000000000000e+05 7.028600000000000000e+04
9.806684000000000000e+06 3.768000000000000000e+03 3.636000000000000000e+03 3.638000000000000000e+03 1.805180000000000000e+05 7.076400000000000000e+04
9.804801000000000000e+06 3.769000000000000000e+03 3.680000000000000000e+03 3.641000000000000000e+03 1.823530000000000000e+05 7.122200000000000000e+04
9.802919000000000000e+06 3.743000000000000000e+03 3.776000000000000000e+03 3.629000000000000000e+03 1.841770000000000000e+05 7.172100000000000000e+04
9.800937000000000000e+06 3.827000000000000000e+03 3.762000000000000000e+03 3.654000000000000000e+03 1.860640000000000000e+05 7.220400000000000000e+04
9.799022000000000000e+06 3.836000000000000000e+03 3.745000000000000000e+03 3.727000000000000000e+03 1.879140000000000000e+05 7.267700000000000000e+04
9.797078000000000000e+06 3.932000000000000000e+03 3.751000000000000000e+03 3.670000000000000000e+03 1.898130000000000000e+05 7.315800000000000000e+04
9.795128000000000000e+06 3.883000000000000000e+03 3.859000000000000000e+03 3.703000000000000000e+03 1.916710000000000000e+05 7.363800000000000000e+04
9.793181000000000000e+06 3.944000000000000000e+03 3.842000000000000000e+03 3.709000000000000000e+03 1.935680000000000000e+05 7.415600000000000000e+04
9.791201000000000000e+06 3.922000000000000000e+03 3.910000000000000000e+03 3.747000000000000000e+03 1.954640000000000000e+05 7.462800000000000000e+04
9.789251000000000000e+06 3.993000000000000000e+03 3.843000000000000000e+03 3.717000000000000000e+03 1.974400000000000000e+05 7.511500000000000000e+04
9.787223000000000000e+06 4.016000000000000000e+03 3.916000000000000000e+03 3.822000000000000000e+03 1.992670000000000000e+05 7.560400000000000000e+04
9.785177000000000000e+06 3.987000000000000000e+03 3.966000000000000000e+03 3.916000000000000000e+03 2.011980000000000000e+05 7.609700000000000000e+04
9.783134000000000000e+06 4.083000000000000000e+03 3.929000000000000000e+03 3.938000000000000000e+03 2.031600000000000000e+05 7.660800000000000000e+04
9.781093000000000000e+06 4.139000000000000000e+03 3.948000000000000000e+03 3.941000000000000000e+03 2.051230000000000000e+05 7.709500000000000000e+04
9.779100000000000000e+06 4.090000000000000000e+03 3.937000000000000000e+03 3.964000000000000000e+03 2.071530000000000000e+05 7.757400000000000000e+04
9.777080000000000000e+06 4.076000000000000000e+03 4.029000000000000000e+03 3.989000000000000000e+03 2.090700000000000000e+05 7.806500000000000000e+04
9.774959000000000000e+06 4.155000000000000000e+03 4.028000000000000000e+03 3.984000000000000000e+03 2.111180000000000000e+05 7.857900000000000000e+04
9.772875000000000000e+06 4.173000000000000000e+03 4.041000000000000000e+03 4.041000000000000000e+03 2.131140000000000000e+05 7.905800000000000000e+04
9.770762000000000000e+06 4.209000000000000000e+03 4.103000000000000000e+03 4.050000000000000000e+03 2.151200000000000000e+05 7.956000000000000000e+04
9.768739000000000000e+06 4.119000000000000000e+03 4.113000000000000000e+03 4.069000000000000000e+03 2.172040000000000000e+05 8.004000000000000000e+04
9.766625000000000000e+06 4.202000000000000000e+03 4.078000000000000000e+03 4.094000000000000000e+03 2.192450000000000000e+05 8.055400000000000000e+04
9.764493000000000000e+06 4.259000000000000000e+03 4.108000000000000000e+03 4.142000000000000000e+03 2.212420000000000000e+05 8.103300000000000000e+04
9.762351000000000000e+06 4.259000000000000000e+03 4.177000000000000000e+03 4.139000000000000000e+03 2.233180000000000000e+05 8.154800000000000000e+04
9.760239000000000000e+06 4.284000000000000000e+03 4.199000000000000000e+03 4.178000000000000000e+03 2.253440000000000000e+05 8.204500000000000000e+04
9.757995000000000000e+06 4.336000000000000000e+03 4.259000000000000000e+03 4.232000000000000000e+03 2.274220000000000000e+05 8.254200000000000000e+04
9.755801000000000000e+06 4.460000000000000000e+03 4.251000000000000000e+03 4.250000000000000000e+03 2.294820000000000000e+05 8.302300000000000000e+04
9.753719000000000000e+06 4.366000000000000000e+03 4.232000000000000000e+03 4.292000000000000000e+03 2.316350000000000000e+05 8.352100000000000000e+04
9.751581000000000000e+06 4.312000000000000000e+03 4.221000000000000000e+03 4.265000000000000000e+03 2.338650000000000000e+05 8.405000000000000000e+04
9.749390000000000000e+06 4.281000000000000000e+03 4.286000000000000000e+03 4.332000000000000000e+03 2.359550000000000000e+05 8.454000000000000000e+04
9.747141000000000000e+06 4.401000000000000000e+03 4.292000000000000000e+03 4.328000000000000000e+03 2.380820000000000000e+05 8.507100000000000000e+04
9.744998000000000000e+06 4.387000000000000000e+03 4.309000000000000000e+03 4.340000000000000000e+03 2.402100000000000000e+05 8.557900000000000000e+04
9.742804000000000000e+06 4.363000000000000000e+03 4.254000000000000000e+03 4.390000000000000000e+03 2.424330000000000000e+05 8.608700000000000000e+04
9.740610000000000000e+06 4.337000000000000000e+03 4.278000000000000000e+03 4.366000000000000000e+03 2.446530000000000000e+05 8.659500000000000000e+04
9.738356000000000000e+06 4.415000000000000000e+03 4.342000000000000000e+03 4.323000000000000000e+03 2.468080000000000000e+05 8.710400000000000000e+04
9.736125000000000000e+06 4.419000000000000000e+03 4.305000000000000000e+03 4.377000000000000000e+03 2.490180000000000000e+05 8.760900000000000000e+04
9.733916000000000000e+06 4.412000000000000000e+03 4.380000000000000000e+03 4.373000000000000000e+03 2.511630000000000000e+05 8.809800000000000000e+04
9.731699000000000000e+06 4.401000000000000000e+03 4.418000000000000000e+03 4.388000000000000000e+03 2.533380000000000000e+05 8.860700000000000000e+04
9.729396000000000000e+06 4.505000000000000000e+03 4.382000000000000000e+03 4.373000000000000000e+03 2.555880000000000000e+05 8.912300000000000000e+04
9.727178000000000000e+06 4.526000000000000000e+03 4.431000000000000000e+03 4.351000000000000000e+03 2.577580000000000000e+05 8.962600000000000000e+04
9.724941000000000000e+06 4.507000000000000000e+03 4.467000000000000000e+03 4.298000000000000000e+03 2.600310000000000000e+05 9.014500000000000000e+04
9.722671000000000000e+06 4.555000000000000000e+03 4.462000000000000000e+03 4.322000000000000000e+03 2.622340000000000000e+05 9.066800000000000000e+04
9.720404000000000000e+06 4.591000000000000000e+03 4.424000000000000000e+03 4.441000000000000000e+03 2.643840000000000000e+05 9.117300000000000000e+04
9.718140000000000000e+06 4.535000000000000000e+03 4.443000000000000000e+03 4.510000000000000000e+03 2.666160000000000000e+05 9.165600000000000000e+04
9.715877000000000000e+06 4.467000000000000000e+03 4.533000000000000000e+03 4.549000000000000000e+03 2.688180000000000000e+05 9.217900000000000000e+04
9.713509000000000000e+06 4.669000000000000000e+03 4.482000000000000000e+03 4.496000000000000000e+03 2.710880000000000000e+05 9.270600000000000000e+04
9.711234000000000000e+06 4.648000000000000000e+03 4.492000000000000000e+03 4.560000000000000000e+03 2.733100000000000000e+05 9.317700000000000000e+04
9.708973000000000000e+06 4.615000000000000000e+03 4.527000000000000000e+03 4.521000000000000000e+03 2.756080000000000000e+05 9.370700000000000000e+04
9.706674000000000000e+06 4.621000000000000000e+03 4.451000000000000000e+03 4.579000000000000000e+03 2.779190000000000000e+05 9.421300000000000000e+04
9.704430000000000000e+06 4.596000000000000000e+03 4.499000000000000000e+03 4.535000000000000000e+03 2.801840000000000000e+05 9.472200000000000000e+04
9.702150000000000000e+06 4.621000000000000000e+03 4.512000000000000000e+03 4.494000000000000000e+03 2.824670000000000000e+05 9.523600000000000000e+04
9.699814000000000000e+06 4.673000000000000000e+03 4.517000000000000000e+03 4.525000000000000000e+03 2.847150000000000000e+05 9.573700000000000000e+04
9.697513000000000000e+06 4.697000000000000000e+03 4.522000000000000000e+03 4.530000000000000000e+03 2.869820000000000000e+05 9.624200000000000000e+04
9.695203000000000000e+06 4.610000000000000000e+03 4.679000000000000000e+03 4.608000000000000000e+03 2.891440000000000000e+05 9.676500000000000000e+04
9.692833000000000000e+06 4.646000000000000000e+03 4.691000000000000000e+03 4.615000000000000000e+03 2.914590000000000000e+05 9.724800000000000000e+04
9.690481000000000000e+06 4.677000000000000000e+03 4.688000000000000000e+03 4.560000000000000000e+03 2.938380000000000000e+05 9.775500000000000000e+04
9.688131000000000000e+06 4.722000000000000000e+03 4.656000000000000000e+03 4.603000000000000000e+03 2.961320000000000000e+05 9.825400000000000000e+04
9.685721000000000000e+06 4.725000000000000000e+03 4.680000000000000000e+03 4.661000000000000000e+03 2.984570000000000000e+05 9.876900000000000000e+04
9.683366000000000000e+06 4.767000000000000000e+03 4.651000000000000000e+03 4.671000000000000000e+03 3.007890000000000000e+05 9.927200000000000000e+04
9.680970000000000000e+06 4.854000000000000000e+03 4.652000000000000000e+03 4.609000000000000000e+03 3.031590000000000000e+05 9.979300000000000000e+04
9.678538000000000000e+06 4.862000000000000000e+03 4.740000000000000000e+03 4.605000000000000000e+03 3.054990000000000000e+05 1.003100000000000000e+05
9.676146000000000000e+06 4.845000000000000000e+03 4.761000000000000000e+03 4.705000000000000000e+03 3.077870000000000000e+05 1.008080000000000000e+05
9.673705000000000000e+06 4.829000000000000000e+03 4.816000000000000000e+03 4.780000000000000000e+03 3.101140000000000000e+05 1.013380000000000000e+05
9.671328000000000000e+06 4.814000000000000000e+03 4.729000000000000000e+03 4.761000000000000000e+03 3.126120000000000000e+05 1.018560000000000000e+05
9.668841000000000000e+06 4.853000000000000000e+03 4.856000000000000000e+03 4.804000000000000000e+03 3.148900000000000000e+05 1.023600000000000000e+05
9.666334000000000000e+06 5.001000000000000000e+03 4.824000000000000000e+03 4.843000000000000000e+03 3.172420000000000000e+05 1.028590000000000000e+05
9.663973000000000000e+06 4.966000000000000000e+03 4.780000000000000000e+03 4.866000000000000000e+03 3.196590000000000000e+05 1.033760000000000000e+05
9.661521000000000000e+06 5.007000000000000000e+03 4.786000000000000000e+03 4.808000000000000000e+03 3.221220000000000000e+05 1.039030000000000000e+05
9.659125000000000000e+06 4.942000000000000000e+03 4.776000000000000000e+03 4.895000000000000000e+03 3.245060000000000000e+05 1.044510000000000000e+05
9.656693000000000000e+06 4.953000000000000000e+03 4.739000000000000000e+03 4.817000000000000000e+03 3.270420000000000000e+05 1.049730000000000000e+05
9.654318000000000000e+06 4.894000000000000000e+03 4.761000000000000000e+03 4.809000000000000000e+03 3.294620000000000000e+05 1.054960000000000000e+05
9.651937000000000000e+06 4.820000000000000000e+03 4.802000000000000000e+03 4.787000000000000000e+03 3.318980000000000000e+05 1.060210000000000000e+05
9.649498000000000000e+06 4.895000000000000000e+03 4.775000000000000000e+03 4.749000000000000000e+03 3.343270000000000000e+05 1.065430000000000000e+05
9.647003000000000000e+06 4.952000000000000000e+03 4.814000000000000000e+03 4.765000000000000000e+03 3.367100000000000000e+05 1.070820000000000000e+05
9.644627000000000000e+06 4.886000000000000000e+03 4.806000000000000000e+03 4.826000000000000000e+03 3.390990000000000000e+05 1.076380000000000000e+05
9.642235000000000000e+06 4.809000000000000000e+03 4.873000000000000000e+03 4.834000000000000000e+03 3.414930000000000000e+05 1.081910000000000000e+05
9.639699000000000000e+06 4.888000000000000000e+03 4.963000000000000000e+03 4.794000000000000000e+03 3.439000000000000000e+05 1.086840000000000000e+05
9.637201000000000000e+06 4.937000000000000000e+03 4.914000000000000000e+03 4.815000000000000000e+03 3.463770000000000000e+05 1.092210000000000000e+05
9.634654000000000000e+06 5.030000000000000000e+03 4.915000000000000000e+03 4.787000000000000000e+03 3.488580000000000000e+05 1.097480000000000000e+05
9.632127000000000000e+06 5.078000000000000000e+03 4.915000000000000000e+03 4.830000000000000000e+03 3.512940000000000000e+05 1.102660000000000000e+05
9.629578000000000000e+06 5.064000000000000000e+03 4.997000000000000000e+03 4.927000000000000000e+03 3.536780000000000000e+05 1.108110000000000000e+05
9.627085000000000000e+06 5.082000000000000000e+03 5.037000000000000000e+03 4.951000000000000000e+03 3.560890000000000000e+05 1.113510000000000000e+05
9.624447000000000000e+06 5.191000000000000000e+03 5.078000000000000000e+03 5.002000000000000000e+03 3.585260000000000000e+05 1.118640000000000000e+05
9.621871000000000000e+06 5.185000000000000000e+03 5.129000000000000000e+03 5.087000000000000000e+03 3.609720000000000000e+05 1.123780000000000000e+05
9.619231000000000000e+06 5.202000000000000000e+03 5.220000000000000000e+03 5.079000000000000000e+03 3.635120000000000000e+05 1.129180000000000000e+05
9.616535000000000000e+06 5.337000000000000000e+03 5.218000000000000000e+03 5.135000000000000000e+03 3.660190000000000000e+05 1.134460000000000000e+05
9.613969000000000000e+06 5.341000000000000000e+03 5.127000000000000000e+03 5.169000000000000000e+03 3.686380000000000000e+05 1.139790000000000000e+05
9.611397000000000000e+06 5.310000000000000000e+03 5.134000000000000000e+03 5.162000000000000000e+03 3.712410000000000000e+05 1.144930000000000000e+05
9.608802000000000000e+06 5.246000000000000000e+03 5.264000000000000000e+03 5.130000000000000000e+03 3.738020000000000000e+05 1.150280000000000000e+05
9.606149000000000000e+06 5.235000000000000000e+03 5.290000000000000000e+03 5.256000000000000000e+03 3.763140000000000000e+05 1.155430000000000000e+05
9.603398000000000000e+06 5.398000000000000000e+03 5.215000000000000000e+03 5.281000000000000000e+03 3.789520000000000000e+05 1.160810000000000000e+05
9.600655000000000000e+06 5.408000000000000000e+03 5.262000000000000000e+03 5.336000000000000000e+03 3.815830000000000000e+05 1.166420000000000000e+05
9.597938000000000000e+06 5.399000000000000000e+03 5.267000000000000000e+03 5.399000000000000000e+03 3.842410000000000000e+05 1.171830000000000000e+05
9.595260000000000000e+06 5.462000000000000000e+03 5.303000000000000000e+03 5.333000000000000000e+03 3.868860000000000000e+05 1.177140000000000000e+05
9.592583000000000000e+06 5.452000000000000000e+03 5.321000000000000000e+03 5.371000000000000000e+03 3.895170000000000000e+05 1.182490000000000000e+05
9.589917000000000000e+06 5.403000000000000000e+03 5.373000000000000000e+03 5.381000000000000000e+03 3.921700000000000000e+05 1.187880000000000000e+05
9.587241000000000000e+06 5.405000000000000000e+03 5.325000000000000000e+03 5.447000000000000000e+03 3.948260000000000000e+05 1.193150000000000000e+05
9.584584000000000000e+06 5.420000000000000000e+03 5.307000000000000000e+03 5.433000000000000000e+03 3.975000000000000000e+05 1.198420000000000000e+05
9.581897000000000000e+06 5.428000000000000000e+03 5.346000000000000000e+03 5.316000000000000000e+03 4.002570000000000000e+05 1.203770000000000000e+05
9.579181000000000000e+06 5.488000000000000000e+03 5.339000000000000000e+03 5.331000000000000000e+03 4.029050000000000000e+05 1.209110000000000000e+05
9.576495000000000000e+06 5.465000000000000000e+03 5.387000000000000000e+03 5.347000000000000000e+03 4.055500000000000000e+05 1.214450000000000000e+05
9.573789000000000000e+06 5.449000000000000000e+03 5.394000000000000000e+03 5.368000000000000000e+03 4.082440000000000000e+05 1.220010000000000000e+05
9.571047000000000000e+06 5.416000000000000000e+03 5.425000000000000000e+03 5.411000000000000000e+03 4.109450000000000000e+05 1.225390000000000000e+05
9.568293000000000000e+06 5.505000000000000000e+03 5.470000000000000000e+03 5.359000000000000000e+03 4.136170000000000000e+05 1.230940000000000000e+05
9.565540000000000000e+06 5.466000000000000000e+03 5.464000000000000000e+03 5.461000000000000000e+03 4.163130000000000000e+05 1.236540000000000000e+05
9.562767000000000000e+06 5.460000000000000000e+03 5.488000000000000000e+03 5.495000000000000000e+03 4.190340000000000000e+05 1.241670000000000000e+05
9.560053000000000000e+06 5.479000000000000000e+03 5.460000000000000000e+03 5.505000000000000000e+03 4.217470000000000000e+05 1.247120000000000000e+05
9.557265000000000000e+06 5.533000000000000000e+03 5.440000000000000000e+03 5.521000000000000000e+03 4.244850000000000000e+05 1.252480000000000000e+05
9.554563000000000000e+06 5.564000000000000000e+03 5.439000000000000000e+03 5.494000000000000000e+03 4.271840000000000000e+05 1.257720000000000000e+05
9.551800000000000000e+06 5.603000000000000000e+03 5.406000000000000000e+03 5.415000000000000000e+03 4.300200000000000000e+05 1.262880000000000000e+05
9.549029000000000000e+06 5.588000000000000000e+03 5.381000000000000000e+03 5.492000000000000000e+03 4.327540000000000000e+05 1.268180000000000000e+05
9.546350000000000000e+06 5.527000000000000000e+03 5.347000000000000000e+03 5.459000000000000000e+03 4.355610000000000000e+05 1.273590000000000000e+05
9.543617000000000000e+06 5.540000000000000000e+03 5.414000000000000000e+03 5.455000000000000000e+03 4.382180000000000000e+05 1.278770000000000000e+05
9.540889000000000000e+06 5.535000000000000000e+03 5.460000000000000000e+03 5.453000000000000000e+03 4.409070000000000000e+05 1.284190000000000000e+05
9.538260000000000000e+06 5.403000000000000000e+03 5.488000000000000000e+03 5.442000000000000000e+03 4.436510000000000000e+05 1.289660000000000000e+05
9.535504000000000000e+06 5.450000000000000000e+03 5.411000000000000000e+03 5.503000000000000000e+03 4.463760000000000000e+05 1.295210000000000000e+05
9.532887000000000000e+06 5.295000000000000000e+03 5.401000000000000000e+03 5.500000000000000000e+03 4.491610000000000000e+05 1.300260000000000000e+05
9.530154000000000000e+06 5.426000000000000000e+03 5.353000000000000000e+03 5.463000000000000000e+03 4.518480000000000000e+05 1.305470000000000000e+05
9.527470000000000000e+06 5.350000000000000000e+03 5.435000000000000000e+03 5.440000000000000000e+03 4.545490000000000000e+05 1.310960000000000000e+05
9.524692000000000000e+06 5.421000000000000000e+03 5.417000000000000000e+03 5.403000000000000000e+03 4.573110000000000000e+05 1.316220000000000000e+05
9.521995000000000000e+06 5.455000000000000000e+03 5.349000000000000000e+03 5.387000000000000000e+03 4.600580000000000000e+05 1.321900000000000000e+05
9.519290000000000000e+06 5.483000000000000000e+03 5.350000000000000000e+03 5.387000000000000000e+03 4.627340000000000000e+05 1.327090000000000000e+05
9.516628000000000000e+06 5.515000000000000000e+03 5.374000000000000000e+03 5.323000000000000000e+03 4.654040000000000000e+05 1.332790000000000000e+05
9.513822000000000000e+06 5.551000000000000000e+03 5.452000000000000000e+03 5.368000000000000000e+03 4.680510000000000000e+05 1.338160000000000000e+05
9.511052000000000000e+06 5.594000000000000000e+03 5.447000000000000000e+03 5.379000000000000000e+03 4.707720000000000000e+05 1.343680000000000000e+05
9.508288000000000000e+06 5.632000000000000000e+03 5.436000000000000000e+03 5.439000000000000000e+03 4.734490000000000000e+05 1.349180000000000000e+05
9.505513000000000000e+06 5.588000000000000000e+03 5.510000000000000000e+03 5.464000000000000000e+03 4.761690000000000000e+05 1.354560000000000000e+05
9.502762000000000000e+06 5.604000000000000000e+03 5.477000000000000000e+03 5.449000000000000000e+03 4.789520000000000000e+05 1.360190000000000000e+05
9.499922000000000000e+06 5.646000000000000000e+03 5.565000000000000000e+03 5.441000000000000000e+03 4.816700000000000000e+05 1.365740000000000000e+05
9.497153000000000000e+06 5.585000000000000000e+03 5.602000000000000000e+03 5.517000000000000000e+03 4.843870000000000000e+05 1.371300000000000000e+05
9.494332000000000000e+06 5.544000000000000000e+03 5.730000000000000000e+03 5.485000000000000000e+03 4.871530000000000000e+05 1.376640000000000000e+05
9.491484000000000000e+06 5.657000000000000000e+03 5.672000000000000000e+03 5.520000000000000000e+03 4.899110000000000000e+05 1.382250000000000000e+05
9.488547000000000000e+06 5.757000000000000000e+03 5.675000000000000000e+03 5.570000000000000000e+03 4.926950000000000000e+05 1.387690000000000000e+05
9.485668000000000000e+06 5.836000000000000000e+03 5.600000000000000000e+03 5.649000000000000000e+03 4.954910000000000000e+05 1.393610000000000000e+05
9.482893000000000000e+06 5.756000000000000000e+03 5.551000000000000000e+03 5.743000000000000000e+03 4.983010000000000000e+05 1.399170000000000000e+05
9.480184000000000000e+06 5.596000000000000000e+03 5.563000000000000000e+03 5.684000000000000000e+03 5.012170000000000000e+05 1.404710000000000000e+05
9.477341000000000000e+06 5.643000000000000000e+03 5.569000000000000000e+03 5.675000000000000000e+03 5.040160000000000000e+05 1.410330000000000000e+05
9.474528000000000000e+06 5.637000000000000000e+03 5.622000000000000000e+03 5.678000000000000000e+03 5.067790000000000000e+05 1.415930000000000000e+05
9.471616000000000000e+06 5.735000000000000000e+03 5.645000000000000000e+03 5.638000000000000000e+03 5.096100000000000000e+05 1.421290000000000000e+05
9.468794000000000000e+06 5.692000000000000000e+03 5.656000000000000000e+03 5.693000000000000000e+03 5.124090000000000000e+05 1.426790000000000000e+05
9.465957000000000000e+06 5.661000000000000000e+03 5.660000000000000000e+03 5.701000000000000000e+03 5.152650000000000000e+05 1.432420000000000000e+05
9.463096000000000000e+06 5.687000000000000000e+03 5.651000000000000000e+03 5.709000000000000000e+03 5.181010000000000000e+05 1.437890000000000000e+05
9.460329000000000000e+06 5.620000000000000000e+03 5.581000000000000000e+03 5.706000000000000000e+03 5.210080000000000000e+05 1.443810000000000000e+05
9.457482000000000000e+06 5.665000000000000000e+03 5.604000000000000000e+03 5.673000000000000000e+03 5.238200000000000000e+05 1.449400000000000000e+05
9.454797000000000000e+06 5.535000000000000000e+03 5.524000000000000000e+03 5.651000000000000000e+03 5.267370000000000000e+05 1.455060000000000000e+05
9.451973000000000000e+06 5.564000000000000000e+03 5.480000000000000000e+03 5.695000000000000000e+03 5.295320000000000000e+05 1.460540000000000000e+05
9.449239000000000000e+06 5.559000000000000000e+03 5.448000000000000000e+03 5.642000000000000000e+03 5.323560000000000000e+05 1.466020000000000000e+05
9.446497000000000000e+06 5.563000000000000000e+03 5.411000000000000000e+03 5.666000000000000000e+03 5.351070000000000000e+05 1.471750000000000000e+05
9.443851000000000000e+06 5.447000000000000000e+03 5.482000000000000000e+03 5.620000000000000000e+03 5.378440000000000000e+05 1.477160000000000000e+05
9.441166000000000000e+06 5.406000000000000000e+03 5.495000000000000000e+03 5.545000000000000000e+03 5.406320000000000000e+05 1.482700000000000000e+05
9.438388000000000000e+06 5.498000000000000000e+03 5.387000000000000000e+03 5.537000000000000000e+03 5.434340000000000000e+05 1.488140000000000000e+05
9.435731000000000000e+06 5.444000000000000000e+03 5.467000000000000000e+03 5.469000000000000000e+03 5.461330000000000000e+05 1.493640000000000000e+05
9.432979000000000000e+06 5.496000000000000000e+03 5.426000000000000000e+03 5.435000000000000000e+03 5.489080000000000000e+05 1.499090000000000000e+05
9.430288000000000000e+06 5.546000000000000000e+03 5.430000000000000000e+03 5.324000000000000000e+03 5.516560000000000000e+05 1.504670000000000000e+05
9.427678000000000000e+06 5.430000000000000000e+03 5.411000000000000000e+03 5.344000000000000000e+03 5.543810000000000000e+05 1.510060000000000000e+05
9.425041000000000000e+06 5.387000000000000000e+03 5.395000000000000000e+03 5.342000000000000000e+03 5.570790000000000000e+05 1.515510000000000000e+05
9.422332000000000000e+06 5.476000000000000000e+03 5.310000000000000000e+03 5.327000000000000000e+03 5.597990000000000000e+05 1.521130000000000000e+05
9.419702000000000000e+06 5.397000000000000000e+03 5.319000000000000000e+03 5.331000000000000000e+03 5.624950000000000000e+05 1.526820000000000000e+05
9.417076000000000000e+06 5.337000000000000000e+03 5.287000000000000000e+03 5.387000000000000000e+03 5.651570000000000000e+05 1.532480000000000000e+05
9.414475000000000000e+06 5.322000000000000000e+03 5.308000000000000000e+03 5.371000000000000000e+03 5.677680000000000000e+05 1.537990000000000000e+05
9.411836000000000000e+06 5.315000000000000000e+03 5.275000000000000000e+03 5.364000000000000000e+03 5.704540000000000000e+05 1.543540000000000000e+05
9.409194000000000000e+06 5.345000000000000000e+03 5.186000000000000000e+03 5.400000000000000000e+03 5.731190000000000000e+05 1.548960000000000000e+05
9.406646000000000000e+06 5.199000000000000000e+03 5.238000000000000000e+03 5.385000000000000000e+03 5.757760000000000000e+05 1.554310000000000000e+05
9.404127000000000000e+06 5.208000000000000000e+03 5.227000000000000000e+03 5.301000000000000000e+03 5.783810000000000000e+05 1.559860000000000000e+05
9.401504000000000000e+06 5.265000000000000000e+03 5.157000000000000000e+03 5.303000000000000000e+03 5.810150000000000000e+05 1.565160000000000000e+05
9.398988000000000000e+06 5.170000000000000000e+03 5.171000000000000000e+03 5.279000000000000000e+03 5.836360000000000000e+05 1.570580000000000000e+05
9.396381000000000000e+06 5.197000000000000000e+03 5.152000000000000000e+03 5.219000000000000000e+03 5.862950000000000000e+05 1.576150000000000000e+05
9.393805000000000000e+06 5.274000000000000000e+03 5.162000000000000000e+03 5.168000000000000000e+03 5.888350000000000000e+05 1.581750000000000000e+05
9.391269000000000000e+06 5.193000000000000000e+03 5.168000000000000000e+03 5.178000000000000000e+03 5.914360000000000000e+05 1.587370000000000000e+05
9.388702000000000000e+06 5.137000000000000000e+03 5.158000000000000000e+03 5.254000000000000000e+03 5.939930000000000000e+05 1.593260000000000000e+05
9.386184000000000000e+06 5.147000000000000000e+03 5.186000000000000000e+03 5.230000000000000000e+03 5.964970000000000000e+05 1.598980000000000000e+05
9.383607000000000000e+06 5.153000000000000000e+03 5.195000000000000000e+03 5.152000000000000000e+03 5.991370000000000000e+05 1.604290000000000000e+05
9.381052000000000000e+06 5.155000000000000000e+03 5.213000000000000000e+03 5.066000000000000000e+03 6.017580000000000000e+05 1.610000000000000000e+05
9.378441000000000000e+06 5.177000000000000000e+03 5.215000000000000000e+03 5.065000000000000000e+03 6.043460000000000000e+05 1.615560000000000000e+05
9.375925000000000000e+06 5.089000000000000000e+03 5.222000000000000000e+03 5.088000000000000000e+03 6.069200000000000000e+05 1.621100000000000000e+05
9.373260000000000000e+06 5.139000000000000000e+03 5.280000000000000000e+03 5.120000000000000000e+03 6.094450000000000000e+05 1.626680000000000000e+05
9.370633000000000000e+06 5.266000000000000000e+03 5.251000000000000000e+03 5.130000000000000000e+03 6.119640000000000000e+05 1.632150000000000000e+05
9.368047000000000000e+06 5.267000000000000000e+03 5.293000000000000000e+03 5.035000000000000000e+03 6.146020000000000000e+05 1.637700000000000000e+05
9.365439000000000000e+06 5.268000000000000000e+03 5.248000000000000000e+03 5.088000000000000000e+03 6.172010000000000000e+05 1.643170000000000000e+05
9.362853000000000000e+06 5.178000000000000000e+03 5.331000000000000000e+03 5.160000000000000000e+03 6.197220000000000000e+05 1.648690000000000000e+05
9.360216000000000000e+06 5.279000000000000000e+03 5.324000000000000000e+03 5.125000000000000000e+03 6.223000000000000000e+05 1.654260000000000000e+05
9.357580000000000000e+06 5.340000000000000000e+03 5.197000000000000000e+03 5.177000000000000000e+03 6.249500000000000000e+05 1.659950000000000000e+05
9.355025000000000000e+06 5.267000000000000000e+03 5.162000000000000000e+03 5.221000000000000000e+03 6.275690000000000000e+05 1.665400000000000000e+05
9.352462000000000000e+06 5.250000000000000000e+03 5.214000000000000000e+03 5.132000000000000000e+03 6.301860000000000000e+05 1.670980000000000000e+05
9.349955000000000000e+06 5.211000000000000000e+03 5.142000000000000000e+03 5.123000000000000000e+03 6.328130000000000000e+05 1.676350000000000000e+05
9.347406000000000000e+06 5.217000000000000000e+03 5.136000000000000000e+03 5.076000000000000000e+03 6.354090000000000000e+05 1.681650000000000000e+05
9.344900000000000000e+06 5.160000000000000000e+03 5.131000000000000000e+03 5.056000000000000000e+03 6.379970000000000000e+05 1.687150000000000000e+05
9.342348000000000000e+06 5.155000000000000000e+03 5.127000000000000000e+03 5.115000000000000000e+03 6.404990000000000000e+05 1.692910000000000000e+05
9.339862000000000000e+06 5.099000000000000000e+03 5.154000000000000000e+03 5.083000000000000000e+03 6.430460000000000000e+05 1.698320000000000000e+05
9.337349000000000000e+06 5.053000000000000000e+03 5.087000000000000000e+03 5.080000000000000000e+03 6.456750000000000000e+05 1.704030000000000000e+05
9.334881000000000000e+06 5.039000000000000000e+03 5.017000000000000000e+03 5.084000000000000000e+03 6.482230000000000000e+05 1.709460000000000000e+05
9.332410000000000000e+06 4.897000000000000000e+03 5.132000000000000000e+03 5.090000000000000000e+03 6.507150000000000000e+05 1.714950000000000000e+05
9.329857000000000000e+06 4.984000000000000000e+03 5.047000000000000000e+03 5.058000000000000000e+03 6.532980000000000000e+05 1.720560000000000000e+05
9.327270000000000000e+06 5.086000000000000000e+03 4.996000000000000000e+03 5.074000000000000000e+03 6.558180000000000000e+05 1.726270000000000000e+05
9.324825000000000000e+06 5.094000000000000000e+03 4.924000000000000000e+03 4.962000000000000000e+03 6.584390000000000000e+05 1.731690000000000000e+05
9.322387000000000000e+06 5.034000000000000000e+03 4.904000000000000000e+03 4.962000000000000000e+03 6.609570000000000000e+05 1.737160000000000000e+05
9.320057000000000000e+06 4.932000000000000000e+03 4.835000000000000000e+03 4.892000000000000000e+03 6.635280000000000000e+05 1.742910000000000000e+05
9.317678000000000000e+06 4.844000000000000000e+03 4.816000000000000000e+03 4.925000000000000000e+03 6.659810000000000000e+05 1.748590000000000000e+05
9.315275000000000000e+06 4.830000000000000000e+03 4.874000000000000000e+03 4.872000000000000000e+03 6.683930000000000000e+05 1.754030000000000000e+05
9.312809000000000000e+06 4.850000000000000000e+03 4.845000000000000000e+03 4.838000000000000000e+03 6.709020000000000000e+05 1.759820000000000000e+05
9.310368000000000000e+06 4.884000000000000000e+03 4.776000000000000000e+03 4.850000000000000000e+03 6.733660000000000000e+05 1.765630000000000000e+05
9.308051000000000000e+06 4.916000000000000000e+03 4.671000000000000000e+03 4.739000000000000000e+03 6.758670000000000000e+05 1.771360000000000000e+05
9.305727000000000000e+06 4.811000000000000000e+03 4.722000000000000000e+03 4.742000000000000000e+03 6.782420000000000000e+05 1.776850000000000000e+05
9.303436000000000000e+06 4.771000000000000000e+03 4.725000000000000000e+03 4.706000000000000000e+03 6.806060000000000000e+05 1.782250000000000000e+05
9.301056000000000000e+06 4.894000000000000000e+03 4.652000000000000000e+03 4.686000000000000000e+03 6.829560000000000000e+05 1.787840000000000000e+05
9.298843000000000000e+06 4.732000000000000000e+03 4.686000000000000000e+03 4.649000000000000000e+03 6.853340000000000000e+05 1.793500000000000000e+05
9.296509000000000000e+06 4.747000000000000000e+03 4.714000000000000000e+03 4.575000000000000000e+03 6.876990000000000000e+05 1.798960000000000000e+05
9.294173000000000000e+06 4.709000000000000000e+03 4.740000000000000000e+03 4.582000000000000000e+03 6.900400000000000000e+05 1.804520000000000000e+05
9.291831000000000000e+06 4.718000000000000000e+03 4.741000000000000000e+03 4.579000000000000000e+03 6.923750000000000000e+05 1.810080000000000000e+05
9.289472000000000000e+06 4.732000000000000000e+03 4.739000000000000000e+03 4.649000000000000000e+03 6.946520000000000000e+05 1.815970000000000000e+05
9.287203000000000000e+06 4.684000000000000000e+03 4.668000000000000000e+03 4.676000000000000000e+03 6.970130000000000000e+05 1.821600000000000000e+05
9.284996000000000000e+06 4.555000000000000000e+03 4.659000000000000000e+03 4.696000000000000000e+03 6.993380000000000000e+05 1.827080000000000000e+05
9.282789000000000000e+06 4.515000000000000000e+03 4.712000000000000000e+03 4.582000000000000000e+03 7.016460000000000000e+05 1.832920000000000000e+05
9.280430000000000000e+06 4.578000000000000000e+03 4.689000000000000000e+03 4.517000000000000000e+03 7.040300000000000000e+05 1.838460000000000000e+05
9.278096000000000000e+06 4.670000000000000000e+03 4.670000000000000000e+03 4.483000000000000000e+03 7.063250000000000000e+05 1.844250000000000000e+05
9.275943000000000000e+06 4.488000000000000000e+03 4.648000000000000000e+03 4.595000000000000000e+03 7.085700000000000000e+05 1.849980000000000000e+05
9.273727000000000000e+06 4.411000000000000000e+03 4.643000000000000000e+03 4.592000000000000000e+03 7.108710000000000000e+05 1.855630000000000000e+05
9.271476000000000000e+06 4.400000000000000000e+03 4.642000000000000000e+03 4.522000000000000000e+03 7.132040000000000000e+05 1.861450000000000000e+05
9.269225000000000000e+06 4.417000000000000000e+03 4.598000000000000000e+03 4.509000000000000000e+03 7.154950000000000000e+05 1.867020000000000000e+05
9.266957000000000000e+06 4.604000000000000000e+03 4.490000000000000000e+03 4.406000000000000000e+03 7.177870000000000000e+05 1.872660000000000000e+05
9.264753000000000000e+06 4.510000000000000000e+03 4.513000000000000000e+03 4.408000000000000000e+03 7.200600000000000000e+05 1.878140000000000000e+05
9.262558000000000000e+06 4.464000000000000000e+03 4.466000000000000000e+03 4.467000000000000000e+03 7.222890000000000000e+05 1.883670000000000000e+05
9.260310000000000000e+06 4.483000000000000000e+03 4.461000000000000000e+03 4.512000000000000000e+03 7.244780000000000000e+05 1.889330000000000000e+05
9.258158000000000000e+06 4.392000000000000000e+03 4.481000000000000000e+03 4.527000000000000000e+03 7.266860000000000000e+05 1.894800000000000000e+05
9.255950000000000000e+06 4.408000000000000000e+03 4.440000000000000000e+03 4.498000000000000000e+03 7.289480000000000000e+05 1.900260000000000000e+05
9.253779000000000000e+06 4.439000000000000000e+03 4.431000000000000000e+03 4.462000000000000000e+03 7.311330000000000000e+05 1.905670000000000000e+05
9.251629000000000000e+06 4.379000000000000000e+03 4.397000000000000000e+03 4.485000000000000000e+03 7.333540000000000000e+05 1.911010000000000000e+05
9.249532000000000000e+06 4.229000000000000000e+03 4.464000000000000000e+03 4.469000000000000000e+03 7.355500000000000000e+05 1.916620000000000000e+05
9.247310000000000000e+06 4.298000000000000000e+03 4.400000000000000000e+03 4.422000000000000000e+03 7.378140000000000000e+05 1.922050000000000000e+05
9.245250000000000000e+06 4.233000000000000000e+03 4.338000000000000000e+03 4.400000000000000000e+03 7.400230000000000000e+05 1.927850000000000000e+05
9.243169000000000000e+06 4.220000000000000000e+03 4.293000000000000000e+03 4.284000000000000000e+03 7.422780000000000000e+05 1.933530000000000000e+05
9.241059000000000000e+06 4.197000000000000000e+03 4.248000000000000000e+03 4.270000000000000000e+03 7.444700000000000000e+05 1.938920000000000000e+05
9.238969000000000000e+06 4.206000000000000000e+03 4.152000000000000000e+03 4.311000000000000000e+03 7.466060000000000000e+05 1.944430000000000000e+05
9.236952000000000000e+06 4.157000000000000000e+03 4.130000000000000000e+03 4.251000000000000000e+03 7.487540000000000000e+05 1.949820000000000000e+05
9.234909000000000000e+06 4.057000000000000000e+03 4.140000000000000000e+03 4.265000000000000000e+03 7.508730000000000000e+05 1.955220000000000000e+05
9.232880000000000000e+06 3.970000000000000000e+03 4.157000000000000000e+03 4.315000000000000000e+03 7.529220000000000000e+05 1.960960000000000000e+05
9.230909000000000000e+06 3.990000000000000000e+03 4.089000000000000000e+03 4.264000000000000000e+03 7.549920000000000000e+05 1.966800000000000000e+05
9.228919000000000000e+06 3.997000000000000000e+03 4.041000000000000000e+03 4.150000000000000000e+03 7.571370000000000000e+05 1.972230000000000000e+05
9.226930000000000000e+06 3.968000000000000000e+03 4.051000000000000000e+03 4.116000000000000000e+03 7.591790000000000000e+05 1.977900000000000000e+05
9.224973000000000000e+06 3.903000000000000000e+03 4.053000000000000000e+03 4.137000000000000000e+03 7.611780000000000000e+05 1.983750000000000000e+05
9.223039000000000000e+06 3.901000000000000000e+03 4.114000000000000000e+03 3.998000000000000000e+03 7.631920000000000000e+05 1.989110000000000000e+05
9.221040000000000000e+06 3.966000000000000000e+03 4.063000000000000000e+03 3.939000000000000000e+03 7.652360000000000000e+05 1.994630000000000000e+05
9.219138000000000000e+06 3.854000000000000000e+03 4.039000000000000000e+03 3.911000000000000000e+03 7.673020000000000000e+05 1.999920000000000000e+05
9.217117000000000000e+06 3.913000000000000000e+03 4.004000000000000000e+03 3.885000000000000000e+03 7.693250000000000000e+05 2.005500000000000000e+05
9.215225000000000000e+06 3.915000000000000000e+03 3.908000000000000000e+03 3.874000000000000000e+03 7.713220000000000000e+05 2.011060000000000000e+05
9.213325000000000000e+06 3.897000000000000000e+03 3.962000000000000000e+03 3.829000000000000000e+03 7.732310000000000000e+05 2.016600000000000000e+05
9.211382000000000000e+06 3.896000000000000000e+03 4.048000000000000000e+03 3.763000000000000000e+03 7.751550000000000000e+05 2.022170000000000000e+05
9.209455000000000000e+06 3.835000000000000000e+03 4.012000000000000000e+03 3.785000000000000000e+03 7.771570000000000000e+05 2.027530000000000000e+05
9.207550000000000000e+06 3.887000000000000000e+03 3.984000000000000000e+03 3.799000000000000000e+03 7.790240000000000000e+05 2.033050000000000000e+05
9.205606000000000000e+06 3.895000000000000000e+03 3.981000000000000000e+03 3.813000000000000000e+03 7.809490000000000000e+05 2.038580000000000000e+05
9.203665000000000000e+06 3.916000000000000000e+03 3.927000000000000000e+03 3.827000000000000000e+03 7.829090000000000000e+05 2.044190000000000000e+05
9.201776000000000000e+06 3.894000000000000000e+03 3.849000000000000000e+03 3.782000000000000000e+03 7.849430000000000000e+05 2.049820000000000000e+05
9.199989000000000000e+06 3.785000000000000000e+03 3.819000000000000000e+03 3.808000000000000000e+03 7.868430000000000000e+05 2.055210000000000000e+05
9.198122000000000000e+06 3.709000000000000000e+03 3.859000000000000000e+03 3.787000000000000000e+03 7.887670000000000000e+05 2.060640000000000000e+05
9.196231000000000000e+06 3.730000000000000000e+03 3.818000000000000000e+03 3.719000000000000000e+03 7.907460000000000000e+05 2.066010000000000000e+05
9.194330000000000000e+06 3.805000000000000000e+03 3.819000000000000000e+03 3.661000000000000000e+03 7.926290000000000000e+05 2.071570000000000000e+05
9.192453000000000000e+06 3.807000000000000000e+03 3.833000000000000000e+03 3.604000000000000000e+03 7.945470000000000000e+05 2.076930000000000000e+05
9.190569000000000000e+06 3.820000000000000000e+03 3.799000000000000000e+03 3.643000000000000000e+03 7.964130000000000000e+05 2.082600000000000000e+05
9.188719000000000000e+06 3.758000000000000000e+03 3.803000000000000000e+03 3.677000000000000000e+03 7.982870000000000000e+05 2.087910000000000000e+05
9.186850000000000000e+06 3.763000000000000000e+03 3.806000000000000000e+03 3.694000000000000000e+03 8.001310000000000000e+05 2.093300000000000000e+05
9.185004000000000000e+06 3.739000000000000000e+03 3.778000000000000000e+03 3.680000000000000000e+03 8.020430000000000000e+05 2.099170000000000000e+05
9.183165000000000000e+06 3.771000000000000000e+03 3.699000000000000000e+03 3.676000000000000000e+03 8.039330000000000000e+05 2.104750000000000000e+05
9.181418000000000000e+06 3.706000000000000000e+03 3.722000000000000000e+03 3.609000000000000000e+03 8.057890000000000000e+05 2.110340000000000000e+05
9.179581000000000000e+06 3.708000000000000000e+03 3.676000000000000000e+03 3.641000000000000000e+03 8.076380000000000000e+05 2.116050000000000000e+05
9.177822000000000000e+06 3.628000000000000000e+03 3.714000000000000000e+03 3.608000000000000000e+03 8.094720000000000000e+05 2.121410000000000000e+05
9.175975000000000000e+06 3.612000000000000000e+03 3.739000000000000000e+03 3.581000000000000000e+03 8.113370000000000000e+05 2.126530000000000000e+05
9.174188000000000000e+06 3.600000000000000000e+03 3.668000000000000000e+03 3.614000000000000000e+03 8.131740000000000000e+05 2.132090000000000000e+05
9.172444000000000000e+06 3.587000000000000000e+03 3.619000000000000000e+03 3.598000000000000000e+03 8.149960000000000000e+05 2.137430000000000000e+05
9.170643000000000000e+06 3.548000000000000000e+03 3.641000000000000000e+03 3.648000000000000000e+03 8.167640000000000000e+05 2.142690000000000000e+05
9.168861000000000000e+06 3.629000000000000000e+03 3.572000000000000000e+03 3.589000000000000000e+03 8.185930000000000000e+05 2.148130000000000000e+05
9.167186000000000000e+06 3.632000000000000000e+03 3.407000000000000000e+03 3.557000000000000000e+03 8.204620000000000000e+05 2.153640000000000000e+05
9.165556000000000000e+06 3.545000000000000000e+03 3.383000000000000000e+03 3.562000000000000000e+03 8.221980000000000000e+05 2.159290000000000000e+05
9.163928000000000000e+06 3.440000000000000000e+03 3.417000000000000000e+03 3.500000000000000000e+03 8.239590000000000000e+05 2.164650000000000000e+05
9.162264000000000000e+06 3.422000000000000000e+03 3.406000000000000000e+03 3.455000000000000000e+03 8.256970000000000000e+05 2.170180000000000000e+05
9.160551000000000000e+06 3.413000000000000000e+03 3.413000000000000000e+03 3.453000000000000000e+03 8.274140000000000000e+05 2.175860000000000000e+05
9.158882000000000000e+06 3.407000000000000000e+03 3.388000000000000000e+03 3.432000000000000000e+03 8.291350000000000000e+05 2.181360000000000000e+05
9.157207000000000000e+06 3.405000000000000000e+03 3.364000000000000000e+03 3.429000000000000000e+03 8.308390000000000000e+05 2.186980000000000000e+05
9.155569000000000000e+06 3.341000000000000000e+03 3.353000000000000000e+03 3.435000000000000000e+03 8.325460000000000000e+05 2.192240000000000000e+05
9.153986000000000000e+06 3.293000000000000000e+03 3.321000000000000000e+03 3.389000000000000000e+03 8.342550000000000000e+05 2.197700000000000000e+05
9.152372000000000000e+06 3.258000000000000000e+03 3.321000000000000000e+03 3.346000000000000000e+03 8.359470000000000000e+05 2.203140000000000000e+05
9.150712000000000000e+06 3.291000000000000000e+03 3.287000000000000000e+03 3.329000000000000000e+03 8.376250000000000000e+05 2.208330000000000000e+05
9.149177000000000000e+06 3.191000000000000000e+03 3.273000000000000000e+03 3.309000000000000000e+03 8.392940000000000000e+05 2.213780000000000000e+05
9.147588000000000000e+06 3.153000000000000000e+03 3.265000000000000000e+03 3.287000000000000000e+03 8.409510000000000000e+05 2.219070000000000000e+05
9.146021000000000000e+06 3.167000000000000000e+03 3.206000000000000000e+03 3.222000000000000000e+03 8.426280000000000000e+05 2.224800000000000000e+05
9.144514000000000000e+06 3.097000000000000000e+03 3.216000000000000000e+03 3.163000000000000000e+03 8.442540000000000000e+05 2.230340000000000000e+05
9.142948000000000000e+06 3.163000000000000000e+03 3.157000000000000000e+03 3.100000000000000000e+03 8.458760000000000000e+05 2.235700000000000000e+05
9.141391000000000000e+06 3.124000000000000000e+03 3.121000000000000000e+03 3.140000000000000000e+03 8.474680000000000000e+05 2.241070000000000000e+05
9.139826000000000000e+06 3.118000000000000000e+03 3.143000000000000000e+03 3.110000000000000000e+03 8.490470000000000000e+05 2.246480000000000000e+05
9.138310000000000000e+06 3.087000000000000000e+03 3.176000000000000000e+03 3.059000000000000000e+03 8.506120000000000000e+05 2.252000000000000000e+05
9.136776000000000000e+06 3.105000000000000000e+03 3.129000000000000000e+03 3.015000000000000000e+03 8.522190000000000000e+05 2.257530000000000000e+05
9.135182000000000000e+06 3.141000000000000000e+03 3.133000000000000000e+03 3.066000000000000000e+03 8.537220000000000000e+05 2.263100000000000000e+05
9.133656000000000000e+06 3.109000000000000000e+03 3.150000000000000000e+03 3.041000000000000000e+03 8.552880000000000000e+05 2.268820000000000000e+05
9.132191000000000000e+06 3.075000000000000000e+03 3.171000000000000000e+03 2.956000000000000000e+03 8.568510000000000000e+05 2.274380000000000000e+05
9.130698000000000000e+06 2.975000000000000000e+03 3.213000000000000000e+03 2.998000000000000000e+03 8.583600000000000000e+05 2.279810000000000000e+05
9.129100000000000000e+06 2.994000000000000000e+03 3.150000000000000000e+03 3.092000000000000000e+03 8.599080000000000000e+05 2.285180000000000000e+05
9.127575000000000000e+06 3.026000000000000000e+03 3.078000000000000000e+03 3.074000000000000000e+03 8.614910000000000000e+05 2.290620000000000000e+05
9.126132000000000000e+06 3.016000000000000000e+03 3.059000000000000000e+03 3.007000000000000000e+03 8.630300000000000000e+05 2.296270000000000000e+05
9.124701000000000000e+06 2.991000000000000000e+03 2.988000000000000000e+03 3.007000000000000000e+03 8.645570000000000000e+05 2.301770000000000000e+05
9.123244000000000000e+06 2.935000000000000000e+03 3.017000000000000000e+03 2.971000000000000000e+03 8.660770000000000000e+05 2.307130000000000000e+05
9.121808000000000000e+06 2.945000000000000000e+03 2.975000000000000000e+03 2.970000000000000000e+03 8.675460000000000000e+05 2.312470000000000000e+05
9.120351000000000000e+06 2.909000000000000000e+03 2.916000000000000000e+03 2.967000000000000000e+03 8.691010000000000000e+05 2.317880000000000000e+05
9.118976000000000000e+06 2.836000000000000000e+03 2.912000000000000000e+03 2.921000000000000000e+03 8.705990000000000000e+05 2.323260000000000000e+05
9.117559000000000000e+06 2.847000000000000000e+03 2.875000000000000000e+03 2.876000000000000000e+03 8.720870000000000000e+05 2.328890000000000000e+05
9.116202000000000000e+06 2.783000000000000000e+03 2.890000000000000000e+03 2.827000000000000000e+03 8.735420000000000000e+05 2.334480000000000000e+05
9.114783000000000000e+06 2.817000000000000000e+03 2.842000000000000000e+03 2.799000000000000000e+03 8.750030000000000000e+05 2.340150000000000000e+05
9.113415000000000000e+06 2.794000000000000000e+03 2.804000000000000000e+03 2.805000000000000000e+03 8.764260000000000000e+05 2.346000000000000000e+05
9.112126000000000000e+06 2.687000000000000000e+03 2.800000000000000000e+03 2.842000000000000000e+03 8.777890000000000000e+05 2.351300000000000000e+05
9.110719000000000000e+06 2.723000000000000000e+03 2.778000000000000000e+03 2.770000000000000000e+03 8.792540000000000000e+05 2.356610000000000000e+05
9.109419000000000000e+06 2.716000000000000000e+03 2.756000000000000000e+03 2.759000000000000000e+03 8.805940000000000000e+05 2.362050000000000000e+05
9.108104000000000000e+06 2.685000000000000000e+03 2.784000000000000000e+03 2.648000000000000000e+03 8.820230000000000000e+05 2.367130000000000000e+05
9.106752000000000000e+06 2.676000000000000000e+03 2.753000000000000000e+03 2.645000000000000000e+03 8.834180000000000000e+05 2.372320000000000000e+05
9.105446000000000000e+06 2.617000000000000000e+03 2.752000000000000000e+03 2.652000000000000000e+03 8.847770000000000000e+05 2.377660000000000000e+05
9.104163000000000000e+06 2.627000000000000000e+03 2.659000000000000000e+03 2.632000000000000000e+03 8.861630000000000000e+05 2.383180000000000000e+05
9.102852000000000000e+06 2.657000000000000000e+03 2.663000000000000000e+03 2.569000000000000000e+03 8.875030000000000000e+05 2.388880000000000000e+05
9.101522000000000000e+06 2.666000000000000000e+03 2.666000000000000000e+03 2.568000000000000000e+03 8.888220000000000000e+05 2.394350000000000000e+05
9.100171000000000000e+06 2.667000000000000000e+03 2.700000000000000000e+03 2.546000000000000000e+03 8.901600000000000000e+05 2.399990000000000000e+05
9.098862000000000000e+06 2.658000000000000000e+03 2.696000000000000000e+03 2.580000000000000000e+03 8.914480000000000000e+05 2.405310000000000000e+05
9.097516000000000000e+06 2.654000000000000000e+03 2.638000000000000000e+03 2.638000000000000000e+03 8.927980000000000000e+05 2.410780000000000000e+05
9.096289000000000000e+06 2.524000000000000000e+03 2.660000000000000000e+03 2.680000000000000000e+03 8.940910000000000000e+05 2.416150000000000000e+05
9.094997000000000000e+06 2.516000000000000000e+03 2.662000000000000000e+03 2.625000000000000000e+03 8.954440000000000000e+05 2.421160000000000000e+05
9.093716000000000000e+06 2.499000000000000000e+03 2.642000000000000000e+03 2.612000000000000000e+03 8.967750000000000000e+05 2.426650000000000000e+05
9.092414000000000000e+06 2.539000000000000000e+03 2.579000000000000000e+03 2.608000000000000000e+03 8.981040000000000000e+05 2.432190000000000000e+05
9.091193000000000000e+06 2.524000000000000000e+03 2.582000000000000000e+03 2.537000000000000000e+03 8.994080000000000000e+05 2.437710000000000000e+05
9.090004000000000000e+06 2.464000000000000000e+03 2.523000000000000000e+03 2.551000000000000000e+03 9.007020000000000000e+05 2.443310000000000000e+05
9.088768000000000000e+06 2.541000000000000000e+03 2.448000000000000000e+03 2.519000000000000000e+03 9.019680000000000000e+05 2.448710000000000000e+05
9.087616000000000000e+06 2.432000000000000000e+03 2.426000000000000000e+03 2.531000000000000000e+03 9.032390000000000000e+05 2.454420000000000000e+05
9.086451000000000000e+06 2.368000000000000000e+03 2.440000000000000000e+03 2.527000000000000000e+03 9.044580000000000000e+05 2.459540000000000000e+05
9.085268000000000000e+06 2.383000000000000000e+03 2.439000000000000000e+03 2.451000000000000000e+03 9.057030000000000000e+05 2.464800000000000000e+05
9.084129000000000000e+06 2.367000000000000000e+03 2.446000000000000000e+03 2.363000000000000000e+03 9.069390000000000000e+05 2.470080000000000000e+05
9.082978000000000000e+06 2.299000000000000000e+03 2.394000000000000000e+03 2.416000000000000000e+03 9.081570000000000000e+05 2.475750000000000000e+05
9.081813000000000000e+06 2.291000000000000000e+03 2.350000000000000000e+03 2.409000000000000000e+03 9.093810000000000000e+05 2.480880000000000000e+05
9.080638000000000000e+06 2.373000000000000000e+03 2.267000000000000000e+03 2.410000000000000000e+03 9.105560000000000000e+05 2.486410000000000000e+05
9.079525000000000000e+06 2.333000000000000000e+03 2.320000000000000000e+03 2.323000000000000000e+03 9.117430000000000000e+05 2.491930000000000000e+05
9.078414000000000000e+06 2.288000000000000000e+03 2.367000000000000000e+03 2.266000000000000000e+03 9.129090000000000000e+05 2.497360000000000000e+05
9.077289000000000000e+06 2.308000000000000000e+03 2.332000000000000000e+03 2.233000000000000000e+03 9.140820000000000000e+05 2.502590000000000000e+05
9.076180000000000000e+06 2.285000000000000000e+03 2.305000000000000000e+03 2.215000000000000000e+03 9.152590000000000000e+05 2.508040000000000000e+05
9.075054000000000000e+06 2.279000000000000000e+03 2.349000000000000000e+03 2.166000000000000000e+03 9.163960000000000000e+05 2.513320000000000000e+05
9.073969000000000000e+06 2.231000000000000000e+03 2.370000000000000000e+03 2.186000000000000000e+03 9.174880000000000000e+05 2.518800000000000000e+05
9.072790000000000000e+06 2.253000000000000000e+03 2.372000000000000000e+03 2.225000000000000000e+03 9.186040000000000000e+05 2.524260000000000000e+05
9.071667000000000000e+06 2.301000000000000000e+03 2.299000000000000000e+03 2.237000000000000000e+03 9.197400000000000000e+05 2.529760000000000000e+05
9.070560000000000000e+06 2.289000000000000000e+03 2.269000000000000000e+03 2.212000000000000000e+03 9.209140000000000000e+05 2.535030000000000000e+05
9.069412000000000000e+06 2.304000000000000000e+03 2.221000000000000000e+03 2.231000000000000000e+03 9.220760000000000000e+05 2.540070000000000000e+05
9.068322000000000000e+06 2.257000000000000000e+03 2.225000000000000000e+03 2.285000000000000000e+03 9.231550000000000000e+05 2.545250000000000000e+05
9.067239000000000000e+06 2.265000000000000000e+03 2.225000000000000000e+03 2.260000000000000000e+03 9.242550000000000000e+05 2.550730000000000000e+05
9.066217000000000000e+06 2.166000000000000000e+03 2.259000000000000000e+03 2.277000000000000000e+03 9.253250000000000000e+05 2.556190000000000000e+05
9.065163000000000000e+06 2.136000000000000000e+03 2.259000000000000000e+03 2.229000000000000000e+03 9.264570000000000000e+05 2.561430000000000000e+05
9.064103000000000000e+06 2.170000000000000000e+03 2.201000000000000000e+03 2.149000000000000000e+03 9.276210000000000000e+05 2.566990000000000000e+05
9.063029000000000000e+06 2.154000000000000000e+03 2.195000000000000000e+03 2.188000000000000000e+03 9.286780000000000000e+05 2.572380000000000000e+05
9.061926000000000000e+06 2.222000000000000000e+03 2.085000000000000000e+03 2.166000000000000000e+03 9.298450000000000000e+05 2.577500000000000000e+05
9.060918000000000000e+06 2.155000000000000000e+03 2.078000000000000000e+03 2.150000000000000000e+03 9.309430000000000000e+05 2.582990000000000000e+05
9.059934000000000000e+06 2.086000000000000000e+03 2.080000000000000000e+03 2.171000000000000000e+03 9.319730000000000000e+05 2.588500000000000000e+05
9.058980000000000000e+06 1.980000000000000000e+03 2.073000000000000000e+03 2.169000000000000000e+03 9.330420000000000000e+05 2.593710000000000000e+05
9.057976000000000000e+06 1.985000000000000000e+03 2.009000000000000000e+03 2.127000000000000000e+03 9.341470000000000000e+05 2.599020000000000000e+05
9.057036000000000000e+06 1.927000000000000000e+03 1.954000000000000000e+03 2.090000000000000000e+03 9.352370000000000000e+05 2.604200000000000000e+05
9.056132000000000000e+06 1.872000000000000000e+03 1.914000000000000000e+03 2.044000000000000000e+03 9.362820000000000000e+05 2.609470000000000000e+05
9.055185000000000000e+06 1.834000000000000000e+03 1.935000000000000000e+03 2.016000000000000000e+03 9.372740000000000000e+05 2.614790000000000000e+05
9.054192000000000000e+06 1.939000000000000000e+03 1.897000000000000000e+03 1.910000000000000000e+03 9.383060000000000000e+05 2.620240000000000000e+05
9.053348000000000000e+06 1.849000000000000000e+03 1.881000000000000000e+03 1.897000000000000000e+03 9.392690000000000000e+05 2.625820000000000000e+05
9.052481000000000000e+06 1.798000000000000000e+03 1.823000000000000000e+03 1.931000000000000000e+03 9.402110000000000000e+05 2.631310000000000000e+05
9.051597000000000000e+06 1.782000000000000000e+03 1.846000000000000000e+03 1.898000000000000000e+03 9.411210000000000000e+05 2.636810000000000000e+05
9.050731000000000000e+06 1.747000000000000000e+03 1.837000000000000000e+03 1.831000000000000000e+03 9.420980000000000000e+05 2.642330000000000000e+05
9.049826000000000000e+06 1.824000000000000000e+03 1.829000000000000000e+03 1.771000000000000000e+03 9.429940000000000000e+05 2.647720000000000000e+05
9.048975000000000000e+06 1.800000000000000000e+03 1.782000000000000000e+03 1.779000000000000000e+03 9.439080000000000000e+05 2.652800000000000000e+05
9.048163000000000000e+06 1.749000000000000000e+03 1.787000000000000000e+03 1.727000000000000000e+03 9.448180000000000000e+05 2.657920000000000000e+05
9.047317000000000000e+06 1.708000000000000000e+03 1.766000000000000000e+03 1.742000000000000000e+03 9.457110000000000000e+05 2.663530000000000000e+05
9.046486000000000000e+06 1.694000000000000000e+03 1.733000000000000000e+03 1.730000000000000000e+03 9.466010000000000000e+05 2.668730000000000000e+05
9.045669000000000000e+06 1.637000000000000000e+03 1.745000000000000000e+03 1.697000000000000000e+03 9.474960000000000000e+05 2.673930000000000000e+05
9.044848000000000000e+06 1.621000000000000000e+03 1.735000000000000000e+03 1.671000000000000000e+03 9.483690000000000000e+05 2.679240000000000000e+05
9.044031000000000000e+06 1.661000000000000000e+03 1.683000000000000000e+03 1.652000000000000000e+03 9.492170000000000000e+05 2.684560000000000000e+05
9.043163000000000000e+06 1.736000000000000000e+03 1.676000000000000000e+03 1.643000000000000000e+03 9.500260000000000000e+05 2.689710000000000000e+05
9.042414000000000000e+06 1.692000000000000000e+03 1.661000000000000000e+03 1.636000000000000000e+03 9.508410000000000000e+05 2.695100000000000000e+05
9.041612000000000000e+06 1.650000000000000000e+03 1.642000000000000000e+03 1.610000000000000000e+03 9.517300000000000000e+05 2.700270000000000000e+05
9.040825000000000000e+06 1.651000000000000000e+03 1.671000000000000000e+03 1.532000000000000000e+03 9.525650000000000000e+05 2.705510000000000000e+05
9.040042000000000000e+06 1.567000000000000000e+03 1.666000000000000000e+03 1.587000000000000000e+03 9.533820000000000000e+05 2.710770000000000000e+05
9.039212000000000000e+06 1.635000000000000000e+03 1.663000000000000000e+03 1.571000000000000000e+03 9.541630000000000000e+05 2.716050000000000000e+05
9.038419000000000000e+06 1.607000000000000000e+03 1.691000000000000000e+03 1.581000000000000000e+03 9.549460000000000000e+05 2.721200000000000000e+05
9.037589000000000000e+06 1.606000000000000000e+03 1.704000000000000000e+03 1.586000000000000000e+03 9.557590000000000000e+05 2.726260000000000000e+05
9.036747000000000000e+06 1.653000000000000000e+03 1.656000000000000000e+03 1.559000000000000000e+03 9.566290000000000000e+05 2.731770000000000000e+05
9.035965000000000000e+06 1.592000000000000000e+03 1.659000000000000000e+03 1.591000000000000000e+03 9.574370000000000000e+05 2.737180000000000000e+05
9.035161000000000000e+06 1.574000000000000000e+03 1.630000000000000000e+03 1.606000000000000000e+03 9.582730000000000000e+05 2.742740000000000000e+05
9.034386000000000000e+06 1.552000000000000000e+03 1.622000000000000000e+03 1.600000000000000000e+03 9.590840000000000000e+05 2.748300000000000000e+05
9.033598000000000000e+06 1.567000000000000000e+03 1.595000000000000000e+03 1.608000000000000000e+03 9.598760000000000000e+05 2.753250000000000000e+05
9.032842000000000000e+06 1.544000000000000000e+03 1.605000000000000000e+03 1.604000000000000000e+03 9.606490000000000000e+05 2.758590000000000000e+05
9.032064000000000000e+06 1.556000000000000000e+03 1.552000000000000000e+03 1.591000000000000000e+03 9.614810000000000000e+05 2.763940000000000000e+05
9.031291000000000000e+06 1.538000000000000000e+03 1.556000000000000000e+03 1.567000000000000000e+03 9.622920000000000000e+05 2.769150000000000000e+05
9.030597000000000000e+06 1.510000000000000000e+03 1.556000000000000000e+03 1.523000000000000000e+03 9.630580000000000000e+05 2.774220000000000000e+05
9.029831000000000000e+06 1.508000000000000000e+03 1.519000000000000000e+03 1.515000000000000000e+03 9.638710000000000000e+05 2.779100000000000000e+05
9.029122000000000000e+06 1.466000000000000000e+03 1.515000000000000000e+03 1.477000000000000000e+03 9.646640000000000000e+05 2.784570000000000000e+05
9.028411000000000000e+06 1.440000000000000000e+03 1.492000000000000000e+03 1.473000000000000000e+03 9.654280000000000000e+05 2.789870000000000000e+05
9.027747000000000000e+06 1.407000000000000000e+03 1.506000000000000000e+03 1.434000000000000000e+03 9.661500000000000000e+05 2.795190000000000000e+05
9.027049000000000000e+06 1.414000000000000000e+03 1.514000000000000000e+03 1.425000000000000000e+03 9.668420000000000000e+05 2.800230000000000000e+05
9.026327000000000000e+06 1.421000000000000000e+03 1.510000000000000000e+03 1.402000000000000000e+03 9.675840000000000000e+05 2.805330000000000000e+05
9.025630000000000000e+06 1.419000000000000000e+03 1.504000000000000000e+03 1.384000000000000000e+03 9.683070000000000000e+05 2.810580000000000000e+05
9.024946000000000000e+06 1.385000000000000000e+03 1.476000000000000000e+03 1.391000000000000000e+03 9.690460000000000000e+05 2.815700000000000000e+05
9.024256000000000000e+06 1.411000000000000000e+03 1.402000000000000000e+03 1.383000000000000000e+03 9.697920000000000000e+05 2.820930000000000000e+05
9.023628000000000000e+06 1.391000000000000000e+03 1.358000000000000000e+03 1.341000000000000000e+03 9.705260000000000000e+05 2.826170000000000000e+05
9.023026000000000000e+06 1.317000000000000000e+03 1.351000000000000000e+03 1.340000000000000000e+03 9.712100000000000000e+05 2.831420000000000000e+05
9.022397000000000000e+06 1.265000000000000000e+03 1.321000000000000000e+03 1.348000000000000000e+03 9.719130000000000000e+05 2.836670000000000000e+05
9.021754000000000000e+06 1.276000000000000000e+03 1.294000000000000000e+03 1.303000000000000000e+03 9.726170000000000000e+05 2.841610000000000000e+05
9.021111000000000000e+06 1.309000000000000000e+03 1.279000000000000000e+03 1.238000000000000000e+03 9.733070000000000000e+05 2.846470000000000000e+05
9.020462000000000000e+06 1.277000000000000000e+03 1.276000000000000000e+03 1.259000000000000000e+03 9.739700000000000000e+05 2.851490000000000000e+05
9.019836000000000000e+06 1.289000000000000000e+03 1.243000000000000000e+03 1.279000000000000000e+03 9.745970000000000000e+05 2.856690000000000000e+05
9.019303000000000000e+06 1.232000000000000000e+03 1.211000000000000000e+03 1.266000000000000000e+03 9.752320000000000000e+05 2.862240000000000000e+05
9.018708000000000000e+06 1.224000000000000000e+03 1.190000000000000000e+03 1.274000000000000000e+03 9.758480000000000000e+05 2.867520000000000000e+05
9.018132000000000000e+06 1.206000000000000000e+03 1.202000000000000000e+03 1.251000000000000000e+03 9.764530000000000000e+05 2.872250000000000000e+05
9.017556000000000000e+06 1.196000000000000000e+03 1.195000000000000000e+03 1.225000000000000000e+03 9.770720000000000000e+05 2.877650000000000000e+05
9.016970000000000000e+06 1.215000000000000000e+03 1.194000000000000000e+03 1.202000000000000000e+03 9.776630000000000000e+05 2.882890000000000000e+05
9.016384000000000000e+06 1.207000000000000000e+03 1.177000000000000000e+03 1.227000000000000000e+03 9.782490000000000000e+05 2.887890000000000000e+05
9.015861000000000000e+06 1.132000000000000000e+03 1.202000000000000000e+03 1.201000000000000000e+03 9.788480000000000000e+05 2.893210000000000000e+05
9.015301000000000000e+06 1.105000000000000000e+03 1.190000000000000000e+03 1.185000000000000000e+03 9.794630000000000000e+05 2.898530000000000000e+05
9.014734000000000000e+06 1.124000000000000000e+03 1.196000000000000000e+03 1.134000000000000000e+03 9.800560000000000000e+05 2.903840000000000000e+05
9.014191000000000000e+06 1.100000000000000000e+03 1.142000000000000000e+03 1.173000000000000000e+03 9.806380000000000000e+05 2.909030000000000000e+05
9.013682000000000000e+06 1.092000000000000000e+03 1.108000000000000000e+03 1.149000000000000000e+03 9.812130000000000000e+05 2.914180000000000000e+05
9.013147000000000000e+06 1.105000000000000000e+03 1.064000000000000000e+03 1.078000000000000000e+03 9.818500000000000000e+05 2.919470000000000000e+05
9.012620000000000000e+06 1.114000000000000000e+03 1.055000000000000000e+03 1.048000000000000000e+03 9.824070000000000000e+05 2.924620000000000000e+05
9.012156000000000000e+06 1.064000000000000000e+03 1.074000000000000000e+03 1.058000000000000000e+03 9.828920000000000000e+05 2.929870000000000000e+05
9.011680000000000000e+06 1.017000000000000000e+03 1.064000000000000000e+03 1.069000000000000000e+03 9.834140000000000000e+05 2.934780000000000000e+05
9.011205000000000000e+06 1.006000000000000000e+03 1.042000000000000000e+03 1.035000000000000000e+03 9.839560000000000000e+05 2.940150000000000000e+05
9.010715000000000000e+06 9.610000000000000000e+02 1.081000000000000000e+03 1.027000000000000000e+03 9.844600000000000000e+05 2.945290000000000000e+05
9.010197000000000000e+06 1.023000000000000000e+03 1.024000000000000000e+03 9.980000000000000000e+02 9.850020000000000000e+05 2.950480000000000000e+05
9.009704000000000000e+06 9.950000000000000000e+02 1.000000000000000000e+03 9.810000000000000000e+02 9.855640000000000000e+05 2.955740000000000000e+05
0.000000000000000000e+00 0.000000000000000000e+00 0.000000000000000000e+00 0.000000000000000000e+00 0.000000000000000000e+00 0.000000000000000000e+00
