9.998144000000000000e+06 0.000000000000000000e+00 1.000000000000000000e+02 0.000000000000000000e+00 0.000000000000000000e+00 0.000000000000000000e+00
9.998062000000000000e+06 7.000000000000000000e+01 9.900000000000000000e+01 5.000000000000000000e+00 8.000000000000000000e+00 0.000000000000000000e+00
9.997976000000000000e+06 1.130000000000000000e+02 1.010000000000000000e+02 2.600000000000000000e+01 2.800000000000000000e+01 0.000000000000000000e+00
9.997895000000000000e+06 1.380000000000000000e+02 9.900000000000000000e+01 5.000000000000000000e+01 6.200000000000000000e+01 0.000000000000000000e+00
9.997817000000000000e+06 1.460000000000000000e+02 1.120000000000000000e+02 8.000000000000000000e+01 8.900000000000000000e+01 0.000000000000000000e+00
9.997712000000000000e+06 1.680000000000000000e+02 1.400000000000000000e+02 9.600000000000000000e+01 1.280000000000000000e+02 0.000000000000000000e+00
9.997566000000000000e+06 2.330000000000000000e+02 1.510000000000000000e+02 1.170000000000000000e+02 1.770000000000000000e+02 0.000000000000000000e+00
9.997434000000000000e+06 2.590000000000000000e+02 1.670000000000000000e+02 1.520000000000000000e+02 2.320000000000000000e+02 0.000000000000000000e+00
9.997251000000000000e+06 3.030000000000000000e+02 1.870000000000000000e+02 1.890000000000000000e+02 3.140000000000000000e+02 0.000000000000000000e+00
9.997036000000000000e+06 3.530000000000000000e+02 2.220000000000000000e+02 2.420000000000000000e+02 3.910000000000000000e+02 0.000000000000000000e+00
9.996788000000000000e+06 3.990000000000000000e+02 2.720000000000000000e+02 2.930000000000000000e+02 4.920000000000000000e+02 0.000000000000000000e+00
9.996487000000000000e+06 4.810000000000000000e+02 3.160000000000000000e+02 3.550000000000000000e+02 6.050000000000000000e+02 0.000000000000000000e+00
9.996112000000000000e+06 6.050000000000000000e+02 3.940000000000000000e+02 3.890000000000000000e+02 7.440000000000000000e+02 0.000000000000000000e+00
9.995694000000000000e+06 6.950000000000000000e+02 4.760000000000000000e+02 4.670000000000000000e+02 9.120000000000000000e+02 0.000000000000000000e+00
9.995180000000000000e+06 8.100000000000000000e+02 5.970000000000000000e+02 5.580000000000000000e+02 1.099000000000000000e+03 0.000000000000000000e+00
9.994545000000000000e+06 1.031000000000000000e+03 6.850000000000000000e+02 6.390000000000000000e+02 1.344000000000000000e+03 0.000000000000000000e+00
9.993818000000000000e+06 1.225000000000000000e+03 8.090000000000000000e+02 7.730000000000000000e+02 1.619000000000000000e+03 0.000000000000000000e+00
9.992965000000000000e+06 1.478000000000000000e+03 9.120000000000000000e+02 9.270000000000000000e+02 1.962000000000000000e+03 0.000000000000000000e+00
9.991966000000000000e+06 1.721000000000000000e+03 1.099000000000000000e+03 1.087000000000000000e+03 2.371000000000000000e+03 0.000000000000000000e+00
9.990773000000000000e+06 2.073000000000000000e+03 1.303000000000000000e+03 1.266000000000000000e+03 2.829000000000000000e+03 0.000000000000000000e+00
9.989352000000000000e+06 2.388000000000000000e+03 1.590000000000000000e+03 1.534000000000000000e+03 3.380000000000000000e+03 0.000000000000000000e+00
9.988553000000000000e+06 2.090000000000000000e+03 1.773000000000000000e+03 1.782000000000000000e+03 4.046000000000000000e+03 0.000000000000000000e+00
9.987703000000000000e+06 1.892000000000000000e+03 1.902000000000000000e+03 1.362000000000000000e+03 5.385000000000000000e+03 1.000000000000000000e+03
9.986986000000000000e+06 1.736000000000000000e+03 1.868000000000000000e+03 1.004000000000000000e+03 6.650000000000000000e+03 2.000000000000000000e+03
9.986302000000000000e+06 1.589000000000000000e+03 1.773000000000000000e+03 1.141000000000000000e+03 7.439000000000000000e+03 2.426000000000000000e+03
9.985664000000000000e+06 1.446000000000000000e+03 1.686000000000000000e+03 1.244000000000000000e+03 8.204000000000000000e+03 2.803000000000000000e+03
9.984952000000000000e+06 1.439000000000000000e+03 1.583000000000000000e+03 1.249000000000000000e+03 9.021000000000000000e+03 3.173000000000000000e+03
9.984298000000000000e+06 1.387000000000000000e+03 1.507000000000000000e+03 1.266000000000000000e+03 9.786000000000000000e+03 3.578000000000000000e+03
9.983691000000000000e+06 1.298000000000000000e+03 1.457000000000000000e+03 1.222000000000000000e+03 1.057600000000000000e+04 4.003000000000000000e+03
9.983081000000000000e+06 1.255000000000000000e+03 1.444000000000000000e+03 1.198000000000000000e+03 1.126600000000000000e+04 4.406000000000000000e+03
9.982443000000000000e+06 1.242000000000000000e+03 1.388000000000000000e+03 1.164000000000000000e+03 1.200700000000000000e+04 4.827000000000000000e+03
9.981827000000000000e+06 1.235000000000000000e+03 1.333000000000000000e+03 1.147000000000000000e+03 1.270200000000000000e+04 5.264000000000000000e+03
9.981243000000000000e+06 1.198000000000000000e+03 1.319000000000000000e+03 1.102000000000000000e+03 1.338200000000000000e+04 5.665000000000000000e+03
9.980638000000000000e+06 1.224000000000000000e+03 1.279000000000000000e+03 1.041000000000000000e+03 1.406200000000000000e+04 6.042000000000000000e+03
9.980069000000000000e+06 1.163000000000000000e+03 1.242000000000000000e+03 1.066000000000000000e+03 1.470400000000000000e+04 6.447000000000000000e+03
9.979494000000000000e+06 1.157000000000000000e+03 1.209000000000000000e+03 1.053000000000000000e+03 1.533100000000000000e+04 6.837000000000000000e+03
9.978954000000000000e+06 1.167000000000000000e+03 1.133000000000000000e+03 1.050000000000000000e+03 1.594000000000000000e+04 7.249000000000000000e+03
9.978445000000000000e+06 1.110000000000000000e+03 1.107000000000000000e+03 1.071000000000000000e+03 1.651100000000000000e+04 7.663000000000000000e+03
9.977941000000000000e+06 1.053000000000000000e+03 1.122000000000000000e+03 1.040000000000000000e+03 1.708800000000000000e+04 8.051000000000000000e+03
9.977457000000000000e+06 1.009000000000000000e+03 1.137000000000000000e+03 9.550000000000000000e+02 1.768600000000000000e+04 8.462000000000000000e+03
9.976927000000000000e+06 1.004000000000000000e+03 1.121000000000000000e+03 1.000000000000000000e+03 1.819200000000000000e+04 8.846000000000000000e+03
9.976433000000000000e+06 1.026000000000000000e+03 1.068000000000000000e+03 9.510000000000000000e+02 1.876600000000000000e+04 9.206000000000000000e+03
9.975960000000000000e+06 9.940000000000000000e+02 1.053000000000000000e+03 9.360000000000000000e+02 1.930100000000000000e+04 9.609000000000000000e+03
9.975513000000000000e+06 9.230000000000000000e+02 1.021000000000000000e+03 9.420000000000000000e+02 1.984500000000000000e+04 1.001200000000000000e+04
9.975081000000000000e+06 9.020000000000000000e+02 1.010000000000000000e+03 8.820000000000000000e+02 2.036900000000000000e+04 1.042200000000000000e+04
9.974607000000000000e+06 9.330000000000000000e+02 9.720000000000000000e+02 8.730000000000000000e+02 2.085900000000000000e+04 1.081800000000000000e+04
9.974171000000000000e+06 9.420000000000000000e+02 9.200000000000000000e+02 8.160000000000000000e+02 2.139500000000000000e+04 1.118300000000000000e+04
9.973737000000000000e+06 9.270000000000000000e+02 9.010000000000000000e+02 8.150000000000000000e+02 2.186400000000000000e+04 1.157000000000000000e+04
9.973336000000000000e+06 8.890000000000000000e+02 8.780000000000000000e+02 8.170000000000000000e+02 2.232400000000000000e+04 1.194300000000000000e+04
9.972929000000000000e+06 8.880000000000000000e+02 8.450000000000000000e+02 8.390000000000000000e+02 2.274300000000000000e+04 1.232500000000000000e+04
9.972555000000000000e+06 8.670000000000000000e+02 8.190000000000000000e+02 8.010000000000000000e+02 2.320200000000000000e+04 1.269600000000000000e+04
9.972110000000000000e+06 8.970000000000000000e+02 8.020000000000000000e+02 7.550000000000000000e+02 2.368000000000000000e+04 1.307400000000000000e+04
9.971694000000000000e+06 8.710000000000000000e+02 7.940000000000000000e+02 7.930000000000000000e+02 2.409200000000000000e+04 1.342600000000000000e+04
9.971321000000000000e+06 8.100000000000000000e+02 8.140000000000000000e+02 7.760000000000000000e+02 2.452300000000000000e+04 1.378400000000000000e+04
9.970898000000000000e+06 8.350000000000000000e+02 8.010000000000000000e+02 7.590000000000000000e+02 2.495100000000000000e+04 1.413100000000000000e+04
9.970468000000000000e+06 8.600000000000000000e+02 8.130000000000000000e+02 7.440000000000000000e+02 2.535900000000000000e+04 1.450000000000000000e+04
9.970056000000000000e+06 8.750000000000000000e+02 8.030000000000000000e+02 7.600000000000000000e+02 2.575000000000000000e+04 1.484700000000000000e+04
9.969640000000000000e+06 8.820000000000000000e+02 8.220000000000000000e+02 7.530000000000000000e+02 2.614700000000000000e+04 1.520000000000000000e+04
9.969211000000000000e+06 8.690000000000000000e+02 8.370000000000000000e+02 7.600000000000000000e+02 2.656700000000000000e+04 1.553900000000000000e+04
9.968798000000000000e+06 8.650000000000000000e+02 8.610000000000000000e+02 7.660000000000000000e+02 2.695400000000000000e+04 1.588500000000000000e+04
9.968355000000000000e+06 8.390000000000000000e+02 8.560000000000000000e+02 8.100000000000000000e+02 2.738400000000000000e+04 1.626300000000000000e+04
9.967916000000000000e+06 8.660000000000000000e+02 8.530000000000000000e+02 7.950000000000000000e+02 2.781400000000000000e+04 1.662100000000000000e+04
9.967473000000000000e+06 8.970000000000000000e+02 8.580000000000000000e+02 7.960000000000000000e+02 2.822000000000000000e+04 1.696300000000000000e+04
9.967062000000000000e+06 8.730000000000000000e+02 8.710000000000000000e+02 7.930000000000000000e+02 2.864500000000000000e+04 1.731700000000000000e+04
9.966635000000000000e+06 8.900000000000000000e+02 8.830000000000000000e+02 8.010000000000000000e+02 2.903500000000000000e+04 1.765600000000000000e+04
9.966177000000000000e+06 9.020000000000000000e+02 8.920000000000000000e+02 7.930000000000000000e+02 2.948000000000000000e+04 1.799800000000000000e+04
9.965696000000000000e+06 9.360000000000000000e+02 9.040000000000000000e+02 7.900000000000000000e+02 2.991800000000000000e+04 1.834500000000000000e+04
9.965227000000000000e+06 9.400000000000000000e+02 8.740000000000000000e+02 8.260000000000000000e+02 3.037700000000000000e+04 1.870100000000000000e+04
9.964786000000000000e+06 9.200000000000000000e+02 8.780000000000000000e+02 8.580000000000000000e+02 3.080200000000000000e+04 1.904300000000000000e+04
9.964361000000000000e+06 8.910000000000000000e+02 8.810000000000000000e+02 8.470000000000000000e+02 3.126400000000000000e+04 1.939200000000000000e+04
9.963893000000000000e+06 9.030000000000000000e+02 8.770000000000000000e+02 8.360000000000000000e+02 3.173500000000000000e+04 1.975600000000000000e+04
9.963405000000000000e+06 9.330000000000000000e+02 9.100000000000000000e+02 8.390000000000000000e+02 3.215700000000000000e+04 2.012800000000000000e+04
9.962968000000000000e+06 9.090000000000000000e+02 9.330000000000000000e+02 8.370000000000000000e+02 3.259700000000000000e+04 2.044200000000000000e+04
9.962472000000000000e+06 9.370000000000000000e+02 9.120000000000000000e+02 8.560000000000000000e+02 3.306700000000000000e+04 2.079600000000000000e+04
9.961996000000000000e+06 9.180000000000000000e+02 9.010000000000000000e+02 8.870000000000000000e+02 3.354200000000000000e+04 2.117500000000000000e+04
9.961518000000000000e+06 9.140000000000000000e+02 9.030000000000000000e+02 8.740000000000000000e+02 3.403500000000000000e+04 2.154500000000000000e+04
9.961059000000000000e+06 9.280000000000000000e+02 9.100000000000000000e+02 8.410000000000000000e+02 3.450600000000000000e+04 2.191100000000000000e+04
9.960579000000000000e+06 9.520000000000000000e+02 8.820000000000000000e+02 8.850000000000000000e+02 3.494600000000000000e+04 2.226700000000000000e+04
9.960118000000000000e+06 9.610000000000000000e+02 8.720000000000000000e+02 8.770000000000000000e+02 3.541600000000000000e+04 2.261800000000000000e+04
9.959670000000000000e+06 9.260000000000000000e+02 8.420000000000000000e+02 9.060000000000000000e+02 3.590000000000000000e+04 2.301300000000000000e+04
9.959211000000000000e+06 9.180000000000000000e+02 8.890000000000000000e+02 8.750000000000000000e+02 3.635100000000000000e+04 2.334600000000000000e+04
9.958708000000000000e+06 9.380000000000000000e+02 9.570000000000000000e+02 8.530000000000000000e+02 3.678800000000000000e+04 2.372100000000000000e+04
9.958194000000000000e+06 9.870000000000000000e+02 9.630000000000000000e+02 8.770000000000000000e+02 3.722300000000000000e+04 2.406400000000000000e+04
9.957699000000000000e+06 1.003000000000000000e+03 9.640000000000000000e+02 9.120000000000000000e+02 3.766600000000000000e+04 2.442700000000000000e+04
9.957233000000000000e+06 9.720000000000000000e+02 9.830000000000000000e+02 9.070000000000000000e+02 3.814900000000000000e+04 2.476100000000000000e+04
9.956763000000000000e+06 9.500000000000000000e+02 9.880000000000000000e+02 9.150000000000000000e+02 3.862800000000000000e+04 2.515000000000000000e+04
9.956239000000000000e+06 9.680000000000000000e+02 9.780000000000000000e+02 9.480000000000000000e+02 3.911100000000000000e+04 2.551000000000000000e+04
9.955735000000000000e+06 9.950000000000000000e+02 9.870000000000000000e+02 9.180000000000000000e+02 3.960900000000000000e+04 2.585300000000000000e+04
9.955253000000000000e+06 9.670000000000000000e+02 9.840000000000000000e+02 9.320000000000000000e+02 4.010800000000000000e+04 2.619400000000000000e+04
9.954737000000000000e+06 1.020000000000000000e+03 9.620000000000000000e+02 9.340000000000000000e+02 4.059100000000000000e+04 2.655000000000000000e+04
9.954270000000000000e+06 9.900000000000000000e+02 9.640000000000000000e+02 9.190000000000000000e+02 4.110100000000000000e+04 2.690000000000000000e+04
9.953783000000000000e+06 9.710000000000000000e+02 9.890000000000000000e+02 9.400000000000000000e+02 4.156100000000000000e+04 2.725400000000000000e+04
9.953256000000000000e+06 1.040000000000000000e+03 9.420000000000000000e+02 9.440000000000000000e+02 4.206200000000000000e+04 2.762100000000000000e+04
9.952813000000000000e+06 9.470000000000000000e+02 9.910000000000000000e+02 9.470000000000000000e+02 4.254600000000000000e+04 2.795700000000000000e+04
9.952303000000000000e+06 9.700000000000000000e+02 9.700000000000000000e+02 9.290000000000000000e+02 4.307200000000000000e+04 2.831200000000000000e+04
9.951808000000000000e+06 9.840000000000000000e+02 9.900000000000000000e+02 9.180000000000000000e+02 4.354400000000000000e+04 2.868000000000000000e+04
9.951264000000000000e+06 1.015000000000000000e+03 9.760000000000000000e+02 9.380000000000000000e+02 4.405100000000000000e+04 2.902800000000000000e+04
9.950726000000000000e+06 1.082000000000000000e+03 9.720000000000000000e+02 9.390000000000000000e+02 4.452500000000000000e+04 2.937200000000000000e+04
9.950205000000000000e+06 1.090000000000000000e+03 9.950000000000000000e+02 9.420000000000000000e+02 4.501200000000000000e+04 2.972000000000000000e+04
9.949727000000000000e+06 1.040000000000000000e+03 1.008000000000000000e+03 9.830000000000000000e+02 4.548600000000000000e+04 3.004600000000000000e+04
9.949199000000000000e+06 1.067000000000000000e+03 9.790000000000000000e+02 9.730000000000000000e+02 4.602600000000000000e+04 3.039600000000000000e+04
9.948706000000000000e+06 1.032000000000000000e+03 1.008000000000000000e+03 9.920000000000000000e+02 4.650600000000000000e+04 3.079500000000000000e+04
9.948205000000000000e+06 1.015000000000000000e+03 1.024000000000000000e+03 9.900000000000000000e+02 4.701000000000000000e+04 3.116200000000000000e+04
9.947670000000000000e+06 1.045000000000000000e+03 1.015000000000000000e+03 9.990000000000000000e+02 4.751500000000000000e+04 3.154300000000000000e+04
9.947134000000000000e+06 1.059000000000000000e+03 1.013000000000000000e+03 1.011000000000000000e+03 4.802700000000000000e+04 3.190800000000000000e+04
9.946584000000000000e+06 1.065000000000000000e+03 1.041000000000000000e+03 1.035000000000000000e+03 4.851900000000000000e+04 3.226700000000000000e+04
9.946028000000000000e+06 1.077000000000000000e+03 1.088000000000000000e+03 9.940000000000000000e+02 4.905700000000000000e+04 3.259300000000000000e+04
9.945459000000000000e+06 1.092000000000000000e+03 1.070000000000000000e+03 1.024000000000000000e+03 4.959900000000000000e+04 3.296900000000000000e+04
9.944926000000000000e+06 1.076000000000000000e+03 1.044000000000000000e+03 1.045000000000000000e+03 5.015300000000000000e+04 3.332800000000000000e+04
9.944357000000000000e+06 1.085000000000000000e+03 1.048000000000000000e+03 1.055000000000000000e+03 5.069900000000000000e+04 3.368700000000000000e+04
9.943788000000000000e+06 1.143000000000000000e+03 1.051000000000000000e+03 1.034000000000000000e+03 5.122800000000000000e+04 3.403700000000000000e+04
9.943256000000000000e+06 1.135000000000000000e+03 1.060000000000000000e+03 1.028000000000000000e+03 5.176500000000000000e+04 3.439400000000000000e+04
9.942707000000000000e+06 1.122000000000000000e+03 1.091000000000000000e+03 1.055000000000000000e+03 5.226900000000000000e+04 3.479000000000000000e+04
9.942106000000000000e+06 1.145000000000000000e+03 1.126000000000000000e+03 1.075000000000000000e+03 5.279200000000000000e+04 3.514700000000000000e+04
9.941533000000000000e+06 1.135000000000000000e+03 1.117000000000000000e+03 1.109000000000000000e+03 5.335000000000000000e+04 3.551400000000000000e+04
9.940966000000000000e+06 1.125000000000000000e+03 1.116000000000000000e+03 1.136000000000000000e+03 5.390100000000000000e+04 3.589100000000000000e+04
9.940373000000000000e+06 1.156000000000000000e+03 1.106000000000000000e+03 1.113000000000000000e+03 5.449600000000000000e+04 3.622900000000000000e+04
9.939823000000000000e+06 1.118000000000000000e+03 1.109000000000000000e+03 1.139000000000000000e+03 5.505500000000000000e+04 3.656800000000000000e+04
9.939216000000000000e+06 1.156000000000000000e+03 1.116000000000000000e+03 1.149000000000000000e+03 5.560700000000000000e+04 3.696200000000000000e+04
9.938623000000000000e+06 1.193000000000000000e+03 1.106000000000000000e+03 1.107000000000000000e+03 5.621500000000000000e+04 3.729400000000000000e+04
9.938019000000000000e+06 1.229000000000000000e+03 1.131000000000000000e+03 1.088000000000000000e+03 5.677700000000000000e+04 3.766600000000000000e+04
9.937419000000000000e+06 1.231000000000000000e+03 1.152000000000000000e+03 1.077000000000000000e+03 5.736500000000000000e+04 3.800700000000000000e+04
9.936847000000000000e+06 1.207000000000000000e+03 1.157000000000000000e+03 1.092000000000000000e+03 5.794100000000000000e+04 3.837900000000000000e+04
9.936210000000000000e+06 1.254000000000000000e+03 1.166000000000000000e+03 1.121000000000000000e+03 5.849300000000000000e+04 3.874500000000000000e+04
9.935562000000000000e+06 1.259000000000000000e+03 1.200000000000000000e+03 1.148000000000000000e+03 5.907500000000000000e+04 3.915100000000000000e+04
9.934925000000000000e+06 1.278000000000000000e+03 1.224000000000000000e+03 1.196000000000000000e+03 5.962100000000000000e+04 3.952000000000000000e+04
9.934298000000000000e+06 1.262000000000000000e+03 1.243000000000000000e+03 1.216000000000000000e+03 6.022500000000000000e+04 3.991000000000000000e+04
9.933608000000000000e+06 1.295000000000000000e+03 1.276000000000000000e+03 1.249000000000000000e+03 6.081600000000000000e+04 4.029800000000000000e+04
9.932962000000000000e+06 1.298000000000000000e+03 1.338000000000000000e+03 1.253000000000000000e+03 6.139300000000000000e+04 4.067000000000000000e+04
9.932297000000000000e+06 1.304000000000000000e+03 1.341000000000000000e+03 1.278000000000000000e+03 6.202400000000000000e+04 4.105000000000000000e+04
9.931578000000000000e+06 1.373000000000000000e+03 1.373000000000000000e+03 1.224000000000000000e+03 6.269600000000000000e+04 4.142600000000000000e+04
9.930856000000000000e+06 1.379000000000000000e+03 1.401000000000000000e+03 1.270000000000000000e+03 6.333800000000000000e+04 4.180100000000000000e+04
9.930134000000000000e+06 1.444000000000000000e+03 1.389000000000000000e+03 1.271000000000000000e+03 6.400600000000000000e+04 4.215700000000000000e+04
9.929406000000000000e+06 1.465000000000000000e+03 1.371000000000000000e+03 1.309000000000000000e+03 6.469300000000000000e+04 4.254700000000000000e+04
9.928754000000000000e+06 1.430000000000000000e+03 1.385000000000000000e+03 1.304000000000000000e+03 6.537100000000000000e+04 4.296200000000000000e+04
9.927964000000000000e+06 1.519000000000000000e+03 1.408000000000000000e+03 1.294000000000000000e+03 6.605900000000000000e+04 4.336400000000000000e+04
9.927281000000000000e+06 1.457000000000000000e+03 1.445000000000000000e+03 1.284000000000000000e+03 6.677700000000000000e+04 4.376000000000000000e+04
9.926544000000000000e+06 1.459000000000000000e+03 1.449000000000000000e+03 1.322000000000000000e+03 6.747000000000000000e+04 4.410700000000000000e+04
9.925794000000000000e+06 1.511000000000000000e+03 1.447000000000000000e+03 1.319000000000000000e+03 6.817300000000000000e+04 4.448400000000000000e+04
9.925038000000000000e+06 1.531000000000000000e+03 1.453000000000000000e+03 1.357000000000000000e+03 6.886500000000000000e+04 4.486700000000000000e+04
9.924266000000000000e+06 1.530000000000000000e+03 1.500000000000000000e+03 1.372000000000000000e+03 6.957600000000000000e+04 4.522100000000000000e+04
9.923496000000000000e+06 1.552000000000000000e+03 1.483000000000000000e+03 1.424000000000000000e+03 7.028900000000000000e+04 4.560600000000000000e+04
9.922753000000000000e+06 1.523000000000000000e+03 1.497000000000000000e+03 1.425000000000000000e+03 7.104600000000000000e+04 4.600800000000000000e+04
9.921935000000000000e+06 1.546000000000000000e+03 1.522000000000000000e+03 1.475000000000000000e+03 7.176600000000000000e+04 4.640300000000000000e+04
9.921173000000000000e+06 1.522000000000000000e+03 1.505000000000000000e+03 1.493000000000000000e+03 7.255100000000000000e+04 4.678600000000000000e+04
9.920406000000000000e+06 1.527000000000000000e+03 1.500000000000000000e+03 1.505000000000000000e+03 7.330600000000000000e+04 4.717900000000000000e+04
9.919644000000000000e+06 1.497000000000000000e+03 1.543000000000000000e+03 1.512000000000000000e+03 7.404800000000000000e+04 4.758200000000000000e+04
9.918832000000000000e+06 1.575000000000000000e+03 1.524000000000000000e+03 1.531000000000000000e+03 7.478200000000000000e+04 4.798700000000000000e+04
9.918117000000000000e+06 1.540000000000000000e+03 1.486000000000000000e+03 1.538000000000000000e+03 7.556300000000000000e+04 4.839600000000000000e+04
9.917345000000000000e+06 1.556000000000000000e+03 1.463000000000000000e+03 1.492000000000000000e+03 7.638800000000000000e+04 4.878700000000000000e+04
9.916532000000000000e+06 1.593000000000000000e+03 1.478000000000000000e+03 1.478000000000000000e+03 7.716300000000000000e+04 4.918500000000000000e+04
9.915812000000000000e+06 1.529000000000000000e+03 1.532000000000000000e+03 1.480000000000000000e+03 7.789100000000000000e+04 4.957200000000000000e+04
9.915020000000000000e+06 1.554000000000000000e+03 1.524000000000000000e+03 1.464000000000000000e+03 7.868200000000000000e+04 4.995600000000000000e+04
9.914228000000000000e+06 1.571000000000000000e+03 1.562000000000000000e+03 1.480000000000000000e+03 7.940300000000000000e+04 5.034100000000000000e+04
9.913414000000000000e+06 1.582000000000000000e+03 1.558000000000000000e+03 1.510000000000000000e+03 8.018000000000000000e+04 5.072300000000000000e+04
9.912631000000000000e+06 1.598000000000000000e+03 1.570000000000000000e+03 1.505000000000000000e+03 8.094000000000000000e+04 5.111800000000000000e+04
9.911765000000000000e+06 1.642000000000000000e+03 1.570000000000000000e+03 1.511000000000000000e+03 8.175600000000000000e+04 5.150600000000000000e+04
9.910935000000000000e+06 1.691000000000000000e+03 1.565000000000000000e+03 1.552000000000000000e+03 8.250100000000000000e+04 5.190700000000000000e+04
9.910104000000000000e+06 1.648000000000000000e+03 1.609000000000000000e+03 1.588000000000000000e+03 8.329500000000000000e+04 5.230700000000000000e+04
9.909309000000000000e+06 1.622000000000000000e+03 1.622000000000000000e+03 1.647000000000000000e+03 8.404400000000000000e+04 5.270200000000000000e+04
9.908492000000000000e+06 1.636000000000000000e+03 1.619000000000000000e+03 1.615000000000000000e+03 8.488200000000000000e+04 5.308800000000000000e+04
9.907626000000000000e+06 1.696000000000000000e+03 1.661000000000000000e+03 1.585000000000000000e+03 8.567600000000000000e+04 5.347700000000000000e+04
9.906751000000000000e+06 1.728000000000000000e+03 1.647000000000000000e+03 1.635000000000000000e+03 8.648300000000000000e+04 5.390800000000000000e+04
9.905852000000000000e+06 1.757000000000000000e+03 1.649000000000000000e+03 1.650000000000000000e+03 8.733600000000000000e+04 5.429700000000000000e+04
9.905028000000000000e+06 1.694000000000000000e+03 1.673000000000000000e+03 1.711000000000000000e+03 8.813800000000000000e+04 5.469700000000000000e+04
9.904186000000000000e+06 1.693000000000000000e+03 1.669000000000000000e+03 1.708000000000000000e+03 8.898800000000000000e+04 5.508400000000000000e+04
9.903271000000000000e+06 1.781000000000000000e+03 1.649000000000000000e+03 1.698000000000000000e+03 8.984500000000000000e+04 5.548500000000000000e+04
9.902418000000000000e+06 1.732000000000000000e+03 1.680000000000000000e+03 1.758000000000000000e+03 9.065600000000000000e+04 5.589200000000000000e+04
9.901541000000000000e+06 1.725000000000000000e+03 1.667000000000000000e+03 1.731000000000000000e+03 9.158000000000000000e+04 5.629800000000000000e+04
9.900646000000000000e+06 1.788000000000000000e+03 1.662000000000000000e+03 1.700000000000000000e+03 9.244800000000000000e+04 5.669600000000000000e+04
9.899755000000000000e+06 1.818000000000000000e+03 1.693000000000000000e+03 1.688000000000000000e+03 9.329000000000000000e+04 5.711200000000000000e+04
9.898881000000000000e+06 1.755000000000000000e+03 1.737000000000000000e+03 1.723000000000000000e+03 9.414800000000000000e+04 5.749900000000000000e+04
9.897968000000000000e+06 1.788000000000000000e+03 1.753000000000000000e+03 1.718000000000000000e+03 9.501700000000000000e+04 5.790100000000000000e+04
9.897048000000000000e+06 1.824000000000000000e+03 1.755000000000000000e+03 1.715000000000000000e+03 9.590200000000000000e+04 5.829200000000000000e+04
9.896150000000000000e+06 1.814000000000000000e+03 1.821000000000000000e+03 1.714000000000000000e+03 9.674500000000000000e+04 5.868600000000000000e+04
9.895199000000000000e+06 1.918000000000000000e+03 1.820000000000000000e+03 1.689000000000000000e+03 9.761800000000000000e+04 5.908900000000000000e+04
9.894253000000000000e+06 1.914000000000000000e+03 1.835000000000000000e+03 1.757000000000000000e+03 9.848500000000000000e+04 5.950400000000000000e+04
9.893337000000000000e+06 1.845000000000000000e+03 1.936000000000000000e+03 1.822000000000000000e+03 9.930400000000000000e+04 5.990100000000000000e+04
9.892379000000000000e+06 1.798000000000000000e+03 1.944000000000000000e+03 1.855000000000000000e+03 1.002680000000000000e+05 6.028500000000000000e+04
9.891358000000000000e+06 1.904000000000000000e+03 1.921000000000000000e+03 1.848000000000000000e+03 1.012130000000000000e+05 6.071500000000000000e+04
9.890372000000000000e+06 1.915000000000000000e+03 1.913000000000000000e+03 1.855000000000000000e+03 1.021890000000000000e+05 6.113600000000000000e+04
9.889382000000000000e+06 1.970000000000000000e+03 1.866000000000000000e+03 1.853000000000000000e+03 1.031730000000000000e+05 6.154000000000000000e+04
9.888373000000000000e+06 1.976000000000000000e+03 1.866000000000000000e+03 1.903000000000000000e+03 1.041260000000000000e+05 6.194900000000000000e+04
9.887400000000000000e+06 1.974000000000000000e+03 1.907000000000000000e+03 1.939000000000000000e+03 1.050240000000000000e+05 6.235100000000000000e+04
9.886421000000000000e+06 1.943000000000000000e+03 1.954000000000000000e+03 1.905000000000000000e+03 1.060210000000000000e+05 6.275700000000000000e+04
9.885376000000000000e+06 2.013000000000000000e+03 1.978000000000000000e+03 1.891000000000000000e+03 1.069860000000000000e+05 6.317600000000000000e+04
9.884365000000000000e+06 2.011000000000000000e+03 1.959000000000000000e+03 1.895000000000000000e+03 1.080140000000000000e+05 6.359300000000000000e+04
9.883363000000000000e+06 2.007000000000000000e+03 2.009000000000000000e+03 1.921000000000000000e+03 1.089440000000000000e+05 6.402900000000000000e+04
9.882341000000000000e+06 2.032000000000000000e+03 2.012000000000000000e+03 1.931000000000000000e+03 1.099280000000000000e+05 6.448300000000000000e+04
9.881314000000000000e+06 2.022000000000000000e+03 2.035000000000000000e+03 1.981000000000000000e+03 1.108920000000000000e+05 6.490900000000000000e+04
9.880292000000000000e+06 2.031000000000000000e+03 2.005000000000000000e+03 2.002000000000000000e+03 1.119140000000000000e+05 6.533100000000000000e+04
9.879291000000000000e+06 2.097000000000000000e+03 1.999000000000000000e+03 1.971000000000000000e+03 1.128860000000000000e+05 6.574300000000000000e+04
9.878295000000000000e+06 2.078000000000000000e+03 1.982000000000000000e+03 1.955000000000000000e+03 1.139340000000000000e+05 6.616000000000000000e+04
9.877277000000000000e+06 2.012000000000000000e+03 2.017000000000000000e+03 1.979000000000000000e+03 1.149590000000000000e+05 6.660100000000000000e+04
9.876258000000000000e+06 2.046000000000000000e+03 2.018000000000000000e+03 1.977000000000000000e+03 1.159450000000000000e+05 6.703400000000000000e+04
9.875166000000000000e+06 2.124000000000000000e+03 2.006000000000000000e+03 1.990000000000000000e+03 1.169580000000000000e+05 6.746300000000000000e+04
9.874155000000000000e+06 2.109000000000000000e+03 1.955000000000000000e+03 2.007000000000000000e+03 1.180180000000000000e+05 6.788200000000000000e+04
9.873116000000000000e+06 2.076000000000000000e+03 2.027000000000000000e+03 1.999000000000000000e+03 1.190260000000000000e+05 6.833300000000000000e+04
9.872092000000000000e+06 2.105000000000000000e+03 1.986000000000000000e+03 2.023000000000000000e+03 1.200380000000000000e+05 6.876400000000000000e+04
9.871092000000000000e+06 2.081000000000000000e+03 2.052000000000000000e+03 2.041000000000000000e+03 1.209780000000000000e+05 6.915700000000000000e+04
9.870045000000000000e+06 2.070000000000000000e+03 2.045000000000000000e+03 2.084000000000000000e+03 1.220000000000000000e+05 6.957700000000000000e+04
9.868986000000000000e+06 2.120000000000000000e+03 2.044000000000000000e+03 2.033000000000000000e+03 1.230610000000000000e+05 6.997900000000000000e+04
9.867920000000000000e+06 2.136000000000000000e+03 2.045000000000000000e+03 2.073000000000000000e+03 1.240700000000000000e+05 7.042800000000000000e+04
9.866857000000000000e+06 2.105000000000000000e+03 2.157000000000000000e+03 2.056000000000000000e+03 1.250690000000000000e+05 7.086800000000000000e+04
9.865760000000000000e+06 2.149000000000000000e+03 2.173000000000000000e+03 2.061000000000000000e+03 1.261010000000000000e+05 7.129900000000000000e+04
9.864613000000000000e+06 2.264000000000000000e+03 2.145000000000000000e+03 2.039000000000000000e+03 1.271830000000000000e+05 7.173700000000000000e+04
9.863518000000000000e+06 2.210000000000000000e+03 2.178000000000000000e+03 2.098000000000000000e+03 1.282400000000000000e+05 7.217000000000000000e+04
9.862317000000000000e+06 2.241000000000000000e+03 2.186000000000000000e+03 2.231000000000000000e+03 1.292690000000000000e+05 7.259500000000000000e+04
9.861236000000000000e+06 2.194000000000000000e+03 2.219000000000000000e+03 2.226000000000000000e+03 1.303690000000000000e+05 7.301600000000000000e+04
9.860123000000000000e+06 2.223000000000000000e+03 2.235000000000000000e+03 2.192000000000000000e+03 1.314710000000000000e+05 7.345700000000000000e+04
9.859012000000000000e+06 2.258000000000000000e+03 2.240000000000000000e+03 2.168000000000000000e+03 1.325660000000000000e+05 7.387500000000000000e+04
9.857884000000000000e+06 2.250000000000000000e+03 2.252000000000000000e+03 2.208000000000000000e+03 1.336500000000000000e+05 7.432300000000000000e+04
9.856737000000000000e+06 2.277000000000000000e+03 2.221000000000000000e+03 2.217000000000000000e+03 1.347920000000000000e+05 7.474800000000000000e+04
9.855578000000000000e+06 2.307000000000000000e+03 2.245000000000000000e+03 2.206000000000000000e+03 1.359080000000000000e+05 7.519800000000000000e+04
9.854393000000000000e+06 2.319000000000000000e+03 2.245000000000000000e+03 2.287000000000000000e+03 1.370000000000000000e+05 7.562300000000000000e+04
9.853207000000000000e+06 2.357000000000000000e+03 2.274000000000000000e+03 2.247000000000000000e+03 1.381590000000000000e+05 7.606300000000000000e+04
9.852013000000000000e+06 2.382000000000000000e+03 2.323000000000000000e+03 2.234000000000000000e+03 1.392920000000000000e+05 7.652600000000000000e+04
9.850796000000000000e+06 2.432000000000000000e+03 2.300000000000000000e+03 2.231000000000000000e+03 1.404850000000000000e+05 7.697100000000000000e+04
9.849594000000000000e+06 2.435000000000000000e+03 2.352000000000000000e+03 2.255000000000000000e+03 1.416080000000000000e+05 7.741700000000000000e+04
9.848314000000000000e+06 2.428000000000000000e+03 2.398000000000000000e+03 2.336000000000000000e+03 1.427680000000000000e+05 7.789600000000000000e+04
9.847084000000000000e+06 2.436000000000000000e+03 2.451000000000000000e+03 2.365000000000000000e+03 1.439080000000000000e+05 7.834600000000000000e+04
9.845854000000000000e+06 2.468000000000000000e+03 2.439000000000000000e+03 2.297000000000000000e+03 1.451860000000000000e+05 7.877700000000000000e+04
9.844576000000000000e+06 2.504000000000000000e+03 2.440000000000000000e+03 2.345000000000000000e+03 1.463790000000000000e+05 7.922000000000000000e+04
9.843329000000000000e+06 2.533000000000000000e+03 2.461000000000000000e+03 2.331000000000000000e+03 1.475900000000000000e+05 7.965000000000000000e+04
9.842067000000000000e+06 2.507000000000000000e+03 2.485000000000000000e+03 2.349000000000000000e+03 1.488360000000000000e+05 8.009600000000000000e+04
9.840737000000000000e+06 2.582000000000000000e+03 2.522000000000000000e+03 2.390000000000000000e+03 1.500130000000000000e+05 8.051600000000000000e+04
9.839457000000000000e+06 2.634000000000000000e+03 2.553000000000000000e+03 2.370000000000000000e+03 1.512300000000000000e+05 8.091900000000000000e+04
9.838127000000000000e+06 2.655000000000000000e+03 2.567000000000000000e+03 2.454000000000000000e+03 1.524410000000000000e+05 8.135100000000000000e+04
9.836817000000000000e+06 2.646000000000000000e+03 2.570000000000000000e+03 2.501000000000000000e+03 1.537100000000000000e+05 8.178900000000000000e+04
9.835512000000000000e+06 2.606000000000000000e+03 2.635000000000000000e+03 2.564000000000000000e+03 1.549270000000000000e+05 8.222900000000000000e+04
9.834153000000000000e+06 2.677000000000000000e+03 2.624000000000000000e+03 2.567000000000000000e+03 1.562230000000000000e+05 8.263900000000000000e+04
9.832813000000000000e+06 2.673000000000000000e+03 2.630000000000000000e+03 2.638000000000000000e+03 1.574900000000000000e+05 8.307300000000000000e+04
9.831413000000000000e+06 2.756000000000000000e+03 2.649000000000000000e+03 2.673000000000000000e+03 1.587530000000000000e+05 8.351000000000000000e+04
9.830085000000000000e+06 2.732000000000000000e+03 2.658000000000000000e+03 2.660000000000000000e+03 1.601090000000000000e+05 8.394600000000000000e+04
9.828747000000000000e+06 2.720000000000000000e+03 2.697000000000000000e+03 2.608000000000000000e+03 1.614720000000000000e+05 8.441100000000000000e+04
9.827362000000000000e+06 2.681000000000000000e+03 2.725000000000000000e+03 2.660000000000000000e+03 1.628160000000000000e+05 8.483400000000000000e+04
9.825961000000000000e+06 2.795000000000000000e+03 2.702000000000000000e+03 2.642000000000000000e+03 1.641440000000000000e+05 8.526400000000000000e+04
9.824606000000000000e+06 2.789000000000000000e+03 2.735000000000000000e+03 2.639000000000000000e+03 1.654750000000000000e+05 8.569400000000000000e+04
9.823110000000000000e+06 2.926000000000000000e+03 2.708000000000000000e+03 2.661000000000000000e+03 1.668390000000000000e+05 8.612900000000000000e+04
9.821730000000000000e+06 2.828000000000000000e+03 2.794000000000000000e+03 2.774000000000000000e+03 1.681180000000000000e+05 8.656900000000000000e+04
9.820251000000000000e+06 2.889000000000000000e+03 2.865000000000000000e+03 2.738000000000000000e+03 1.695010000000000000e+05 8.703200000000000000e+04
9.818801000000000000e+06 2.893000000000000000e+03 2.895000000000000000e+03 2.774000000000000000e+03 1.708810000000000000e+05 8.750000000000000000e+04
9.817344000000000000e+06 2.922000000000000000e+03 2.852000000000000000e+03 2.802000000000000000e+03 1.723240000000000000e+05 8.795300000000000000e+04
9.815830000000000000e+06 2.986000000000000000e+03 2.842000000000000000e+03 2.889000000000000000e+03 1.736970000000000000e+05 8.842300000000000000e+04
9.814340000000000000e+06 2.986000000000000000e+03 2.869000000000000000e+03 2.960000000000000000e+03 1.750890000000000000e+05 8.887300000000000000e+04
9.812835000000000000e+06 2.987000000000000000e+03 2.880000000000000000e+03 3.007000000000000000e+03 1.765350000000000000e+05 8.935100000000000000e+04
9.811444000000000000e+06 2.906000000000000000e+03 2.905000000000000000e+03 2.997000000000000000e+03 1.779920000000000000e+05 8.982200000000000000e+04
9.809957000000000000e+06 2.966000000000000000e+03 2.905000000000000000e+03 2.926000000000000000e+03 1.794900000000000000e+05 9.028300000000000000e+04
9.808468000000000000e+06 2.970000000000000000e+03 2.974000000000000000e+03 2.942000000000000000e+03 1.808900000000000000e+05 9.074100000000000000e+04
9.806873000000000000e+06 3.040000000000000000e+03 2.929000000000000000e+03 2.990000000000000000e+03 1.824120000000000000e+05 9.122900000000000000e+04
9.805348000000000000e+06 3.071000000000000000e+03 2.956000000000000000e+03 2.976000000000000000e+03 1.838930000000000000e+05 9.166600000000000000e+04
9.803820000000000000e+06 3.115000000000000000e+03 2.954000000000000000e+03 2.969000000000000000e+03 1.853860000000000000e+05 9.210600000000000000e+04
9.802273000000000000e+06 3.102000000000000000e+03 3.015000000000000000e+03 2.930000000000000000e+03 1.869240000000000000e+05 9.256700000000000000e+04
9.800723000000000000e+06 3.116000000000000000e+03 3.009000000000000000e+03 2.987000000000000000e+03 1.884090000000000000e+05 9.304500000000000000e+04
9.799192000000000000e+06 3.073000000000000000e+03 3.041000000000000000e+03 3.039000000000000000e+03 1.898990000000000000e+05 9.350800000000000000e+04
9.797658000000000000e+06 3.071000000000000000e+03 3.014000000000000000e+03 3.111000000000000000e+03 1.913900000000000000e+05 9.396600000000000000e+04
9.796134000000000000e+06 3.042000000000000000e+03 3.035000000000000000e+03 3.115000000000000000e+03 1.929180000000000000e+05 9.444000000000000000e+04
9.794593000000000000e+06 3.042000000000000000e+03 3.073000000000000000e+03 3.086000000000000000e+03 1.944500000000000000e+05 9.490300000000000000e+04
9.792979000000000000e+06 3.144000000000000000e+03 3.055000000000000000e+03 3.060000000000000000e+03 1.960060000000000000e+05 9.535500000000000000e+04
9.791428000000000000e+06 3.145000000000000000e+03 3.064000000000000000e+03 3.048000000000000000e+03 1.975590000000000000e+05 9.582300000000000000e+04
9.789782000000000000e+06 3.290000000000000000e+03 3.127000000000000000e+03 2.978000000000000000e+03 1.990670000000000000e+05 9.629200000000000000e+04
9.788186000000000000e+06 3.244000000000000000e+03 3.165000000000000000e+03 3.041000000000000000e+03 2.006080000000000000e+05 9.676600000000000000e+04
9.786605000000000000e+06 3.183000000000000000e+03 3.222000000000000000e+03 3.094000000000000000e+03 2.021400000000000000e+05 9.722000000000000000e+04
9.784984000000000000e+06 3.208000000000000000e+03 3.215000000000000000e+03 3.116000000000000000e+03 2.037210000000000000e+05 9.768400000000000000e+04
9.783306000000000000e+06 3.305000000000000000e+03 3.256000000000000000e+03 3.124000000000000000e+03 2.052530000000000000e+05 9.817200000000000000e+04
9.781694000000000000e+06 3.297000000000000000e+03 3.264000000000000000e+03 3.136000000000000000e+03 2.068530000000000000e+05 9.864300000000000000e+04
9.780033000000000000e+06 3.291000000000000000e+03 3.269000000000000000e+03 3.221000000000000000e+03 2.084300000000000000e+05 9.912300000000000000e+04
9.778319000000000000e+06 3.385000000000000000e+03 3.216000000000000000e+03 3.244000000000000000e+03 2.100800000000000000e+05 9.957700000000000000e+04
9.776694000000000000e+06 3.348000000000000000e+03 3.212000000000000000e+03 3.276000000000000000e+03 2.117140000000000000e+05 1.000280000000000000e+05
9.775058000000000000e+06 3.263000000000000000e+03 3.259000000000000000e+03 3.363000000000000000e+03 2.133010000000000000e+05 1.005060000000000000e+05
9.773425000000000000e+06 3.261000000000000000e+03 3.239000000000000000e+03 3.324000000000000000e+03 2.149950000000000000e+05 1.009740000000000000e+05
9.771746000000000000e+06 3.358000000000000000e+03 3.228000000000000000e+03 3.316000000000000000e+03 2.165960000000000000e+05 1.014250000000000000e+05
9.770115000000000000e+06 3.312000000000000000e+03 3.280000000000000000e+03 3.269000000000000000e+03 2.182680000000000000e+05 1.018990000000000000e+05
9.768394000000000000e+06 3.372000000000000000e+03 3.292000000000000000e+03 3.228000000000000000e+03 2.199580000000000000e+05 1.023700000000000000e+05
9.766710000000000000e+06 3.329000000000000000e+03 3.368000000000000000e+03 3.289000000000000000e+03 2.215480000000000000e+05 1.028350000000000000e+05
9.764936000000000000e+06 3.458000000000000000e+03 3.374000000000000000e+03 3.287000000000000000e+03 2.231890000000000000e+05 1.033110000000000000e+05
9.763158000000000000e+06 3.519000000000000000e+03 3.400000000000000000e+03 3.316000000000000000e+03 2.248510000000000000e+05 1.037790000000000000e+05
9.761428000000000000e+06 3.578000000000000000e+03 3.395000000000000000e+03 3.349000000000000000e+03 2.264940000000000000e+05 1.042420000000000000e+05
9.759715000000000000e+06 3.501000000000000000e+03 3.439000000000000000e+03 3.400000000000000000e+03 2.281890000000000000e+05 1.047200000000000000e+05
9.757979000000000000e+06 3.429000000000000000e+03 3.441000000000000000e+03 3.497000000000000000e+03 2.298980000000000000e+05 1.052040000000000000e+05
9.756144000000000000e+06 3.545000000000000000e+03 3.439000000000000000e+03 3.520000000000000000e+03 2.315960000000000000e+05 1.056900000000000000e+05
9.754328000000000000e+06 3.612000000000000000e+03 3.400000000000000000e+03 3.539000000000000000e+03 2.333650000000000000e+05 1.061570000000000000e+05
9.752636000000000000e+06 3.562000000000000000e+03 3.373000000000000000e+03 3.536000000000000000e+03 2.351370000000000000e+05 1.066430000000000000e+05
9.750889000000000000e+06 3.531000000000000000e+03 3.480000000000000000e+03 3.508000000000000000e+03 2.368360000000000000e+05 1.071200000000000000e+05
9.749029000000000000e+06 3.564000000000000000e+03 3.596000000000000000e+03 3.502000000000000000e+03 2.385530000000000000e+05 1.075920000000000000e+05
9.747102000000000000e+06 3.730000000000000000e+03 3.560000000000000000e+03 3.543000000000000000e+03 2.403090000000000000e+05 1.080780000000000000e+05
9.745359000000000000e+06 3.572000000000000000e+03 3.607000000000000000e+03 3.651000000000000000e+03 2.420550000000000000e+05 1.085650000000000000e+05
9.743462000000000000e+06 3.656000000000000000e+03 3.607000000000000000e+03 3.690000000000000000e+03 2.438290000000000000e+05 1.090160000000000000e+05
9.741587000000000000e+06 3.751000000000000000e+03 3.551000000000000000e+03 3.714000000000000000e+03 2.456410000000000000e+05 1.094970000000000000e+05
9.739818000000000000e+06 3.737000000000000000e+03 3.563000000000000000e+03 3.656000000000000000e+03 2.474700000000000000e+05 1.100040000000000000e+05
9.738011000000000000e+06 3.665000000000000000e+03 3.661000000000000000e+03 3.663000000000000000e+03 2.492440000000000000e+05 1.104940000000000000e+05
9.736140000000000000e+06 3.685000000000000000e+03 3.707000000000000000e+03 3.652000000000000000e+03 2.510600000000000000e+05 1.109770000000000000e+05
9.734211000000000000e+06 3.832000000000000000e+03 3.627000000000000000e+03 3.670000000000000000e+03 2.529040000000000000e+05 1.114380000000000000e+05
9.732372000000000000e+06 3.814000000000000000e+03 3.642000000000000000e+03 3.684000000000000000e+03 2.547320000000000000e+05 1.119320000000000000e+05
9.730582000000000000e+06 3.703000000000000000e+03 3.697000000000000000e+03 3.676000000000000000e+03 2.565860000000000000e+05 1.124250000000000000e+05
9.728715000000000000e+06 3.696000000000000000e+03 3.720000000000000000e+03 3.656000000000000000e+03 2.584570000000000000e+05 1.129090000000000000e+05
9.726799000000000000e+06 3.738000000000000000e+03 3.719000000000000000e+03 3.690000000000000000e+03 2.602980000000000000e+05 1.133930000000000000e+05
9.724879000000000000e+06 3.767000000000000000e+03 3.723000000000000000e+03 3.740000000000000000e+03 2.621350000000000000e+05 1.138880000000000000e+05
9.722961000000000000e+06 3.820000000000000000e+03 3.684000000000000000e+03 3.764000000000000000e+03 2.640150000000000000e+05 1.143850000000000000e+05
9.721062000000000000e+06 3.835000000000000000e+03 3.753000000000000000e+03 3.771000000000000000e+03 2.658230000000000000e+05 1.148850000000000000e+05
9.719080000000000000e+06 3.885000000000000000e+03 3.804000000000000000e+03 3.769000000000000000e+03 2.677060000000000000e+05 1.153620000000000000e+05
9.717143000000000000e+06 3.940000000000000000e+03 3.811000000000000000e+03 3.749000000000000000e+03 2.696010000000000000e+05 1.158540000000000000e+05
9.715238000000000000e+06 3.916000000000000000e+03 3.868000000000000000e+03 3.737000000000000000e+03 2.714850000000000000e+05 1.163480000000000000e+05
9.713332000000000000e+06 3.879000000000000000e+03 3.875000000000000000e+03 3.791000000000000000e+03 2.733670000000000000e+05 1.168480000000000000e+05
9.711353000000000000e+06 3.857000000000000000e+03 3.855000000000000000e+03 3.891000000000000000e+03 2.752880000000000000e+05 1.173150000000000000e+05
9.709325000000000000e+06 3.901000000000000000e+03 3.873000000000000000e+03 3.918000000000000000e+03 2.772270000000000000e+05 1.177950000000000000e+05
9.707365000000000000e+06 3.933000000000000000e+03 3.881000000000000000e+03 3.884000000000000000e+03 2.791810000000000000e+05 1.183000000000000000e+05
9.705360000000000000e+06 3.930000000000000000e+03 3.936000000000000000e+03 3.904000000000000000e+03 2.811140000000000000e+05 1.187890000000000000e+05
9.703383000000000000e+06 3.943000000000000000e+03 3.951000000000000000e+03 3.896000000000000000e+03 2.830710000000000000e+05 1.192720000000000000e+05
9.701391000000000000e+06 3.925000000000000000e+03 3.964000000000000000e+03 3.996000000000000000e+03 2.849680000000000000e+05 1.197460000000000000e+05
9.699377000000000000e+06 4.054000000000000000e+03 3.902000000000000000e+03 3.941000000000000000e+03 2.869700000000000000e+05 1.202370000000000000e+05
9.697380000000000000e+06 4.017000000000000000e+03 3.904000000000000000e+03 3.969000000000000000e+03 2.889740000000000000e+05 1.207340000000000000e+05
9.695461000000000000e+06 3.966000000000000000e+03 3.844000000000000000e+03 3.973000000000000000e+03 2.910000000000000000e+05 1.212140000000000000e+05
9.693527000000000000e+06 3.914000000000000000e+03 3.926000000000000000e+03 3.937000000000000000e+03 2.929400000000000000e+05 1.217010000000000000e+05
9.691542000000000000e+06 3.885000000000000000e+03 3.937000000000000000e+03 3.968000000000000000e+03 2.949120000000000000e+05 1.222070000000000000e+05
9.689495000000000000e+06 3.954000000000000000e+03 3.916000000000000000e+03 3.961000000000000000e+03 2.969180000000000000e+05 1.226980000000000000e+05
9.687577000000000000e+06 3.903000000000000000e+03 3.904000000000000000e+03 3.912000000000000000e+03 2.989480000000000000e+05 1.231940000000000000e+05
9.685549000000000000e+06 4.016000000000000000e+03 3.835000000000000000e+03 3.878000000000000000e+03 3.009660000000000000e+05 1.236940000000000000e+05
9.683563000000000000e+06 3.999000000000000000e+03 3.881000000000000000e+03 3.927000000000000000e+03 3.028740000000000000e+05 1.242060000000000000e+05
9.681584000000000000e+06 3.950000000000000000e+03 3.914000000000000000e+03 3.956000000000000000e+03 3.048400000000000000e+05 1.246880000000000000e+05
9.679588000000000000e+06 3.978000000000000000e+03 3.920000000000000000e+03 3.982000000000000000e+03 3.067760000000000000e+05 1.251820000000000000e+05
9.677617000000000000e+06 3.968000000000000000e+03 3.938000000000000000e+03 3.969000000000000000e+03 3.087520000000000000e+05 1.256950000000000000e+05
9.675604000000000000e+06 4.012000000000000000e+03 3.944000000000000000e+03 4.000000000000000000e+03 3.106840000000000000e+05 1.262050000000000000e+05
9.673530000000000000e+06 4.160000000000000000e+03 3.946000000000000000e+03 3.934000000000000000e+03 3.126740000000000000e+05 1.267170000000000000e+05
9.671503000000000000e+06 4.052000000000000000e+03 4.078000000000000000e+03 4.015000000000000000e+03 3.145960000000000000e+05 1.272180000000000000e+05
9.669386000000000000e+06 4.163000000000000000e+03 4.056000000000000000e+03 4.053000000000000000e+03 3.165860000000000000e+05 1.277330000000000000e+05
9.667321000000000000e+06 4.183000000000000000e+03 4.040000000000000000e+03 4.098000000000000000e+03 3.186020000000000000e+05 1.282460000000000000e+05
9.665259000000000000e+06 4.195000000000000000e+03 4.062000000000000000e+03 4.099000000000000000e+03 3.206290000000000000e+05 1.287810000000000000e+05
9.663234000000000000e+06 4.080000000000000000e+03 4.104000000000000000e+03 4.093000000000000000e+03 3.227330000000000000e+05 1.292830000000000000e+05
9.661112000000000000e+06 4.146000000000000000e+03 4.117000000000000000e+03 4.164000000000000000e+03 3.247050000000000000e+05 1.297800000000000000e+05
9.659020000000000000e+06 4.194000000000000000e+03 4.166000000000000000e+03 4.094000000000000000e+03 3.267700000000000000e+05 1.302740000000000000e+05
9.656905000000000000e+06 4.233000000000000000e+03 4.117000000000000000e+03 4.122000000000000000e+03 3.288670000000000000e+05 1.307780000000000000e+05
9.654847000000000000e+06 4.231000000000000000e+03 4.121000000000000000e+03 4.138000000000000000e+03 3.309070000000000000e+05 1.312570000000000000e+05
9.652757000000000000e+06 4.273000000000000000e+03 4.095000000000000000e+03 4.105000000000000000e+03 3.330140000000000000e+05 1.317760000000000000e+05
9.650654000000000000e+06 4.290000000000000000e+03 4.118000000000000000e+03 4.177000000000000000e+03 3.350050000000000000e+05 1.322990000000000000e+05
9.648617000000000000e+06 4.259000000000000000e+03 4.168000000000000000e+03 4.156000000000000000e+03 3.370440000000000000e+05 1.328120000000000000e+05
9.646465000000000000e+06 4.347000000000000000e+03 4.143000000000000000e+03 4.107000000000000000e+03 3.391820000000000000e+05 1.333300000000000000e+05
9.644356000000000000e+06 4.382000000000000000e+03 4.078000000000000000e+03 4.096000000000000000e+03 3.413320000000000000e+05 1.338450000000000000e+05
9.642263000000000000e+06 4.373000000000000000e+03 4.120000000000000000e+03 4.060000000000000000e+03 3.434280000000000000e+05 1.343620000000000000e+05
9.640172000000000000e+06 4.301000000000000000e+03 4.224000000000000000e+03 4.138000000000000000e+03 3.454090000000000000e+05 1.348890000000000000e+05
9.638050000000000000e+06 4.294000000000000000e+03 4.294000000000000000e+03 4.093000000000000000e+03 3.475130000000000000e+05 1.353970000000000000e+05
9.635860000000000000e+06 4.273000000000000000e+03 4.288000000000000000e+03 4.166000000000000000e+03 3.496570000000000000e+05 1.359010000000000000e+05
9.633657000000000000e+06 4.345000000000000000e+03 4.214000000000000000e+03 4.231000000000000000e+03 3.517970000000000000e+05 1.363910000000000000e+05
9.631441000000000000e+06 4.426000000000000000e+03 4.275000000000000000e+03 4.247000000000000000e+03 3.538550000000000000e+05 1.368980000000000000e+05
9.629254000000000000e+06 4.377000000000000000e+03 4.378000000000000000e+03 4.302000000000000000e+03 3.559330000000000000e+05 1.373930000000000000e+05
9.627011000000000000e+06 4.386000000000000000e+03 4.401000000000000000e+03 4.420000000000000000e+03 3.580260000000000000e+05 1.379120000000000000e+05
9.624768000000000000e+06 4.394000000000000000e+03 4.441000000000000000e+03 4.468000000000000000e+03 3.601730000000000000e+05 1.384370000000000000e+05
9.622604000000000000e+06 4.347000000000000000e+03 4.460000000000000000e+03 4.416000000000000000e+03 3.624170000000000000e+05 1.389520000000000000e+05
9.620397000000000000e+06 4.372000000000000000e+03 4.416000000000000000e+03 4.471000000000000000e+03 3.645880000000000000e+05 1.394230000000000000e+05
9.618125000000000000e+06 4.456000000000000000e+03 4.390000000000000000e+03 4.392000000000000000e+03 3.668810000000000000e+05 1.399050000000000000e+05
9.615809000000000000e+06 4.472000000000000000e+03 4.434000000000000000e+03 4.470000000000000000e+03 3.690590000000000000e+05 1.404350000000000000e+05
9.613531000000000000e+06 4.518000000000000000e+03 4.436000000000000000e+03 4.465000000000000000e+03 3.712940000000000000e+05 1.409230000000000000e+05
9.611249000000000000e+06 4.498000000000000000e+03 4.523000000000000000e+03 4.478000000000000000e+03 3.734960000000000000e+05 1.414240000000000000e+05
9.608955000000000000e+06 4.591000000000000000e+03 4.524000000000000000e+03 4.487000000000000000e+03 3.756870000000000000e+05 1.419450000000000000e+05
9.606710000000000000e+06 4.555000000000000000e+03 4.532000000000000000e+03 4.517000000000000000e+03 3.779300000000000000e+05 1.424810000000000000e+05
9.604386000000000000e+06 4.683000000000000000e+03 4.518000000000000000e+03 4.408000000000000000e+03 3.802490000000000000e+05 1.429720000000000000e+05
9.602250000000000000e+06 4.554000000000000000e+03 4.490000000000000000e+03 4.499000000000000000e+03 3.824510000000000000e+05 1.434960000000000000e+05
9.599968000000000000e+06 4.533000000000000000e+03 4.496000000000000000e+03 4.467000000000000000e+03 3.847800000000000000e+05 1.440270000000000000e+05
9.597619000000000000e+06 4.625000000000000000e+03 4.420000000000000000e+03 4.539000000000000000e+03 3.870410000000000000e+05 1.445500000000000000e+05
9.595325000000000000e+06 4.605000000000000000e+03 4.465000000000000000e+03 4.552000000000000000e+03 3.892970000000000000e+05 1.450770000000000000e+05
9.592975000000000000e+06 4.667000000000000000e+03 4.498000000000000000e+03 4.561000000000000000e+03 3.915430000000000000e+05 1.455760000000000000e+05
9.590726000000000000e+06 4.572000000000000000e+03 4.565000000000000000e+03 4.600000000000000000e+03 3.937810000000000000e+05 1.460830000000000000e+05
9.588365000000000000e+06 4.592000000000000000e+03 4.635000000000000000e+03 4.664000000000000000e+03 3.959880000000000000e+05 1.465990000000000000e+05
9.586074000000000000e+06 4.594000000000000000e+03 4.551000000000000000e+03 4.619000000000000000e+03 3.984060000000000000e+05 1.471100000000000000e+05
9.583811000000000000e+06 4.614000000000000000e+03 4.533000000000000000e+03 4.595000000000000000e+03 4.006910000000000000e+05 1.475960000000000000e+05
9.581475000000000000e+06 4.705000000000000000e+03 4.504000000000000000e+03 4.534000000000000000e+03 4.030260000000000000e+05 1.481000000000000000e+05
9.579064000000000000e+06 4.747000000000000000e+03 4.523000000000000000e+03 4.544000000000000000e+03 4.053660000000000000e+05 1.486470000000000000e+05
9.576790000000000000e+06 4.720000000000000000e+03 4.601000000000000000e+03 4.563000000000000000e+03 4.075700000000000000e+05 1.491990000000000000e+05
9.574461000000000000e+06 4.711000000000000000e+03 4.634000000000000000e+03 4.635000000000000000e+03 4.098030000000000000e+05 1.497370000000000000e+05
9.572141000000000000e+06 4.701000000000000000e+03 4.696000000000000000e+03 4.587000000000000000e+03 4.121190000000000000e+05 1.502260000000000000e+05
9.569627000000000000e+06 4.884000000000000000e+03 4.664000000000000000e+03 4.568000000000000000e+03 4.145010000000000000e+05 1.507510000000000000e+05
9.567311000000000000e+06 4.744000000000000000e+03 4.783000000000000000e+03 4.665000000000000000e+03 4.167410000000000000e+05 1.512590000000000000e+05
9.564914000000000000e+06 4.772000000000000000e+03 4.787000000000000000e+03 4.697000000000000000e+03 4.190740000000000000e+05 1.517840000000000000e+05
9.562621000000000000e+06 4.749000000000000000e+03 4.781000000000000000e+03 4.711000000000000000e+03 4.213820000000000000e+05 1.523020000000000000e+05
9.560111000000000000e+06 4.848000000000000000e+03 4.716000000000000000e+03 4.819000000000000000e+03 4.237500000000000000e+05 1.528310000000000000e+05
9.557786000000000000e+06 4.774000000000000000e+03 4.693000000000000000e+03 4.801000000000000000e+03 4.261900000000000000e+05 1.533700000000000000e+05
9.555355000000000000e+06 4.876000000000000000e+03 4.650000000000000000e+03 4.763000000000000000e+03 4.286000000000000000e+05 1.538880000000000000e+05
9.553020000000000000e+06 4.816000000000000000e+03 4.680000000000000000e+03 4.715000000000000000e+03 4.310130000000000000e+05 1.544030000000000000e+05
9.550642000000000000e+06 4.798000000000000000e+03 4.714000000000000000e+03 4.720000000000000000e+03 4.333700000000000000e+05 1.549120000000000000e+05
9.548286000000000000e+06 4.784000000000000000e+03 4.664000000000000000e+03 4.802000000000000000e+03 4.357080000000000000e+05 1.554690000000000000e+05
9.545931000000000000e+06 4.844000000000000000e+03 4.680000000000000000e+03 4.736000000000000000e+03 4.380530000000000000e+05 1.559960000000000000e+05
9.543592000000000000e+06 4.797000000000000000e+03 4.664000000000000000e+03 4.733000000000000000e+03 4.404580000000000000e+05 1.565230000000000000e+05
9.541294000000000000e+06 4.719000000000000000e+03 4.687000000000000000e+03 4.743000000000000000e+03 4.428010000000000000e+05 1.570820000000000000e+05
9.539002000000000000e+06 4.636000000000000000e+03 4.640000000000000000e+03 4.814000000000000000e+03 4.451520000000000000e+05 1.576090000000000000e+05
9.536736000000000000e+06 4.614000000000000000e+03 4.540000000000000000e+03 4.796000000000000000e+03 4.475580000000000000e+05 1.581330000000000000e+05
9.534422000000000000e+06 4.659000000000000000e+03 4.591000000000000000e+03 4.665000000000000000e+03 4.499070000000000000e+05 1.586730000000000000e+05
9.532147000000000000e+06 4.582000000000000000e+03 4.651000000000000000e+03 4.624000000000000000e+03 4.522400000000000000e+05 1.592010000000000000e+05
9.529746000000000000e+06 4.661000000000000000e+03 4.703000000000000000e+03 4.561000000000000000e+03 4.545730000000000000e+05 1.597320000000000000e+05
9.527316000000000000e+06 4.767000000000000000e+03 4.748000000000000000e+03 4.584000000000000000e+03 4.568290000000000000e+05 1.602750000000000000e+05
9.524927000000000000e+06 4.866000000000000000e+03 4.728000000000000000e+03 4.543000000000000000e+03 4.591800000000000000e+05 1.607960000000000000e+05
9.522603000000000000e+06 4.830000000000000000e+03 4.734000000000000000e+03 4.559000000000000000e+03 4.615180000000000000e+05 1.613150000000000000e+05
9.520095000000000000e+06 4.935000000000000000e+03 4.685000000000000000e+03 4.655000000000000000e+03 4.638740000000000000e+05 1.618550000000000000e+05
9.517715000000000000e+06 4.878000000000000000e+03 4.713000000000000000e+03 4.740000000000000000e+03 4.661980000000000000e+05 1.623510000000000000e+05
9.515307000000000000e+06 4.848000000000000000e+03 4.766000000000000000e+03 4.816000000000000000e+03 4.685070000000000000e+05 1.628900000000000000e+05
9.512844000000000000e+06 4.908000000000000000e+03 4.785000000000000000e+03 4.797000000000000000e+03 4.709100000000000000e+05 1.634340000000000000e+05
9.510417000000000000e+06 4.956000000000000000e+03 4.794000000000000000e+03 4.764000000000000000e+03 4.733130000000000000e+05 1.639470000000000000e+05
9.508063000000000000e+06 4.862000000000000000e+03 4.857000000000000000e+03 4.730000000000000000e+03 4.757320000000000000e+05 1.644540000000000000e+05
9.505550000000000000e+06 4.976000000000000000e+03 4.807000000000000000e+03 4.721000000000000000e+03 4.781900000000000000e+05 1.649750000000000000e+05
9.503193000000000000e+06 4.869000000000000000e+03 4.830000000000000000e+03 4.777000000000000000e+03 4.805750000000000000e+05 1.654940000000000000e+05
9.500863000000000000e+06 4.831000000000000000e+03 4.870000000000000000e+03 4.727000000000000000e+03 4.829530000000000000e+05 1.660200000000000000e+05
9.498394000000000000e+06 4.813000000000000000e+03 4.923000000000000000e+03 4.834000000000000000e+03 4.852800000000000000e+05 1.665440000000000000e+05
9.495939000000000000e+06 4.830000000000000000e+03 4.883000000000000000e+03 4.841000000000000000e+03 4.877510000000000000e+05 1.670680000000000000e+05
9.493491000000000000e+06 4.873000000000000000e+03 4.834000000000000000e+03 4.885000000000000000e+03 4.901610000000000000e+05 1.676260000000000000e+05
9.491036000000000000e+06 4.879000000000000000e+03 4.829000000000000000e+03 4.879000000000000000e+03 4.926210000000000000e+05 1.681570000000000000e+05
9.488651000000000000e+06 4.911000000000000000e+03 4.813000000000000000e+03 4.846000000000000000e+03 4.950230000000000000e+05 1.686970000000000000e+05
9.486286000000000000e+06 4.900000000000000000e+03 4.757000000000000000e+03 4.886000000000000000e+03 4.974150000000000000e+05 1.692210000000000000e+05
9.483911000000000000e+06 4.867000000000000000e+03 4.776000000000000000e+03 4.920000000000000000e+03 4.997700000000000000e+05 1.697650000000000000e+05
9.481529000000000000e+06 4.886000000000000000e+03 4.696000000000000000e+03 4.875000000000000000e+03 5.022580000000000000e+05 1.702740000000000000e+05
9.479226000000000000e+06 4.720000000000000000e+03 4.714000000000000000e+03 4.907000000000000000e+03 5.046770000000000000e+05 1.707830000000000000e+05
9.476843000000000000e+06 4.781000000000000000e+03 4.692000000000000000e+03 4.918000000000000000e+03 5.070100000000000000e+05 1.713080000000000000e+05
9.474525000000000000e+06 4.701000000000000000e+03 4.792000000000000000e+03 4.854000000000000000e+03 5.093720000000000000e+05 1.718180000000000000e+05
9.472153000000000000e+06 4.743000000000000000e+03 4.783000000000000000e+03 4.718000000000000000e+03 5.118470000000000000e+05 1.723390000000000000e+05
9.469800000000000000e+06 4.797000000000000000e+03 4.765000000000000000e+03 4.711000000000000000e+03 5.141710000000000000e+05 1.728800000000000000e+05
9.467468000000000000e+06 4.797000000000000000e+03 4.704000000000000000e+03 4.663000000000000000e+03 5.166120000000000000e+05 1.734010000000000000e+05
9.465127000000000000e+06 4.683000000000000000e+03 4.764000000000000000e+03 4.735000000000000000e+03 5.189350000000000000e+05 1.739440000000000000e+05
9.462730000000000000e+06 4.681000000000000000e+03 4.789000000000000000e+03 4.776000000000000000e+03 5.212680000000000000e+05 1.744740000000000000e+05
9.460379000000000000e+06 4.631000000000000000e+03 4.771000000000000000e+03 4.826000000000000000e+03 5.236370000000000000e+05 1.750280000000000000e+05
9.458036000000000000e+06 4.700000000000000000e+03 4.657000000000000000e+03 4.730000000000000000e+03 5.261210000000000000e+05 1.755590000000000000e+05
9.455719000000000000e+06 4.665000000000000000e+03 4.676000000000000000e+03 4.648000000000000000e+03 5.285360000000000000e+05 1.760990000000000000e+05
9.453401000000000000e+06 4.568000000000000000e+03 4.676000000000000000e+03 4.679000000000000000e+03 5.309200000000000000e+05 1.766370000000000000e+05
9.451076000000000000e+06 4.608000000000000000e+03 4.653000000000000000e+03 4.681000000000000000e+03 5.332260000000000000e+05 1.771910000000000000e+05
9.448746000000000000e+06 4.578000000000000000e+03 4.653000000000000000e+03 4.685000000000000000e+03 5.355820000000000000e+05 1.777500000000000000e+05
9.446486000000000000e+06 4.554000000000000000e+03 4.610000000000000000e+03 4.613000000000000000e+03 5.379810000000000000e+05 1.782740000000000000e+05
9.444181000000000000e+06 4.648000000000000000e+03 4.505000000000000000e+03 4.597000000000000000e+03 5.403130000000000000e+05 1.787960000000000000e+05
9.442029000000000000e+06 4.545000000000000000e+03 4.486000000000000000e+03 4.585000000000000000e+03 5.425990000000000000e+05 1.793400000000000000e+05
9.439849000000000000e+06 4.505000000000000000e+03 4.378000000000000000e+03 4.637000000000000000e+03 5.448750000000000000e+05 1.798790000000000000e+05
9.437635000000000000e+06 4.447000000000000000e+03 4.453000000000000000e+03 4.565000000000000000e+03 5.471440000000000000e+05 1.804160000000000000e+05
9.435377000000000000e+06 4.470000000000000000e+03 4.501000000000000000e+03 4.521000000000000000e+03 5.493750000000000000e+05 1.809560000000000000e+05
9.433113000000000000e+06 4.526000000000000000e+03 4.528000000000000000e+03 4.420000000000000000e+03 5.516570000000000000e+05 1.814840000000000000e+05
9.430882000000000000e+06 4.479000000000000000e+03 4.593000000000000000e+03 4.401000000000000000e+03 5.538890000000000000e+05 1.820180000000000000e+05
9.428565000000000000e+06 4.525000000000000000e+03 4.528000000000000000e+03 4.431000000000000000e+03 5.561950000000000000e+05 1.825620000000000000e+05
9.426326000000000000e+06 4.524000000000000000e+03 4.525000000000000000e+03 4.402000000000000000e+03 5.584670000000000000e+05 1.830980000000000000e+05
9.424055000000000000e+06 4.556000000000000000e+03 4.533000000000000000e+03 4.386000000000000000e+03 5.607140000000000000e+05 1.836420000000000000e+05
9.421718000000000000e+06 4.671000000000000000e+03 4.492000000000000000e+03 4.452000000000000000e+03 5.629110000000000000e+05 1.841650000000000000e+05
9.419533000000000000e+06 4.511000000000000000e+03 4.479000000000000000e+03 4.566000000000000000e+03 5.651550000000000000e+05 1.846950000000000000e+05
9.417290000000000000e+06 4.541000000000000000e+03 4.427000000000000000e+03 4.576000000000000000e+03 5.674100000000000000e+05 1.852590000000000000e+05
9.415001000000000000e+06 4.607000000000000000e+03 4.397000000000000000e+03 4.539000000000000000e+03 5.697000000000000000e+05 1.857980000000000000e+05
9.412772000000000000e+06 4.532000000000000000e+03 4.375000000000000000e+03 4.670000000000000000e+03 5.718950000000000000e+05 1.863370000000000000e+05
9.410652000000000000e+06 4.435000000000000000e+03 4.366000000000000000e+03 4.681000000000000000e+03 5.741100000000000000e+05 1.868600000000000000e+05
9.408461000000000000e+06 4.443000000000000000e+03 4.368000000000000000e+03 4.543000000000000000e+03 5.764290000000000000e+05 1.873970000000000000e+05
9.406301000000000000e+06 4.419000000000000000e+03 4.373000000000000000e+03 4.435000000000000000e+03 5.787160000000000000e+05 1.879570000000000000e+05
9.404164000000000000e+06 4.400000000000000000e+03 4.380000000000000000e+03 4.367000000000000000e+03 5.809330000000000000e+05 1.885150000000000000e+05
9.401994000000000000e+06 4.411000000000000000e+03 4.354000000000000000e+03 4.368000000000000000e+03 5.831170000000000000e+05 1.890530000000000000e+05
9.399825000000000000e+06 4.417000000000000000e+03 4.326000000000000000e+03 4.344000000000000000e+03 5.853320000000000000e+05 1.895840000000000000e+05
9.397720000000000000e+06 4.355000000000000000e+03 4.405000000000000000e+03 4.298000000000000000e+03 5.874660000000000000e+05 1.901350000000000000e+05
9.395599000000000000e+06 4.282000000000000000e+03 4.362000000000000000e+03 4.329000000000000000e+03 5.896720000000000000e+05 1.906570000000000000e+05
9.393405000000000000e+06 4.367000000000000000e+03 4.327000000000000000e+03 4.315000000000000000e+03 5.918300000000000000e+05 1.911930000000000000e+05
9.391251000000000000e+06 4.422000000000000000e+03 4.227000000000000000e+03 4.359000000000000000e+03 5.939850000000000000e+05 1.917680000000000000e+05
9.389172000000000000e+06 4.269000000000000000e+03 4.243000000000000000e+03 4.423000000000000000e+03 5.961370000000000000e+05 1.922980000000000000e+05
9.387065000000000000e+06 4.298000000000000000e+03 4.204000000000000000e+03 4.344000000000000000e+03 5.983330000000000000e+05 1.928380000000000000e+05
9.385078000000000000e+06 4.125000000000000000e+03 4.208000000000000000e+03 4.361000000000000000e+03 6.004720000000000000e+05 1.933640000000000000e+05
9.382947000000000000e+06 4.188000000000000000e+03 4.197000000000000000e+03 4.282000000000000000e+03 6.026300000000000000e+05 1.938970000000000000e+05
9.380883000000000000e+06 4.166000000000000000e+03 4.225000000000000000e+03 4.212000000000000000e+03 6.047580000000000000e+05 1.944760000000000000e+05
9.378807000000000000e+06 4.172000000000000000e+03 4.193000000000000000e+03 4.215000000000000000e+03 6.068570000000000000e+05 1.950070000000000000e+05
9.376711000000000000e+06 4.202000000000000000e+03 4.128000000000000000e+03 4.163000000000000000e+03 6.090400000000000000e+05 1.955520000000000000e+05
9.374625000000000000e+06 4.211000000000000000e+03 4.068000000000000000e+03 4.193000000000000000e+03 6.111470000000000000e+05 1.961020000000000000e+05
9.372668000000000000e+06 4.124000000000000000e+03 4.113000000000000000e+03 4.157000000000000000e+03 6.131820000000000000e+05 1.966450000000000000e+05
9.370697000000000000e+06 4.061000000000000000e+03 4.079000000000000000e+03 4.152000000000000000e+03 6.152550000000000000e+05 1.971970000000000000e+05
9.368680000000000000e+06 4.085000000000000000e+03 4.019000000000000000e+03 4.148000000000000000e+03 6.173120000000000000e+05 1.977370000000000000e+05
9.366737000000000000e+06 4.026000000000000000e+03 4.032000000000000000e+03 4.079000000000000000e+03 6.193700000000000000e+05 1.982990000000000000e+05
9.364706000000000000e+06 4.018000000000000000e+03 4.078000000000000000e+03 4.011000000000000000e+03 6.214310000000000000e+05 1.988270000000000000e+05
9.362752000000000000e+06 4.041000000000000000e+03 4.032000000000000000e+03 3.875000000000000000e+03 6.235440000000000000e+05 1.993600000000000000e+05
9.360737000000000000e+06 4.085000000000000000e+03 4.007000000000000000e+03 3.913000000000000000e+03 6.255020000000000000e+05 1.999210000000000000e+05
9.358774000000000000e+06 3.978000000000000000e+03 4.086000000000000000e+03 3.918000000000000000e+03 6.274880000000000000e+05 2.004480000000000000e+05
9.356763000000000000e+06 4.018000000000000000e+03 4.029000000000000000e+03 3.925000000000000000e+03 6.295090000000000000e+05 2.009670000000000000e+05
9.354755000000000000e+06 4.002000000000000000e+03 3.998000000000000000e+03 3.999000000000000000e+03 6.314900000000000000e+05 2.015080000000000000e+05
9.352821000000000000e+06 4.018000000000000000e+03 3.985000000000000000e+03 3.886000000000000000e+03 6.335340000000000000e+05 2.020410000000000000e+05
9.350904000000000000e+06 3.993000000000000000e+03 3.970000000000000000e+03 3.899000000000000000e+03 6.354780000000000000e+05 2.025880000000000000e+05
9.348931000000000000e+06 3.968000000000000000e+03 3.976000000000000000e+03 3.976000000000000000e+03 6.373930000000000000e+05 2.031150000000000000e+05
9.347002000000000000e+06 3.966000000000000000e+03 3.910000000000000000e+03 3.949000000000000000e+03 6.394170000000000000e+05 2.036390000000000000e+05
9.345132000000000000e+06 3.815000000000000000e+03 3.856000000000000000e+03 3.976000000000000000e+03 6.414650000000000000e+05 2.041710000000000000e+05
9.343211000000000000e+06 3.836000000000000000e+03 3.843000000000000000e+03 3.919000000000000000e+03 6.434350000000000000e+05 2.047120000000000000e+05
9.341242000000000000e+06 3.882000000000000000e+03 3.840000000000000000e+03 3.930000000000000000e+03 6.453500000000000000e+05 2.052550000000000000e+05
9.339253000000000000e+06 3.959000000000000000e+03 3.906000000000000000e+03 3.828000000000000000e+03 6.472980000000000000e+05 2.058010000000000000e+05
9.337277000000000000e+06 3.908000000000000000e+03 3.899000000000000000e+03 3.826000000000000000e+03 6.493340000000000000e+05 2.063660000000000000e+05
9.335349000000000000e+06 3.920000000000000000e+03 3.922000000000000000e+03 3.796000000000000000e+03 6.512570000000000000e+05 2.068870000000000000e+05
9.333359000000000000e+06 4.009000000000000000e+03 3.856000000000000000e+03 3.781000000000000000e+03 6.532390000000000000e+05 2.074190000000000000e+05
9.331481000000000000e+06 3.947000000000000000e+03 3.872000000000000000e+03 3.806000000000000000e+03 6.551380000000000000e+05 2.079550000000000000e+05
9.329543000000000000e+06 4.006000000000000000e+03 3.781000000000000000e+03 3.785000000000000000e+03 6.571290000000000000e+05 2.084850000000000000e+05
9.327699000000000000e+06 3.869000000000000000e+03 3.809000000000000000e+03 3.826000000000000000e+03 6.590410000000000000e+05 2.090270000000000000e+05
9.325772000000000000e+06 3.852000000000000000e+03 3.856000000000000000e+03 3.853000000000000000e+03 6.609110000000000000e+05 2.095660000000000000e+05
9.323840000000000000e+06 3.862000000000000000e+03 3.861000000000000000e+03 3.904000000000000000e+03 6.627770000000000000e+05 2.101120000000000000e+05
9.321975000000000000e+06 3.862000000000000000e+03 3.858000000000000000e+03 3.861000000000000000e+03 6.646880000000000000e+05 2.106420000000000000e+05
9.320039000000000000e+06 3.889000000000000000e+03 3.864000000000000000e+03 3.858000000000000000e+03 6.665940000000000000e+05 2.111590000000000000e+05
9.318146000000000000e+06 3.870000000000000000e+03 3.869000000000000000e+03 3.867000000000000000e+03 6.684920000000000000e+05 2.117080000000000000e+05
9.316221000000000000e+06 3.902000000000000000e+03 3.911000000000000000e+03 3.772000000000000000e+03 6.704380000000000000e+05 2.122510000000000000e+05
9.314303000000000000e+06 3.889000000000000000e+03 3.946000000000000000e+03 3.833000000000000000e+03 6.722730000000000000e+05 2.127890000000000000e+05
9.312321000000000000e+06 3.951000000000000000e+03 3.865000000000000000e+03 3.815000000000000000e+03 6.742920000000000000e+05 2.133190000000000000e+05
9.310451000000000000e+06 3.821000000000000000e+03 3.858000000000000000e+03 3.843000000000000000e+03 6.762710000000000000e+05 2.138400000000000000e+05
9.308577000000000000e+06 3.839000000000000000e+03 3.814000000000000000e+03 3.844000000000000000e+03 6.781700000000000000e+05 2.143570000000000000e+05
9.306704000000000000e+06 3.728000000000000000e+03 3.885000000000000000e+03 3.906000000000000000e+03 6.800210000000000000e+05 2.148670000000000000e+05
9.304807000000000000e+06 3.778000000000000000e+03 3.808000000000000000e+03 3.874000000000000000e+03 6.819770000000000000e+05 2.154270000000000000e+05
9.302986000000000000e+06 3.790000000000000000e+03 3.749000000000000000e+03 3.797000000000000000e+03 6.839220000000000000e+05 2.159540000000000000e+05
9.301103000000000000e+06 3.798000000000000000e+03 3.736000000000000000e+03 3.716000000000000000e+03 6.858910000000000000e+05 2.164930000000000000e+05
9.299288000000000000e+06 3.682000000000000000e+03 3.804000000000000000e+03 3.761000000000000000e+03 6.877090000000000000e+05 2.170320000000000000e+05
9.297370000000000000e+06 3.821000000000000000e+03 3.731000000000000000e+03 3.647000000000000000e+03 6.896750000000000000e+05 2.175650000000000000e+05
9.295530000000000000e+06 3.812000000000000000e+03 3.662000000000000000e+03 3.663000000000000000e+03 6.915770000000000000e+05 2.180980000000000000e+05
9.293707000000000000e+06 3.779000000000000000e+03 3.690000000000000000e+03 3.732000000000000000e+03 6.933360000000000000e+05 2.186040000000000000e+05
9.291861000000000000e+06 3.785000000000000000e+03 3.663000000000000000e+03 3.702000000000000000e+03 6.952330000000000000e+05 2.191450000000000000e+05
9.290120000000000000e+06 3.699000000000000000e+03 3.643000000000000000e+03 3.782000000000000000e+03 6.970000000000000000e+05 2.196840000000000000e+05
9.288316000000000000e+06 3.658000000000000000e+03 3.632000000000000000e+03 3.779000000000000000e+03 6.988590000000000000e+05 2.202110000000000000e+05
9.286504000000000000e+06 3.651000000000000000e+03 3.640000000000000000e+03 3.756000000000000000e+03 7.006930000000000000e+05 2.207460000000000000e+05
9.284694000000000000e+06 3.606000000000000000e+03 3.675000000000000000e+03 3.728000000000000000e+03 7.025410000000000000e+05 2.212760000000000000e+05
9.282888000000000000e+06 3.648000000000000000e+03 3.579000000000000000e+03 3.737000000000000000e+03 7.043920000000000000e+05 2.218180000000000000e+05
9.281104000000000000e+06 3.647000000000000000e+03 3.596000000000000000e+03 3.701000000000000000e+03 7.061960000000000000e+05 2.223300000000000000e+05
9.279370000000000000e+06 3.608000000000000000e+03 3.599000000000000000e+03 3.639000000000000000e+03 7.080280000000000000e+05 2.228530000000000000e+05
9.277608000000000000e+06 3.536000000000000000e+03 3.657000000000000000e+03 3.626000000000000000e+03 7.098170000000000000e+05 2.233810000000000000e+05
9.275867000000000000e+06 3.485000000000000000e+03 3.631000000000000000e+03 3.549000000000000000e+03 7.117120000000000000e+05 2.239130000000000000e+05
9.274059000000000000e+06 3.535000000000000000e+03 3.584000000000000000e+03 3.533000000000000000e+03 7.135330000000000000e+05 2.244180000000000000e+05
9.272266000000000000e+06 3.588000000000000000e+03 3.611000000000000000e+03 3.486000000000000000e+03 7.152930000000000000e+05 2.249530000000000000e+05
9.270461000000000000e+06 3.660000000000000000e+03 3.518000000000000000e+03 3.539000000000000000e+03 7.170660000000000000e+05 2.254940000000000000e+05
9.268695000000000000e+06 3.554000000000000000e+03 3.530000000000000000e+03 3.590000000000000000e+03 7.188750000000000000e+05 2.259960000000000000e+05
9.266987000000000000e+06 3.510000000000000000e+03 3.500000000000000000e+03 3.592000000000000000e+03 7.206550000000000000e+05 2.265170000000000000e+05
9.265344000000000000e+06 3.439000000000000000e+03 3.489000000000000000e+03 3.600000000000000000e+03 7.223720000000000000e+05 2.270540000000000000e+05
9.263613000000000000e+06 3.474000000000000000e+03 3.461000000000000000e+03 3.544000000000000000e+03 7.241520000000000000e+05 2.275910000000000000e+05
9.261938000000000000e+06 3.422000000000000000e+03 3.437000000000000000e+03 3.525000000000000000e+03 7.259220000000000000e+05 2.281490000000000000e+05
9.260302000000000000e+06 3.377000000000000000e+03 3.430000000000000000e+03 3.419000000000000000e+03 7.277160000000000000e+05 2.286880000000000000e+05
9.258643000000000000e+06 3.382000000000000000e+03 3.398000000000000000e+03 3.388000000000000000e+03 7.294330000000000000e+05 2.292270000000000000e+05
9.256996000000000000e+06 3.409000000000000000e+03 3.353000000000000000e+03 3.374000000000000000e+03 7.311120000000000000e+05 2.297770000000000000e+05
9.255397000000000000e+06 3.331000000000000000e+03 3.355000000000000000e+03 3.321000000000000000e+03 7.328400000000000000e+05 2.302860000000000000e+05
9.253807000000000000e+06 3.264000000000000000e+03 3.360000000000000000e+03 3.291000000000000000e+03 7.345220000000000000e+05 2.308210000000000000e+05
9.252179000000000000e+06 3.225000000000000000e+03 3.370000000000000000e+03 3.293000000000000000e+03 7.361770000000000000e+05 2.313300000000000000e+05
9.250543000000000000e+06 3.331000000000000000e+03 3.287000000000000000e+03 3.264000000000000000e+03 7.378190000000000000e+05 2.318490000000000000e+05
9.248968000000000000e+06 3.273000000000000000e+03 3.244000000000000000e+03 3.254000000000000000e+03 7.395050000000000000e+05 2.323770000000000000e+05
9.247413000000000000e+06 3.190000000000000000e+03 3.226000000000000000e+03 3.208000000000000000e+03 7.412070000000000000e+05 2.328850000000000000e+05
9.245794000000000000e+06 3.180000000000000000e+03 3.228000000000000000e+03 3.262000000000000000e+03 7.427800000000000000e+05 2.334090000000000000e+05
9.244221000000000000e+06 3.244000000000000000e+03 3.181000000000000000e+03 3.182000000000000000e+03 7.444160000000000000e+05 2.339330000000000000e+05
9.242651000000000000e+06 3.282000000000000000e+03 3.144000000000000000e+03 3.216000000000000000e+03 7.459510000000000000e+05 2.344970000000000000e+05
9.241166000000000000e+06 3.166000000000000000e+03 3.187000000000000000e+03 3.198000000000000000e+03 7.475270000000000000e+05 2.350280000000000000e+05
9.239623000000000000e+06 3.125000000000000000e+03 3.171000000000000000e+03 3.188000000000000000e+03 7.491370000000000000e+05 2.355450000000000000e+05
9.238013000000000000e+06 3.106000000000000000e+03 3.158000000000000000e+03 3.208000000000000000e+03 7.507590000000000000e+05 2.360640000000000000e+05
9.236514000000000000e+06 3.091000000000000000e+03 3.143000000000000000e+03 3.152000000000000000e+03 7.523440000000000000e+05 2.365780000000000000e+05
9.234986000000000000e+06 3.028000000000000000e+03 3.203000000000000000e+03 3.140000000000000000e+03 7.538870000000000000e+05 2.371310000000000000e+05
9.233404000000000000e+06 3.103000000000000000e+03 3.165000000000000000e+03 3.128000000000000000e+03 7.554440000000000000e+05 2.376570000000000000e+05
9.231831000000000000e+06 3.077000000000000000e+03 3.136000000000000000e+03 3.179000000000000000e+03 7.570210000000000000e+05 2.382130000000000000e+05
9.230309000000000000e+06 3.084000000000000000e+03 3.109000000000000000e+03 3.165000000000000000e+03 7.585770000000000000e+05 2.387660000000000000e+05
9.228835000000000000e+06 3.011000000000000000e+03 3.081000000000000000e+03 3.133000000000000000e+03 7.601840000000000000e+05 2.392980000000000000e+05
9.227324000000000000e+06 3.034000000000000000e+03 3.101000000000000000e+03 3.066000000000000000e+03 7.617190000000000000e+05 2.398390000000000000e+05
9.225847000000000000e+06 3.013000000000000000e+03 3.082000000000000000e+03 3.049000000000000000e+03 7.632530000000000000e+05 2.403620000000000000e+05
9.224305000000000000e+06 3.057000000000000000e+03 3.107000000000000000e+03 2.994000000000000000e+03 7.647810000000000000e+05 2.408770000000000000e+05
9.222796000000000000e+06 3.097000000000000000e+03 2.983000000000000000e+03 3.025000000000000000e+03 7.663430000000000000e+05 2.414040000000000000e+05
9.221349000000000000e+06 2.962000000000000000e+03 3.068000000000000000e+03 3.018000000000000000e+03 7.678470000000000000e+05 2.419440000000000000e+05
9.219880000000000000e+06 2.945000000000000000e+03 3.039000000000000000e+03 3.041000000000000000e+03 7.693390000000000000e+05 2.424910000000000000e+05
9.218405000000000000e+06 3.010000000000000000e+03 2.988000000000000000e+03 3.035000000000000000e+03 7.708060000000000000e+05 2.430470000000000000e+05
9.216933000000000000e+06 2.982000000000000000e+03 2.998000000000000000e+03 2.969000000000000000e+03 7.723620000000000000e+05 2.435960000000000000e+05
9.215538000000000000e+06 2.820000000000000000e+03 3.056000000000000000e+03 3.002000000000000000e+03 7.738280000000000000e+05 2.441400000000000000e+05
9.214022000000000000e+06 2.880000000000000000e+03 3.013000000000000000e+03 2.997000000000000000e+03 7.753320000000000000e+05 2.446910000000000000e+05
9.212574000000000000e+06 2.924000000000000000e+03 2.955000000000000000e+03 2.966000000000000000e+03 7.768250000000000000e+05 2.452360000000000000e+05
9.211097000000000000e+06 2.926000000000000000e+03 2.941000000000000000e+03 2.958000000000000000e+03 7.783220000000000000e+05 2.457950000000000000e+05
9.209685000000000000e+06 2.866000000000000000e+03 2.953000000000000000e+03 2.997000000000000000e+03 7.797430000000000000e+05 2.463110000000000000e+05
9.208252000000000000e+06 2.898000000000000000e+03 2.930000000000000000e+03 2.941000000000000000e+03 7.812230000000000000e+05 2.468120000000000000e+05
9.206836000000000000e+06 2.838000000000000000e+03 2.910000000000000000e+03 2.928000000000000000e+03 7.827320000000000000e+05 2.473370000000000000e+05
9.205412000000000000e+06 2.828000000000000000e+03 2.952000000000000000e+03 2.875000000000000000e+03 7.841770000000000000e+05 2.478570000000000000e+05
9.204031000000000000e+06 2.817000000000000000e+03 2.888000000000000000e+03 2.826000000000000000e+03 7.856820000000000000e+05 2.483810000000000000e+05
9.202570000000000000e+06 2.861000000000000000e+03 2.858000000000000000e+03 2.836000000000000000e+03 7.871190000000000000e+05 2.489250000000000000e+05
9.201171000000000000e+06 2.826000000000000000e+03 2.843000000000000000e+03 2.828000000000000000e+03 7.885760000000000000e+05 2.494690000000000000e+05
9.199824000000000000e+06 2.769000000000000000e+03 2.857000000000000000e+03 2.806000000000000000e+03 7.899880000000000000e+05 2.499960000000000000e+05
9.198473000000000000e+06 2.720000000000000000e+03 2.871000000000000000e+03 2.803000000000000000e+03 7.913770000000000000e+05 2.504950000000000000e+05
9.197079000000000000e+06 2.730000000000000000e+03 2.882000000000000000e+03 2.795000000000000000e+03 7.927580000000000000e+05 2.510180000000000000e+05
9.195696000000000000e+06 2.708000000000000000e+03 2.887000000000000000e+03 2.747000000000000000e+03 7.942060000000000000e+05 2.515560000000000000e+05
9.194334000000000000e+06 2.708000000000000000e+03 2.840000000000000000e+03 2.719000000000000000e+03 7.956430000000000000e+05 2.520890000000000000e+05
9.192986000000000000e+06 2.749000000000000000e+03 2.798000000000000000e+03 2.676000000000000000e+03 7.970350000000000000e+05 2.526370000000000000e+05
9.191581000000000000e+06 2.772000000000000000e+03 2.745000000000000000e+03 2.701000000000000000e+03 7.984450000000000000e+05 2.531610000000000000e+05
9.190284000000000000e+06 2.696000000000000000e+03 2.666000000000000000e+03 2.740000000000000000e+03 7.998580000000000000e+05 2.536760000000000000e+05
9.189027000000000000e+06 2.631000000000000000e+03 2.686000000000000000e+03 2.711000000000000000e+03 8.011890000000000000e+05 2.541690000000000000e+05
9.187683000000000000e+06 2.670000000000000000e+03 2.697000000000000000e+03 2.647000000000000000e+03 8.025470000000000000e+05 2.546950000000000000e+05
9.186377000000000000e+06 2.643000000000000000e+03 2.729000000000000000e+03 2.572000000000000000e+03 8.039230000000000000e+05 2.551960000000000000e+05
9.185011000000000000e+06 2.677000000000000000e+03 2.731000000000000000e+03 2.602000000000000000e+03 8.052230000000000000e+05 2.557180000000000000e+05
9.183697000000000000e+06 2.626000000000000000e+03 2.751000000000000000e+03 2.612000000000000000e+03 8.065580000000000000e+05 2.562410000000000000e+05
9.182406000000000000e+06 2.607000000000000000e+03 2.708000000000000000e+03 2.630000000000000000e+03 8.078930000000000000e+05 2.567620000000000000e+05
9.181095000000000000e+06 2.612000000000000000e+03 2.675000000000000000e+03 2.594000000000000000e+03 8.092680000000000000e+05 2.572860000000000000e+05
9.179845000000000000e+06 2.568000000000000000e+03 2.715000000000000000e+03 2.582000000000000000e+03 8.105340000000000000e+05 2.578180000000000000e+05
9.178495000000000000e+06 2.640000000000000000e+03 2.672000000000000000e+03 2.567000000000000000e+03 8.118700000000000000e+05 2.583360000000000000e+05
9.177190000000000000e+06 2.577000000000000000e+03 2.739000000000000000e+03 2.606000000000000000e+03 8.131320000000000000e+05 2.588630000000000000e+05
9.175897000000000000e+06 2.533000000000000000e+03 2.742000000000000000e+03 2.621000000000000000e+03 8.144510000000000000e+05 2.593900000000000000e+05
9.174595000000000000e+06 2.530000000000000000e+03 2.728000000000000000e+03 2.543000000000000000e+03 8.158480000000000000e+05 2.599320000000000000e+05
9.173265000000000000e+06 2.605000000000000000e+03 2.713000000000000000e+03 2.537000000000000000e+03 8.171240000000000000e+05 2.604630000000000000e+05
9.171935000000000000e+06 2.634000000000000000e+03 2.664000000000000000e+03 2.532000000000000000e+03 8.184790000000000000e+05 2.609990000000000000e+05
9.170605000000000000e+06 2.668000000000000000e+03 2.639000000000000000e+03 2.570000000000000000e+03 8.197620000000000000e+05 2.615160000000000000e+05
9.169364000000000000e+06 2.691000000000000000e+03 2.573000000000000000e+03 2.506000000000000000e+03 8.211100000000000000e+05 2.620450000000000000e+05
9.168136000000000000e+06 2.580000000000000000e+03 2.602000000000000000e+03 2.520000000000000000e+03 8.224060000000000000e+05 2.625550000000000000e+05
9.166885000000000000e+06 2.559000000000000000e+03 2.583000000000000000e+03 2.531000000000000000e+03 8.236860000000000000e+05 2.630940000000000000e+05
9.165610000000000000e+06 2.494000000000000000e+03 2.605000000000000000e+03 2.558000000000000000e+03 8.249770000000000000e+05 2.636260000000000000e+05
9.164399000000000000e+06 2.490000000000000000e+03 2.570000000000000000e+03 2.570000000000000000e+03 8.262150000000000000e+05 2.641450000000000000e+05
9.163172000000000000e+06 2.497000000000000000e+03 2.576000000000000000e+03 2.515000000000000000e+03 8.274840000000000000e+05 2.646800000000000000e+05
9.161990000000000000e+06 2.441000000000000000e+03 2.571000000000000000e+03 2.468000000000000000e+03 8.287740000000000000e+05 2.651960000000000000e+05
9.160717000000000000e+06 2.442000000000000000e+03 2.538000000000000000e+03 2.495000000000000000e+03 8.300520000000000000e+05 2.657040000000000000e+05
9.159486000000000000e+06 2.440000000000000000e+03 2.512000000000000000e+03 2.476000000000000000e+03 8.313300000000000000e+05 2.662160000000000000e+05
9.158295000000000000e+06 2.446000000000000000e+03 2.512000000000000000e+03 2.397000000000000000e+03 8.325940000000000000e+05 2.667400000000000000e+05
9.157086000000000000e+06 2.458000000000000000e+03 2.450000000000000000e+03 2.381000000000000000e+03 8.338690000000000000e+05 2.672590000000000000e+05
9.155864000000000000e+06 2.478000000000000000e+03 2.473000000000000000e+03 2.330000000000000000e+03 8.350990000000000000e+05 2.677950000000000000e+05
9.154629000000000000e+06 2.465000000000000000e+03 2.496000000000000000e+03 2.376000000000000000e+03 8.362780000000000000e+05 2.682990000000000000e+05
9.153368000000000000e+06 2.485000000000000000e+03 2.500000000000000000e+03 2.440000000000000000e+03 8.374510000000000000e+05 2.688190000000000000e+05
9.152140000000000000e+06 2.510000000000000000e+03 2.469000000000000000e+03 2.444000000000000000e+03 8.386810000000000000e+05 2.693280000000000000e+05
9.150953000000000000e+06 2.454000000000000000e+03 2.499000000000000000e+03 2.392000000000000000e+03 8.399460000000000000e+05 2.698360000000000000e+05
9.149709000000000000e+06 2.513000000000000000e+03 2.501000000000000000e+03 2.424000000000000000e+03 8.410970000000000000e+05 2.703490000000000000e+05
9.148470000000000000e+06 2.537000000000000000e+03 2.472000000000000000e+03 2.385000000000000000e+03 8.423800000000000000e+05 2.708610000000000000e+05
9.147299000000000000e+06 2.437000000000000000e+03 2.542000000000000000e+03 2.431000000000000000e+03 8.435350000000000000e+05 2.714030000000000000e+05
9.145991000000000000e+06 2.528000000000000000e+03 2.503000000000000000e+03 2.441000000000000000e+03 8.447810000000000000e+05 2.718640000000000000e+05
9.144847000000000000e+06 2.499000000000000000e+03 2.450000000000000000e+03 2.422000000000000000e+03 8.460260000000000000e+05 2.723710000000000000e+05
0.000000000000000000e+00 0.000000000000000000e+00 0.000000000000000000e+00 0.000000000000000000e+00 0.000000000000000000e+00 0.000000000000000000e+00
