9.998144000000000000e+06 0.000000000000000000e+00 1.000000000000000000e+02 0.000000000000000000e+00 0.000000000000000000e+00 0.000000000000000000e+00
9.998052000000000000e+06 7.500000000000000000e+01 1.040000000000000000e+02 1.000000000000000000e+01 3.000000000000000000e+00 0.000000000000000000e+00
9.997971000000000000e+06 1.240000000000000000e+02 1.090000000000000000e+02 2.200000000000000000e+01 1.800000000000000000e+01 0.000000000000000000e+00
9.997894000000000000e+06 1.410000000000000000e+02 1.150000000000000000e+02 4.400000000000000000e+01 5.000000000000000000e+01 0.000000000000000000e+00
9.997797000000000000e+06 1.730000000000000000e+02 1.210000000000000000e+02 7.300000000000000000e+01 8.000000000000000000e+01 0.000000000000000000e+00
9.997701000000000000e+06 1.810000000000000000e+02 1.430000000000000000e+02 9.800000000000000000e+01 1.210000000000000000e+02 0.000000000000000000e+00
9.997547000000000000e+06 2.360000000000000000e+02 1.540000000000000000e+02 1.350000000000000000e+02 1.720000000000000000e+02 0.000000000000000000e+00
9.997412000000000000e+06 2.410000000000000000e+02 1.840000000000000000e+02 1.800000000000000000e+02 2.270000000000000000e+02 0.000000000000000000e+00
9.997187000000000000e+06 3.410000000000000000e+02 2.050000000000000000e+02 2.120000000000000000e+02 2.990000000000000000e+02 0.000000000000000000e+00
9.996961000000000000e+06 3.810000000000000000e+02 2.480000000000000000e+02 2.720000000000000000e+02 3.820000000000000000e+02 0.000000000000000000e+00
9.996676000000000000e+06 4.340000000000000000e+02 3.090000000000000000e+02 3.370000000000000000e+02 4.880000000000000000e+02 0.000000000000000000e+00
9.996345000000000000e+06 5.440000000000000000e+02 3.570000000000000000e+02 3.700000000000000000e+02 6.280000000000000000e+02 0.000000000000000000e+00
9.995932000000000000e+06 6.640000000000000000e+02 4.150000000000000000e+02 4.410000000000000000e+02 7.920000000000000000e+02 0.000000000000000000e+00
9.995465000000000000e+06 7.880000000000000000e+02 4.940000000000000000e+02 5.140000000000000000e+02 9.830000000000000000e+02 0.000000000000000000e+00
9.994912000000000000e+06 9.450000000000000000e+02 5.910000000000000000e+02 6.050000000000000000e+02 1.191000000000000000e+03 0.000000000000000000e+00
9.994246000000000000e+06 1.133000000000000000e+03 7.210000000000000000e+02 7.170000000000000000e+02 1.427000000000000000e+03 0.000000000000000000e+00
9.993470000000000000e+06 1.332000000000000000e+03 8.760000000000000000e+02 8.110000000000000000e+02 1.755000000000000000e+03 0.000000000000000000e+00
9.992629000000000000e+06 1.503000000000000000e+03 1.030000000000000000e+03 9.520000000000000000e+02 2.130000000000000000e+03 0.000000000000000000e+00
9.991534000000000000e+06 1.791000000000000000e+03 1.187000000000000000e+03 1.183000000000000000e+03 2.549000000000000000e+03 0.000000000000000000e+00
9.990294000000000000e+06 2.075000000000000000e+03 1.382000000000000000e+03 1.446000000000000000e+03 3.047000000000000000e+03 0.000000000000000000e+00
9.988784000000000000e+06 2.488000000000000000e+03 1.614000000000000000e+03 1.716000000000000000e+03 3.642000000000000000e+03 0.000000000000000000e+00
9.988101000000000000e+06 2.095000000000000000e+03 1.812000000000000000e+03 1.886000000000000000e+03 4.350000000000000000e+03 0.000000000000000000e+00
9.987276000000000000e+06 1.904000000000000000e+03 1.909000000000000000e+03 1.427000000000000000e+03 5.728000000000000000e+03 1.000000000000000000e+03
9.986505000000000000e+06 1.727000000000000000e+03 1.919000000000000000e+03 1.106000000000000000e+03 6.987000000000000000e+03 2.000000000000000000e+03
9.985805000000000000e+06 1.595000000000000000e+03 1.872000000000000000e+03 1.180000000000000000e+03 7.792000000000000000e+03 2.454000000000000000e+03
9.985099000000000000e+06 1.536000000000000000e+03 1.733000000000000000e+03 1.235000000000000000e+03 8.641000000000000000e+03 2.838000000000000000e+03
9.984458000000000000e+06 1.423000000000000000e+03 1.609000000000000000e+03 1.275000000000000000e+03 9.479000000000000000e+03 3.242000000000000000e+03
9.983860000000000000e+06 1.334000000000000000e+03 1.512000000000000000e+03 1.264000000000000000e+03 1.027400000000000000e+04 3.657000000000000000e+03
9.983246000000000000e+06 1.281000000000000000e+03 1.461000000000000000e+03 1.203000000000000000e+03 1.105300000000000000e+04 4.073000000000000000e+03
9.982616000000000000e+06 1.283000000000000000e+03 1.374000000000000000e+03 1.176000000000000000e+03 1.179500000000000000e+04 4.509000000000000000e+03
9.982071000000000000e+06 1.225000000000000000e+03 1.317000000000000000e+03 1.162000000000000000e+03 1.246900000000000000e+04 4.917000000000000000e+03
9.981484000000000000e+06 1.235000000000000000e+03 1.262000000000000000e+03 1.127000000000000000e+03 1.313600000000000000e+04 5.339000000000000000e+03
9.980996000000000000e+06 1.107000000000000000e+03 1.219000000000000000e+03 1.125000000000000000e+03 1.379700000000000000e+04 5.757000000000000000e+03
9.980486000000000000e+06 1.058000000000000000e+03 1.173000000000000000e+03 1.089000000000000000e+03 1.443800000000000000e+04 6.176000000000000000e+03
9.979976000000000000e+06 1.029000000000000000e+03 1.155000000000000000e+03 1.043000000000000000e+03 1.504100000000000000e+04 6.607000000000000000e+03
9.979489000000000000e+06 1.000000000000000000e+03 1.098000000000000000e+03 1.023000000000000000e+03 1.563400000000000000e+04 6.982000000000000000e+03
9.979001000000000000e+06 1.008000000000000000e+03 1.042000000000000000e+03 9.630000000000000000e+02 1.623000000000000000e+04 7.374000000000000000e+03
9.978518000000000000e+06 9.910000000000000000e+02 1.026000000000000000e+03 8.950000000000000000e+02 1.681400000000000000e+04 7.761000000000000000e+03
9.978065000000000000e+06 9.360000000000000000e+02 1.048000000000000000e+03 8.600000000000000000e+02 1.733500000000000000e+04 8.153000000000000000e+03
9.977630000000000000e+06 9.370000000000000000e+02 1.035000000000000000e+03 8.540000000000000000e+02 1.778800000000000000e+04 8.556000000000000000e+03
9.977162000000000000e+06 9.580000000000000000e+02 1.015000000000000000e+03 8.390000000000000000e+02 1.827000000000000000e+04 8.944000000000000000e+03
9.976693000000000000e+06 9.500000000000000000e+02 9.590000000000000000e+02 8.370000000000000000e+02 1.880500000000000000e+04 9.327000000000000000e+03
9.976265000000000000e+06 8.960000000000000000e+02 9.350000000000000000e+02 8.570000000000000000e+02 1.929100000000000000e+04 9.716000000000000000e+03
9.975860000000000000e+06 8.640000000000000000e+02 9.280000000000000000e+02 8.420000000000000000e+02 1.975000000000000000e+04 1.010200000000000000e+04
9.975452000000000000e+06 8.350000000000000000e+02 9.110000000000000000e+02 8.460000000000000000e+02 2.020000000000000000e+04 1.046000000000000000e+04
9.975050000000000000e+06 8.060000000000000000e+02 8.910000000000000000e+02 8.230000000000000000e+02 2.067400000000000000e+04 1.082600000000000000e+04
9.974641000000000000e+06 7.940000000000000000e+02 8.710000000000000000e+02 7.980000000000000000e+02 2.114000000000000000e+04 1.118700000000000000e+04
9.974273000000000000e+06 7.760000000000000000e+02 8.420000000000000000e+02 7.720000000000000000e+02 2.158100000000000000e+04 1.156000000000000000e+04
9.973921000000000000e+06 7.760000000000000000e+02 7.810000000000000000e+02 7.440000000000000000e+02 2.202200000000000000e+04 1.191600000000000000e+04
9.973574000000000000e+06 7.320000000000000000e+02 7.530000000000000000e+02 7.420000000000000000e+02 2.244300000000000000e+04 1.226900000000000000e+04
9.973231000000000000e+06 7.250000000000000000e+02 7.490000000000000000e+02 7.170000000000000000e+02 2.282200000000000000e+04 1.263100000000000000e+04
9.972860000000000000e+06 7.500000000000000000e+02 7.330000000000000000e+02 6.850000000000000000e+02 2.321600000000000000e+04 1.297300000000000000e+04
9.972455000000000000e+06 7.650000000000000000e+02 7.580000000000000000e+02 6.760000000000000000e+02 2.359000000000000000e+04 1.334700000000000000e+04
9.972096000000000000e+06 7.440000000000000000e+02 7.550000000000000000e+02 6.750000000000000000e+02 2.397400000000000000e+04 1.370400000000000000e+04
9.971712000000000000e+06 7.510000000000000000e+02 7.520000000000000000e+02 6.860000000000000000e+02 2.434300000000000000e+04 1.404500000000000000e+04
9.971341000000000000e+06 7.450000000000000000e+02 7.640000000000000000e+02 7.080000000000000000e+02 2.468600000000000000e+04 1.437800000000000000e+04
9.970949000000000000e+06 7.900000000000000000e+02 7.400000000000000000e+02 6.770000000000000000e+02 2.508800000000000000e+04 1.474600000000000000e+04
9.970551000000000000e+06 8.200000000000000000e+02 7.150000000000000000e+02 6.810000000000000000e+02 2.547700000000000000e+04 1.512300000000000000e+04
9.970171000000000000e+06 7.710000000000000000e+02 7.250000000000000000e+02 7.310000000000000000e+02 2.584600000000000000e+04 1.549000000000000000e+04
9.969796000000000000e+06 7.490000000000000000e+02 7.500000000000000000e+02 7.380000000000000000e+02 2.621100000000000000e+04 1.586700000000000000e+04
9.969430000000000000e+06 7.550000000000000000e+02 7.580000000000000000e+02 7.350000000000000000e+02 2.656600000000000000e+04 1.621700000000000000e+04
9.969022000000000000e+06 7.770000000000000000e+02 7.930000000000000000e+02 7.060000000000000000e+02 2.694600000000000000e+04 1.655200000000000000e+04
9.968637000000000000e+06 7.930000000000000000e+02 7.800000000000000000e+02 6.790000000000000000e+02 2.735500000000000000e+04 1.690200000000000000e+04
9.968215000000000000e+06 8.100000000000000000e+02 7.600000000000000000e+02 7.060000000000000000e+02 2.775300000000000000e+04 1.724000000000000000e+04
9.967815000000000000e+06 7.990000000000000000e+02 7.570000000000000000e+02 7.450000000000000000e+02 2.812800000000000000e+04 1.758000000000000000e+04
9.967405000000000000e+06 8.270000000000000000e+02 7.430000000000000000e+02 7.530000000000000000e+02 2.851600000000000000e+04 1.791100000000000000e+04
9.967017000000000000e+06 8.310000000000000000e+02 7.650000000000000000e+02 7.540000000000000000e+02 2.887700000000000000e+04 1.825500000000000000e+04
9.966631000000000000e+06 8.090000000000000000e+02 7.880000000000000000e+02 7.350000000000000000e+02 2.928100000000000000e+04 1.860000000000000000e+04
9.966244000000000000e+06 7.920000000000000000e+02 7.890000000000000000e+02 7.210000000000000000e+02 2.969800000000000000e+04 1.894100000000000000e+04
9.965818000000000000e+06 8.290000000000000000e+02 7.780000000000000000e+02 7.250000000000000000e+02 3.009400000000000000e+04 1.928800000000000000e+04
9.965425000000000000e+06 8.060000000000000000e+02 8.060000000000000000e+02 7.240000000000000000e+02 3.048300000000000000e+04 1.964400000000000000e+04
9.964967000000000000e+06 8.760000000000000000e+02 8.380000000000000000e+02 7.100000000000000000e+02 3.085300000000000000e+04 1.998800000000000000e+04
9.964567000000000000e+06 8.770000000000000000e+02 8.140000000000000000e+02 7.190000000000000000e+02 3.126700000000000000e+04 2.033600000000000000e+04
9.964167000000000000e+06 8.310000000000000000e+02 8.120000000000000000e+02 7.530000000000000000e+02 3.168100000000000000e+04 2.068600000000000000e+04
9.963741000000000000e+06 8.280000000000000000e+02 8.210000000000000000e+02 7.730000000000000000e+02 3.208100000000000000e+04 2.104600000000000000e+04
9.963315000000000000e+06 8.300000000000000000e+02 8.550000000000000000e+02 7.640000000000000000e+02 3.248000000000000000e+04 2.138200000000000000e+04
9.962892000000000000e+06 8.660000000000000000e+02 8.250000000000000000e+02 7.670000000000000000e+02 3.289400000000000000e+04 2.170800000000000000e+04
9.962481000000000000e+06 8.340000000000000000e+02 8.440000000000000000e+02 7.830000000000000000e+02 3.330200000000000000e+04 2.204800000000000000e+04
9.962044000000000000e+06 8.220000000000000000e+02 8.720000000000000000e+02 7.860000000000000000e+02 3.372000000000000000e+04 2.241000000000000000e+04
9.961591000000000000e+06 8.430000000000000000e+02 8.740000000000000000e+02 7.800000000000000000e+02 3.415600000000000000e+04 2.275900000000000000e+04
9.961129000000000000e+06 8.650000000000000000e+02 8.750000000000000000e+02 8.150000000000000000e+02 3.456000000000000000e+04 2.307800000000000000e+04
9.960655000000000000e+06 9.040000000000000000e+02 8.700000000000000000e+02 8.400000000000000000e+02 3.497500000000000000e+04 2.343800000000000000e+04
9.960187000000000000e+06 9.390000000000000000e+02 8.350000000000000000e+02 8.500000000000000000e+02 3.543300000000000000e+04 2.379100000000000000e+04
9.959728000000000000e+06 9.410000000000000000e+02 8.330000000000000000e+02 8.730000000000000000e+02 3.586900000000000000e+04 2.413000000000000000e+04
9.959317000000000000e+06 8.760000000000000000e+02 8.500000000000000000e+02 8.890000000000000000e+02 3.631200000000000000e+04 2.449000000000000000e+04
9.958894000000000000e+06 8.670000000000000000e+02 8.650000000000000000e+02 8.760000000000000000e+02 3.674200000000000000e+04 2.484000000000000000e+04
9.958443000000000000e+06 9.100000000000000000e+02 8.560000000000000000e+02 8.460000000000000000e+02 3.718900000000000000e+04 2.522000000000000000e+04
9.957995000000000000e+06 9.210000000000000000e+02 8.710000000000000000e+02 8.350000000000000000e+02 3.762200000000000000e+04 2.557100000000000000e+04
9.957530000000000000e+06 9.270000000000000000e+02 8.940000000000000000e+02 8.210000000000000000e+02 3.807200000000000000e+04 2.592700000000000000e+04
9.957053000000000000e+06 9.390000000000000000e+02 9.050000000000000000e+02 8.550000000000000000e+02 3.849200000000000000e+04 2.630200000000000000e+04
9.956609000000000000e+06 9.450000000000000000e+02 8.700000000000000000e+02 8.490000000000000000e+02 3.897100000000000000e+04 2.665200000000000000e+04
9.956161000000000000e+06 9.720000000000000000e+02 8.530000000000000000e+02 8.250000000000000000e+02 3.943300000000000000e+04 2.701400000000000000e+04
9.955749000000000000e+06 9.300000000000000000e+02 8.800000000000000000e+02 8.330000000000000000e+02 3.985200000000000000e+04 2.733700000000000000e+04
9.955287000000000000e+06 9.290000000000000000e+02 8.980000000000000000e+02 8.170000000000000000e+02 4.031300000000000000e+04 2.767900000000000000e+04
9.954801000000000000e+06 9.590000000000000000e+02 9.090000000000000000e+02 8.290000000000000000e+02 4.074600000000000000e+04 2.802300000000000000e+04
9.954318000000000000e+06 9.780000000000000000e+02 9.410000000000000000e+02 8.240000000000000000e+02 4.118300000000000000e+04 2.837200000000000000e+04
9.953827000000000000e+06 9.790000000000000000e+02 9.560000000000000000e+02 8.560000000000000000e+02 4.162600000000000000e+04 2.871400000000000000e+04
9.953311000000000000e+06 9.840000000000000000e+02 1.004000000000000000e+03 8.830000000000000000e+02 4.206200000000000000e+04 2.907400000000000000e+04
9.952776000000000000e+06 1.038000000000000000e+03 1.005000000000000000e+03 8.990000000000000000e+02 4.252600000000000000e+04 2.941700000000000000e+04
9.952278000000000000e+06 1.024000000000000000e+03 9.970000000000000000e+02 9.250000000000000000e+02 4.302000000000000000e+04 2.979400000000000000e+04
9.951794000000000000e+06 1.023000000000000000e+03 9.860000000000000000e+02 9.050000000000000000e+02 4.353600000000000000e+04 3.011800000000000000e+04
9.951270000000000000e+06 1.021000000000000000e+03 9.990000000000000000e+02 9.340000000000000000e+02 4.402000000000000000e+04 3.045300000000000000e+04
9.950737000000000000e+06 1.065000000000000000e+03 1.006000000000000000e+03 9.480000000000000000e+02 4.448800000000000000e+04 3.080700000000000000e+04
9.950244000000000000e+06 1.036000000000000000e+03 9.900000000000000000e+02 9.620000000000000000e+02 4.501200000000000000e+04 3.116300000000000000e+04
9.949758000000000000e+06 1.014000000000000000e+03 1.001000000000000000e+03 9.470000000000000000e+02 4.552400000000000000e+04 3.149900000000000000e+04
9.949268000000000000e+06 1.003000000000000000e+03 1.009000000000000000e+03 9.670000000000000000e+02 4.599700000000000000e+04 3.188900000000000000e+04
9.948740000000000000e+06 9.980000000000000000e+02 1.049000000000000000e+03 9.610000000000000000e+02 4.649600000000000000e+04 3.225100000000000000e+04
9.948172000000000000e+06 1.069000000000000000e+03 1.026000000000000000e+03 9.470000000000000000e+02 4.703000000000000000e+04 3.258200000000000000e+04
9.947637000000000000e+06 1.088000000000000000e+03 1.026000000000000000e+03 9.330000000000000000e+02 4.756000000000000000e+04 3.293600000000000000e+04
9.947099000000000000e+06 1.094000000000000000e+03 1.026000000000000000e+03 9.630000000000000000e+02 4.806200000000000000e+04 3.328700000000000000e+04
9.946579000000000000e+06 1.051000000000000000e+03 1.063000000000000000e+03 9.840000000000000000e+02 4.856700000000000000e+04 3.361600000000000000e+04
9.946055000000000000e+06 1.053000000000000000e+03 1.082000000000000000e+03 9.600000000000000000e+02 4.909400000000000000e+04 3.400700000000000000e+04
9.945490000000000000e+06 1.084000000000000000e+03 1.088000000000000000e+03 9.490000000000000000e+02 4.963300000000000000e+04 3.433500000000000000e+04
9.944917000000000000e+06 1.150000000000000000e+03 1.069000000000000000e+03 9.480000000000000000e+02 5.016000000000000000e+04 3.467500000000000000e+04
9.944364000000000000e+06 1.110000000000000000e+03 1.072000000000000000e+03 1.003000000000000000e+03 5.069500000000000000e+04 3.503200000000000000e+04
9.943858000000000000e+06 1.051000000000000000e+03 1.057000000000000000e+03 1.055000000000000000e+03 5.122300000000000000e+04 3.536700000000000000e+04
9.943295000000000000e+06 1.113000000000000000e+03 1.022000000000000000e+03 1.057000000000000000e+03 5.175700000000000000e+04 3.573200000000000000e+04
9.942779000000000000e+06 1.074000000000000000e+03 1.017000000000000000e+03 1.087000000000000000e+03 5.228700000000000000e+04 3.606700000000000000e+04
9.942259000000000000e+06 1.080000000000000000e+03 1.013000000000000000e+03 1.101000000000000000e+03 5.279100000000000000e+04 3.642300000000000000e+04
9.941718000000000000e+06 1.063000000000000000e+03 1.003000000000000000e+03 1.105000000000000000e+03 5.335500000000000000e+04 3.680600000000000000e+04
9.941166000000000000e+06 1.079000000000000000e+03 1.016000000000000000e+03 1.061000000000000000e+03 5.392200000000000000e+04 3.718200000000000000e+04
9.940655000000000000e+06 1.028000000000000000e+03 1.029000000000000000e+03 1.085000000000000000e+03 5.444700000000000000e+04 3.754300000000000000e+04
9.940127000000000000e+06 1.074000000000000000e+03 1.024000000000000000e+03 1.051000000000000000e+03 5.496800000000000000e+04 3.793200000000000000e+04
9.939582000000000000e+06 1.069000000000000000e+03 1.065000000000000000e+03 1.037000000000000000e+03 5.549100000000000000e+04 3.829500000000000000e+04
9.939010000000000000e+06 1.116000000000000000e+03 1.067000000000000000e+03 1.005000000000000000e+03 5.604600000000000000e+04 3.868800000000000000e+04
9.938454000000000000e+06 1.125000000000000000e+03 1.053000000000000000e+03 1.024000000000000000e+03 5.658800000000000000e+04 3.903800000000000000e+04
9.937942000000000000e+06 1.055000000000000000e+03 1.095000000000000000e+03 1.014000000000000000e+03 5.713800000000000000e+04 3.942200000000000000e+04
9.937364000000000000e+06 1.106000000000000000e+03 1.076000000000000000e+03 1.013000000000000000e+03 5.768500000000000000e+04 3.980100000000000000e+04
9.936823000000000000e+06 1.124000000000000000e+03 1.078000000000000000e+03 1.025000000000000000e+03 5.819400000000000000e+04 4.014900000000000000e+04
9.936260000000000000e+06 1.126000000000000000e+03 1.101000000000000000e+03 1.057000000000000000e+03 5.870000000000000000e+04 4.055400000000000000e+04
9.935702000000000000e+06 1.122000000000000000e+03 1.070000000000000000e+03 1.078000000000000000e+03 5.927200000000000000e+04 4.089600000000000000e+04
9.935172000000000000e+06 1.095000000000000000e+03 1.069000000000000000e+03 1.117000000000000000e+03 5.979100000000000000e+04 4.127200000000000000e+04
9.934621000000000000e+06 1.125000000000000000e+03 1.066000000000000000e+03 1.076000000000000000e+03 6.035600000000000000e+04 4.166000000000000000e+04
9.934072000000000000e+06 1.160000000000000000e+03 1.089000000000000000e+03 1.013000000000000000e+03 6.091000000000000000e+04 4.203000000000000000e+04
9.933494000000000000e+06 1.157000000000000000e+03 1.128000000000000000e+03 1.011000000000000000e+03 6.145400000000000000e+04 4.236900000000000000e+04
9.932903000000000000e+06 1.145000000000000000e+03 1.103000000000000000e+03 1.073000000000000000e+03 6.202000000000000000e+04 4.271400000000000000e+04
9.932326000000000000e+06 1.169000000000000000e+03 1.109000000000000000e+03 1.086000000000000000e+03 6.255400000000000000e+04 4.311300000000000000e+04
9.931741000000000000e+06 1.175000000000000000e+03 1.131000000000000000e+03 1.104000000000000000e+03 6.309300000000000000e+04 4.346100000000000000e+04
9.931137000000000000e+06 1.170000000000000000e+03 1.156000000000000000e+03 1.112000000000000000e+03 6.366900000000000000e+04 4.382900000000000000e+04
9.930484000000000000e+06 1.248000000000000000e+03 1.132000000000000000e+03 1.128000000000000000e+03 6.425200000000000000e+04 4.418600000000000000e+04
9.929902000000000000e+06 1.242000000000000000e+03 1.135000000000000000e+03 1.131000000000000000e+03 6.483400000000000000e+04 4.455400000000000000e+04
9.929284000000000000e+06 1.263000000000000000e+03 1.144000000000000000e+03 1.148000000000000000e+03 6.540500000000000000e+04 4.492300000000000000e+04
9.928663000000000000e+06 1.245000000000000000e+03 1.206000000000000000e+03 1.145000000000000000e+03 6.598500000000000000e+04 4.529600000000000000e+04
9.928006000000000000e+06 1.270000000000000000e+03 1.249000000000000000e+03 1.182000000000000000e+03 6.653700000000000000e+04 4.564800000000000000e+04
9.927401000000000000e+06 1.280000000000000000e+03 1.237000000000000000e+03 1.182000000000000000e+03 6.714400000000000000e+04 4.603700000000000000e+04
9.926749000000000000e+06 1.298000000000000000e+03 1.255000000000000000e+03 1.187000000000000000e+03 6.775500000000000000e+04 4.640100000000000000e+04
9.926110000000000000e+06 1.289000000000000000e+03 1.255000000000000000e+03 1.198000000000000000e+03 6.839200000000000000e+04 4.676400000000000000e+04
9.925430000000000000e+06 1.348000000000000000e+03 1.249000000000000000e+03 1.203000000000000000e+03 6.901400000000000000e+04 4.712000000000000000e+04
9.924775000000000000e+06 1.365000000000000000e+03 1.272000000000000000e+03 1.218000000000000000e+03 6.961400000000000000e+04 4.747300000000000000e+04
9.924141000000000000e+06 1.278000000000000000e+03 1.298000000000000000e+03 1.238000000000000000e+03 7.028900000000000000e+04 4.784600000000000000e+04
9.923435000000000000e+06 1.335000000000000000e+03 1.277000000000000000e+03 1.271000000000000000e+03 7.092600000000000000e+04 4.820700000000000000e+04
9.922799000000000000e+06 1.324000000000000000e+03 1.281000000000000000e+03 1.286000000000000000e+03 7.155400000000000000e+04 4.859800000000000000e+04
9.922125000000000000e+06 1.344000000000000000e+03 1.274000000000000000e+03 1.278000000000000000e+03 7.222300000000000000e+04 4.896500000000000000e+04
9.921474000000000000e+06 1.274000000000000000e+03 1.334000000000000000e+03 1.295000000000000000e+03 7.286700000000000000e+04 4.933800000000000000e+04
9.920814000000000000e+06 1.306000000000000000e+03 1.320000000000000000e+03 1.259000000000000000e+03 7.354500000000000000e+04 4.970800000000000000e+04
9.920127000000000000e+06 1.315000000000000000e+03 1.346000000000000000e+03 1.251000000000000000e+03 7.420500000000000000e+04 5.008200000000000000e+04
9.919427000000000000e+06 1.363000000000000000e+03 1.333000000000000000e+03 1.250000000000000000e+03 7.487100000000000000e+04 5.045000000000000000e+04
9.918770000000000000e+06 1.337000000000000000e+03 1.377000000000000000e+03 1.264000000000000000e+03 7.549600000000000000e+04 5.080700000000000000e+04
9.918094000000000000e+06 1.339000000000000000e+03 1.366000000000000000e+03 1.299000000000000000e+03 7.614600000000000000e+04 5.120600000000000000e+04
9.917389000000000000e+06 1.383000000000000000e+03 1.305000000000000000e+03 1.355000000000000000e+03 7.681200000000000000e+04 5.158600000000000000e+04
9.916704000000000000e+06 1.353000000000000000e+03 1.320000000000000000e+03 1.383000000000000000e+03 7.748400000000000000e+04 5.196000000000000000e+04
9.916040000000000000e+06 1.357000000000000000e+03 1.309000000000000000e+03 1.388000000000000000e+03 7.815000000000000000e+04 5.234400000000000000e+04
9.915381000000000000e+06 1.362000000000000000e+03 1.316000000000000000e+03 1.366000000000000000e+03 7.881900000000000000e+04 5.274500000000000000e+04
9.914682000000000000e+06 1.373000000000000000e+03 1.354000000000000000e+03 1.344000000000000000e+03 7.949100000000000000e+04 5.316100000000000000e+04
9.913976000000000000e+06 1.391000000000000000e+03 1.373000000000000000e+03 1.341000000000000000e+03 8.016300000000000000e+04 5.357200000000000000e+04
9.913265000000000000e+06 1.412000000000000000e+03 1.373000000000000000e+03 1.309000000000000000e+03 8.088500000000000000e+04 5.395800000000000000e+04
9.912510000000000000e+06 1.461000000000000000e+03 1.363000000000000000e+03 1.319000000000000000e+03 8.159100000000000000e+04 5.433200000000000000e+04
9.911811000000000000e+06 1.400000000000000000e+03 1.416000000000000000e+03 1.366000000000000000e+03 8.225100000000000000e+04 5.468700000000000000e+04
9.911044000000000000e+06 1.469000000000000000e+03 1.424000000000000000e+03 1.372000000000000000e+03 8.293500000000000000e+04 5.506300000000000000e+04
9.910316000000000000e+06 1.464000000000000000e+03 1.439000000000000000e+03 1.377000000000000000e+03 8.364800000000000000e+04 5.545400000000000000e+04
9.909560000000000000e+06 1.485000000000000000e+03 1.445000000000000000e+03 1.392000000000000000e+03 8.436200000000000000e+04 5.584900000000000000e+04
9.908802000000000000e+06 1.504000000000000000e+03 1.441000000000000000e+03 1.391000000000000000e+03 8.510600000000000000e+04 5.624000000000000000e+04
9.908063000000000000e+06 1.492000000000000000e+03 1.440000000000000000e+03 1.430000000000000000e+03 8.581900000000000000e+04 5.659700000000000000e+04
9.907307000000000000e+06 1.509000000000000000e+03 1.456000000000000000e+03 1.453000000000000000e+03 8.651900000000000000e+04 5.698600000000000000e+04
9.906562000000000000e+06 1.477000000000000000e+03 1.442000000000000000e+03 1.500000000000000000e+03 8.726300000000000000e+04 5.738400000000000000e+04
9.905785000000000000e+06 1.555000000000000000e+03 1.431000000000000000e+03 1.483000000000000000e+03 8.799000000000000000e+04 5.776600000000000000e+04
9.905068000000000000e+06 1.520000000000000000e+03 1.426000000000000000e+03 1.470000000000000000e+03 8.876000000000000000e+04 5.816900000000000000e+04
9.904334000000000000e+06 1.468000000000000000e+03 1.487000000000000000e+03 1.489000000000000000e+03 8.946600000000000000e+04 5.855200000000000000e+04
9.903533000000000000e+06 1.563000000000000000e+03 1.470000000000000000e+03 1.488000000000000000e+03 9.019000000000000000e+04 5.895000000000000000e+04
9.902811000000000000e+06 1.518000000000000000e+03 1.471000000000000000e+03 1.485000000000000000e+03 9.095900000000000000e+04 5.936600000000000000e+04
9.902045000000000000e+06 1.513000000000000000e+03 1.466000000000000000e+03 1.523000000000000000e+03 9.169700000000000000e+04 5.974700000000000000e+04
9.901214000000000000e+06 1.591000000000000000e+03 1.488000000000000000e+03 1.502000000000000000e+03 9.244900000000000000e+04 6.018300000000000000e+04
9.900465000000000000e+06 1.582000000000000000e+03 1.483000000000000000e+03 1.476000000000000000e+03 9.323800000000000000e+04 6.057000000000000000e+04
9.899683000000000000e+06 1.586000000000000000e+03 1.477000000000000000e+03 1.524000000000000000e+03 9.397400000000000000e+04 6.094100000000000000e+04
9.898936000000000000e+06 1.557000000000000000e+03 1.491000000000000000e+03 1.514000000000000000e+03 9.474600000000000000e+04 6.135100000000000000e+04
9.898178000000000000e+06 1.527000000000000000e+03 1.473000000000000000e+03 1.538000000000000000e+03 9.552800000000000000e+04 6.173000000000000000e+04
9.897417000000000000e+06 1.522000000000000000e+03 1.486000000000000000e+03 1.554000000000000000e+03 9.626500000000000000e+04 6.212900000000000000e+04
9.896688000000000000e+06 1.478000000000000000e+03 1.534000000000000000e+03 1.545000000000000000e+03 9.699900000000000000e+04 6.254500000000000000e+04
9.895918000000000000e+06 1.507000000000000000e+03 1.527000000000000000e+03 1.493000000000000000e+03 9.779900000000000000e+04 6.295200000000000000e+04
9.895148000000000000e+06 1.536000000000000000e+03 1.489000000000000000e+03 1.490000000000000000e+03 9.858100000000000000e+04 6.335500000000000000e+04
9.894387000000000000e+06 1.571000000000000000e+03 1.453000000000000000e+03 1.474000000000000000e+03 9.935900000000000000e+04 6.378600000000000000e+04
9.893548000000000000e+06 1.634000000000000000e+03 1.508000000000000000e+03 1.454000000000000000e+03 1.001000000000000000e+05 6.419500000000000000e+04
9.892777000000000000e+06 1.587000000000000000e+03 1.548000000000000000e+03 1.467000000000000000e+03 1.008650000000000000e+05 6.457800000000000000e+04
9.891964000000000000e+06 1.629000000000000000e+03 1.570000000000000000e+03 1.474000000000000000e+03 1.016070000000000000e+05 6.497400000000000000e+04
9.891154000000000000e+06 1.619000000000000000e+03 1.562000000000000000e+03 1.500000000000000000e+03 1.024090000000000000e+05 6.537900000000000000e+04
9.890344000000000000e+06 1.652000000000000000e+03 1.590000000000000000e+03 1.502000000000000000e+03 1.031560000000000000e+05 6.575300000000000000e+04
9.889518000000000000e+06 1.667000000000000000e+03 1.605000000000000000e+03 1.538000000000000000e+03 1.039160000000000000e+05 6.617200000000000000e+04
9.888619000000000000e+06 1.744000000000000000e+03 1.605000000000000000e+03 1.587000000000000000e+03 1.046890000000000000e+05 6.654900000000000000e+04
9.887799000000000000e+06 1.733000000000000000e+03 1.619000000000000000e+03 1.613000000000000000e+03 1.054800000000000000e+05 6.698500000000000000e+04
9.886926000000000000e+06 1.788000000000000000e+03 1.584000000000000000e+03 1.579000000000000000e+03 1.063670000000000000e+05 6.736400000000000000e+04
9.886146000000000000e+06 1.689000000000000000e+03 1.634000000000000000e+03 1.625000000000000000e+03 1.071500000000000000e+05 6.776800000000000000e+04
9.885262000000000000e+06 1.685000000000000000e+03 1.679000000000000000e+03 1.651000000000000000e+03 1.079670000000000000e+05 6.818100000000000000e+04
9.884406000000000000e+06 1.686000000000000000e+03 1.721000000000000000e+03 1.650000000000000000e+03 1.087810000000000000e+05 6.855900000000000000e+04
9.883536000000000000e+06 1.692000000000000000e+03 1.709000000000000000e+03 1.678000000000000000e+03 1.096290000000000000e+05 6.894900000000000000e+04
9.882633000000000000e+06 1.762000000000000000e+03 1.698000000000000000e+03 1.687000000000000000e+03 1.104640000000000000e+05 6.935400000000000000e+04
9.881764000000000000e+06 1.746000000000000000e+03 1.661000000000000000e+03 1.713000000000000000e+03 1.113600000000000000e+05 6.977500000000000000e+04
9.880894000000000000e+06 1.762000000000000000e+03 1.719000000000000000e+03 1.666000000000000000e+03 1.122030000000000000e+05 7.017800000000000000e+04
9.879983000000000000e+06 1.800000000000000000e+03 1.779000000000000000e+03 1.631000000000000000e+03 1.130510000000000000e+05 7.057100000000000000e+04
9.879047000000000000e+06 1.852000000000000000e+03 1.777000000000000000e+03 1.627000000000000000e+03 1.139410000000000000e+05 7.097000000000000000e+04
9.878163000000000000e+06 1.802000000000000000e+03 1.780000000000000000e+03 1.684000000000000000e+03 1.148150000000000000e+05 7.135700000000000000e+04
9.877258000000000000e+06 1.792000000000000000e+03 1.787000000000000000e+03 1.748000000000000000e+03 1.156590000000000000e+05 7.177900000000000000e+04
9.876336000000000000e+06 1.816000000000000000e+03 1.759000000000000000e+03 1.800000000000000000e+03 1.165330000000000000e+05 7.219400000000000000e+04
9.875446000000000000e+06 1.792000000000000000e+03 1.768000000000000000e+03 1.807000000000000000e+03 1.174310000000000000e+05 7.260400000000000000e+04
9.874531000000000000e+06 1.794000000000000000e+03 1.794000000000000000e+03 1.786000000000000000e+03 1.183390000000000000e+05 7.300900000000000000e+04
9.873599000000000000e+06 1.807000000000000000e+03 1.860000000000000000e+03 1.746000000000000000e+03 1.192320000000000000e+05 7.342000000000000000e+04
9.872610000000000000e+06 1.880000000000000000e+03 1.843000000000000000e+03 1.749000000000000000e+03 1.201620000000000000e+05 7.386000000000000000e+04
9.871687000000000000e+06 1.859000000000000000e+03 1.850000000000000000e+03 1.792000000000000000e+03 1.210560000000000000e+05 7.428300000000000000e+04
9.870728000000000000e+06 1.913000000000000000e+03 1.807000000000000000e+03 1.817000000000000000e+03 1.219790000000000000e+05 7.469100000000000000e+04
9.869794000000000000e+06 1.918000000000000000e+03 1.801000000000000000e+03 1.833000000000000000e+03 1.228980000000000000e+05 7.512900000000000000e+04
9.868875000000000000e+06 1.850000000000000000e+03 1.835000000000000000e+03 1.869000000000000000e+03 1.238150000000000000e+05 7.557700000000000000e+04
9.867938000000000000e+06 1.871000000000000000e+03 1.822000000000000000e+03 1.874000000000000000e+03 1.247390000000000000e+05 7.599800000000000000e+04
9.866966000000000000e+06 1.969000000000000000e+03 1.812000000000000000e+03 1.840000000000000000e+03 1.256570000000000000e+05 7.640600000000000000e+04
9.866019000000000000e+06 1.911000000000000000e+03 1.860000000000000000e+03 1.862000000000000000e+03 1.265920000000000000e+05 7.681200000000000000e+04
9.865103000000000000e+06 1.915000000000000000e+03 1.869000000000000000e+03 1.823000000000000000e+03 1.275340000000000000e+05 7.722600000000000000e+04
9.864136000000000000e+06 1.947000000000000000e+03 1.911000000000000000e+03 1.764000000000000000e+03 1.284860000000000000e+05 7.762900000000000000e+04
9.863129000000000000e+06 2.008000000000000000e+03 1.924000000000000000e+03 1.799000000000000000e+03 1.293840000000000000e+05 7.805400000000000000e+04
9.862162000000000000e+06 1.989000000000000000e+03 1.993000000000000000e+03 1.791000000000000000e+03 1.303090000000000000e+05 7.845900000000000000e+04
9.861121000000000000e+06 2.003000000000000000e+03 2.008000000000000000e+03 1.835000000000000000e+03 1.312770000000000000e+05 7.888300000000000000e+04
9.860113000000000000e+06 1.971000000000000000e+03 2.035000000000000000e+03 1.927000000000000000e+03 1.321980000000000000e+05 7.930700000000000000e+04
9.859105000000000000e+06 1.992000000000000000e+03 2.015000000000000000e+03 1.990000000000000000e+03 1.331420000000000000e+05 7.971200000000000000e+04
9.858043000000000000e+06 2.091000000000000000e+03 1.988000000000000000e+03 1.977000000000000000e+03 1.341450000000000000e+05 8.012200000000000000e+04
9.856974000000000000e+06 2.128000000000000000e+03 2.006000000000000000e+03 2.021000000000000000e+03 1.351150000000000000e+05 8.052300000000000000e+04
9.855910000000000000e+06 2.139000000000000000e+03 2.045000000000000000e+03 2.003000000000000000e+03 1.361470000000000000e+05 8.098300000000000000e+04
9.854796000000000000e+06 2.183000000000000000e+03 2.050000000000000000e+03 2.070000000000000000e+03 1.371450000000000000e+05 8.137400000000000000e+04
9.853783000000000000e+06 2.122000000000000000e+03 2.130000000000000000e+03 2.042000000000000000e+03 1.381670000000000000e+05 8.179000000000000000e+04
9.852683000000000000e+06 2.161000000000000000e+03 2.130000000000000000e+03 2.046000000000000000e+03 1.392240000000000000e+05 8.221800000000000000e+04
9.851552000000000000e+06 2.243000000000000000e+03 2.127000000000000000e+03 2.046000000000000000e+03 1.402760000000000000e+05 8.266700000000000000e+04
9.850450000000000000e+06 2.251000000000000000e+03 2.132000000000000000e+03 2.096000000000000000e+03 1.413150000000000000e+05 8.307200000000000000e+04
9.849308000000000000e+06 2.265000000000000000e+03 2.184000000000000000e+03 2.128000000000000000e+03 1.423590000000000000e+05 8.350000000000000000e+04
9.848186000000000000e+06 2.280000000000000000e+03 2.206000000000000000e+03 2.151000000000000000e+03 1.434210000000000000e+05 8.391700000000000000e+04
9.847053000000000000e+06 2.285000000000000000e+03 2.253000000000000000e+03 2.200000000000000000e+03 1.444530000000000000e+05 8.437200000000000000e+04
9.845907000000000000e+06 2.282000000000000000e+03 2.260000000000000000e+03 2.178000000000000000e+03 1.456170000000000000e+05 8.479900000000000000e+04
9.844794000000000000e+06 2.324000000000000000e+03 2.220000000000000000e+03 2.180000000000000000e+03 1.467260000000000000e+05 8.523100000000000000e+04
9.843653000000000000e+06 2.306000000000000000e+03 2.243000000000000000e+03 2.202000000000000000e+03 1.478400000000000000e+05 8.564500000000000000e+04
9.842486000000000000e+06 2.314000000000000000e+03 2.303000000000000000e+03 2.178000000000000000e+03 1.489630000000000000e+05 8.605400000000000000e+04
9.841289000000000000e+06 2.330000000000000000e+03 2.326000000000000000e+03 2.260000000000000000e+03 1.500390000000000000e+05 8.647500000000000000e+04
9.840078000000000000e+06 2.393000000000000000e+03 2.353000000000000000e+03 2.285000000000000000e+03 1.511350000000000000e+05 8.690600000000000000e+04
9.838846000000000000e+06 2.432000000000000000e+03 2.391000000000000000e+03 2.287000000000000000e+03 1.522880000000000000e+05 8.734400000000000000e+04
9.837596000000000000e+06 2.480000000000000000e+03 2.427000000000000000e+03 2.276000000000000000e+03 1.534650000000000000e+05 8.778500000000000000e+04
9.836332000000000000e+06 2.517000000000000000e+03 2.425000000000000000e+03 2.375000000000000000e+03 1.545950000000000000e+05 8.820900000000000000e+04
9.835052000000000000e+06 2.598000000000000000e+03 2.391000000000000000e+03 2.390000000000000000e+03 1.558130000000000000e+05 8.864000000000000000e+04
9.833796000000000000e+06 2.601000000000000000e+03 2.431000000000000000e+03 2.399000000000000000e+03 1.570170000000000000e+05 8.905300000000000000e+04
9.832558000000000000e+06 2.543000000000000000e+03 2.458000000000000000e+03 2.466000000000000000e+03 1.582190000000000000e+05 8.950900000000000000e+04
9.831265000000000000e+06 2.568000000000000000e+03 2.468000000000000000e+03 2.500000000000000000e+03 1.594430000000000000e+05 8.995900000000000000e+04
9.829971000000000000e+06 2.570000000000000000e+03 2.476000000000000000e+03 2.519000000000000000e+03 1.607080000000000000e+05 9.042100000000000000e+04
9.828674000000000000e+06 2.548000000000000000e+03 2.543000000000000000e+03 2.526000000000000000e+03 1.619530000000000000e+05 9.085800000000000000e+04
9.827305000000000000e+06 2.640000000000000000e+03 2.522000000000000000e+03 2.532000000000000000e+03 1.632450000000000000e+05 9.130600000000000000e+04
9.825952000000000000e+06 2.684000000000000000e+03 2.549000000000000000e+03 2.552000000000000000e+03 1.645070000000000000e+05 9.174000000000000000e+04
9.824651000000000000e+06 2.682000000000000000e+03 2.605000000000000000e+03 2.554000000000000000e+03 1.657520000000000000e+05 9.216500000000000000e+04
9.823246000000000000e+06 2.791000000000000000e+03 2.630000000000000000e+03 2.561000000000000000e+03 1.670160000000000000e+05 9.259900000000000000e+04
9.821876000000000000e+06 2.817000000000000000e+03 2.617000000000000000e+03 2.661000000000000000e+03 1.682730000000000000e+05 9.304100000000000000e+04
9.820534000000000000e+06 2.753000000000000000e+03 2.661000000000000000e+03 2.691000000000000000e+03 1.696050000000000000e+05 9.349900000000000000e+04
9.819211000000000000e+06 2.710000000000000000e+03 2.668000000000000000e+03 2.704000000000000000e+03 1.709510000000000000e+05 9.395000000000000000e+04
9.817793000000000000e+06 2.814000000000000000e+03 2.687000000000000000e+03 2.686000000000000000e+03 1.722640000000000000e+05 9.441300000000000000e+04
9.816406000000000000e+06 2.857000000000000000e+03 2.665000000000000000e+03 2.683000000000000000e+03 1.736330000000000000e+05 9.485300000000000000e+04
9.815000000000000000e+06 2.886000000000000000e+03 2.677000000000000000e+03 2.732000000000000000e+03 1.749490000000000000e+05 9.531700000000000000e+04
9.813609000000000000e+06 2.873000000000000000e+03 2.707000000000000000e+03 2.755000000000000000e+03 1.763000000000000000e+05 9.574900000000000000e+04
9.812190000000000000e+06 2.906000000000000000e+03 2.794000000000000000e+03 2.704000000000000000e+03 1.776500000000000000e+05 9.619800000000000000e+04
9.810788000000000000e+06 2.841000000000000000e+03 2.838000000000000000e+03 2.783000000000000000e+03 1.789940000000000000e+05 9.664300000000000000e+04
9.809347000000000000e+06 2.835000000000000000e+03 2.875000000000000000e+03 2.800000000000000000e+03 1.803870000000000000e+05 9.708100000000000000e+04
9.807816000000000000e+06 2.955000000000000000e+03 2.862000000000000000e+03 2.805000000000000000e+03 1.818060000000000000e+05 9.751900000000000000e+04
9.806405000000000000e+06 2.935000000000000000e+03 2.917000000000000000e+03 2.746000000000000000e+03 1.832410000000000000e+05 9.795100000000000000e+04
9.804898000000000000e+06 2.955000000000000000e+03 2.914000000000000000e+03 2.813000000000000000e+03 1.846640000000000000e+05 9.842000000000000000e+04
9.803369000000000000e+06 3.002000000000000000e+03 2.949000000000000000e+03 2.870000000000000000e+03 1.860540000000000000e+05 9.888200000000000000e+04
9.801881000000000000e+06 3.014000000000000000e+03 2.991000000000000000e+03 2.862000000000000000e+03 1.874960000000000000e+05 9.931200000000000000e+04
9.800315000000000000e+06 3.091000000000000000e+03 2.918000000000000000e+03 2.910000000000000000e+03 1.890100000000000000e+05 9.978700000000000000e+04
9.798829000000000000e+06 3.009000000000000000e+03 2.966000000000000000e+03 2.970000000000000000e+03 1.904700000000000000e+05 1.002630000000000000e+05
9.797219000000000000e+06 3.082000000000000000e+03 3.000000000000000000e+03 2.959000000000000000e+03 1.919840000000000000e+05 1.007180000000000000e+05
9.795724000000000000e+06 3.096000000000000000e+03 3.006000000000000000e+03 2.918000000000000000e+03 1.935000000000000000e+05 1.011680000000000000e+05
9.794156000000000000e+06 3.099000000000000000e+03 3.015000000000000000e+03 2.973000000000000000e+03 1.950010000000000000e+05 1.016170000000000000e+05
9.792581000000000000e+06 3.189000000000000000e+03 2.976000000000000000e+03 3.028000000000000000e+03 1.964700000000000000e+05 1.020790000000000000e+05
9.790997000000000000e+06 3.156000000000000000e+03 3.069000000000000000e+03 3.063000000000000000e+03 1.979590000000000000e+05 1.025280000000000000e+05
9.789425000000000000e+06 3.212000000000000000e+03 3.118000000000000000e+03 3.081000000000000000e+03 1.994080000000000000e+05 1.029880000000000000e+05
9.787820000000000000e+06 3.204000000000000000e+03 3.156000000000000000e+03 3.091000000000000000e+03 2.009730000000000000e+05 1.034490000000000000e+05
9.786201000000000000e+06 3.278000000000000000e+03 3.161000000000000000e+03 3.076000000000000000e+03 2.025280000000000000e+05 1.039240000000000000e+05
9.784597000000000000e+06 3.246000000000000000e+03 3.242000000000000000e+03 3.122000000000000000e+03 2.040370000000000000e+05 1.043930000000000000e+05
9.782922000000000000e+06 3.331000000000000000e+03 3.254000000000000000e+03 3.083000000000000000e+03 2.056540000000000000e+05 1.048770000000000000e+05
9.781142000000000000e+06 3.445000000000000000e+03 3.260000000000000000e+03 3.151000000000000000e+03 2.072460000000000000e+05 1.053450000000000000e+05
9.779521000000000000e+06 3.409000000000000000e+03 3.264000000000000000e+03 3.182000000000000000e+03 2.088680000000000000e+05 1.057890000000000000e+05
9.777886000000000000e+06 3.415000000000000000e+03 3.304000000000000000e+03 3.137000000000000000e+03 2.105020000000000000e+05 1.062260000000000000e+05
9.776183000000000000e+06 3.401000000000000000e+03 3.324000000000000000e+03 3.186000000000000000e+03 2.121500000000000000e+05 1.066960000000000000e+05
9.774469000000000000e+06 3.453000000000000000e+03 3.334000000000000000e+03 3.235000000000000000e+03 2.137530000000000000e+05 1.071740000000000000e+05
9.772823000000000000e+06 3.396000000000000000e+03 3.336000000000000000e+03 3.305000000000000000e+03 2.153840000000000000e+05 1.076290000000000000e+05
9.771142000000000000e+06 3.373000000000000000e+03 3.356000000000000000e+03 3.375000000000000000e+03 2.169980000000000000e+05 1.080940000000000000e+05
9.769430000000000000e+06 3.384000000000000000e+03 3.376000000000000000e+03 3.359000000000000000e+03 2.186950000000000000e+05 1.085610000000000000e+05
9.767689000000000000e+06 3.468000000000000000e+03 3.341000000000000000e+03 3.366000000000000000e+03 2.203800000000000000e+05 1.090190000000000000e+05
9.765953000000000000e+06 3.571000000000000000e+03 3.288000000000000000e+03 3.300000000000000000e+03 2.221320000000000000e+05 1.094970000000000000e+05
9.764273000000000000e+06 3.524000000000000000e+03 3.350000000000000000e+03 3.314000000000000000e+03 2.237830000000000000e+05 1.099670000000000000e+05
9.762508000000000000e+06 3.517000000000000000e+03 3.397000000000000000e+03 3.373000000000000000e+03 2.254490000000000000e+05 1.104500000000000000e+05
9.760789000000000000e+06 3.497000000000000000e+03 3.475000000000000000e+03 3.355000000000000000e+03 2.271280000000000000e+05 1.109300000000000000e+05
9.758961000000000000e+06 3.552000000000000000e+03 3.452000000000000000e+03 3.387000000000000000e+03 2.288920000000000000e+05 1.114230000000000000e+05
9.757219000000000000e+06 3.542000000000000000e+03 3.451000000000000000e+03 3.393000000000000000e+03 2.306390000000000000e+05 1.118980000000000000e+05
9.755502000000000000e+06 3.465000000000000000e+03 3.467000000000000000e+03 3.478000000000000000e+03 2.323320000000000000e+05 1.123450000000000000e+05
9.753736000000000000e+06 3.467000000000000000e+03 3.502000000000000000e+03 3.423000000000000000e+03 2.341160000000000000e+05 1.128290000000000000e+05
9.751939000000000000e+06 3.525000000000000000e+03 3.506000000000000000e+03 3.427000000000000000e+03 2.358470000000000000e+05 1.133290000000000000e+05
9.750191000000000000e+06 3.581000000000000000e+03 3.433000000000000000e+03 3.439000000000000000e+03 2.376000000000000000e+05 1.138180000000000000e+05
9.748408000000000000e+06 3.528000000000000000e+03 3.518000000000000000e+03 3.508000000000000000e+03 2.392820000000000000e+05 1.142970000000000000e+05
9.746537000000000000e+06 3.672000000000000000e+03 3.571000000000000000e+03 3.413000000000000000e+03 2.410510000000000000e+05 1.147690000000000000e+05
9.744728000000000000e+06 3.691000000000000000e+03 3.578000000000000000e+03 3.481000000000000000e+03 2.427660000000000000e+05 1.152440000000000000e+05
9.742895000000000000e+06 3.690000000000000000e+03 3.599000000000000000e+03 3.498000000000000000e+03 2.445620000000000000e+05 1.157130000000000000e+05
9.741073000000000000e+06 3.739000000000000000e+03 3.621000000000000000e+03 3.540000000000000000e+03 2.462710000000000000e+05 1.161910000000000000e+05
9.739292000000000000e+06 3.661000000000000000e+03 3.614000000000000000e+03 3.597000000000000000e+03 2.480800000000000000e+05 1.166490000000000000e+05
9.737401000000000000e+06 3.731000000000000000e+03 3.643000000000000000e+03 3.620000000000000000e+03 2.498490000000000000e+05 1.171340000000000000e+05
9.735526000000000000e+06 3.836000000000000000e+03 3.620000000000000000e+03 3.577000000000000000e+03 2.516850000000000000e+05 1.176080000000000000e+05
9.733661000000000000e+06 3.747000000000000000e+03 3.671000000000000000e+03 3.687000000000000000e+03 2.534780000000000000e+05 1.180800000000000000e+05
9.731795000000000000e+06 3.752000000000000000e+03 3.728000000000000000e+03 3.744000000000000000e+03 2.552250000000000000e+05 1.185360000000000000e+05
9.729898000000000000e+06 3.716000000000000000e+03 3.778000000000000000e+03 3.795000000000000000e+03 2.570570000000000000e+05 1.190060000000000000e+05
9.727984000000000000e+06 3.864000000000000000e+03 3.743000000000000000e+03 3.729000000000000000e+03 2.589240000000000000e+05 1.195140000000000000e+05
9.726074000000000000e+06 3.897000000000000000e+03 3.754000000000000000e+03 3.744000000000000000e+03 2.607750000000000000e+05 1.200230000000000000e+05
9.724152000000000000e+06 3.881000000000000000e+03 3.743000000000000000e+03 3.759000000000000000e+03 2.627090000000000000e+05 1.204940000000000000e+05
9.722254000000000000e+06 3.801000000000000000e+03 3.808000000000000000e+03 3.842000000000000000e+03 2.645390000000000000e+05 1.209840000000000000e+05
9.720353000000000000e+06 3.833000000000000000e+03 3.791000000000000000e+03 3.810000000000000000e+03 2.664570000000000000e+05 1.214910000000000000e+05
9.718452000000000000e+06 3.798000000000000000e+03 3.805000000000000000e+03 3.859000000000000000e+03 2.683300000000000000e+05 1.219760000000000000e+05
9.716499000000000000e+06 3.845000000000000000e+03 3.776000000000000000e+03 3.865000000000000000e+03 2.702590000000000000e+05 1.224840000000000000e+05
9.714585000000000000e+06 3.836000000000000000e+03 3.851000000000000000e+03 3.893000000000000000e+03 2.720790000000000000e+05 1.229770000000000000e+05
9.712645000000000000e+06 3.868000000000000000e+03 3.851000000000000000e+03 3.903000000000000000e+03 2.739770000000000000e+05 1.234630000000000000e+05
9.710673000000000000e+06 3.915000000000000000e+03 3.807000000000000000e+03 3.904000000000000000e+03 2.759450000000000000e+05 1.239700000000000000e+05
9.708679000000000000e+06 3.992000000000000000e+03 3.860000000000000000e+03 3.801000000000000000e+03 2.779120000000000000e+05 1.244340000000000000e+05
9.706879000000000000e+06 3.806000000000000000e+03 3.945000000000000000e+03 3.774000000000000000e+03 2.798400000000000000e+05 1.249500000000000000e+05
9.704848000000000000e+06 3.932000000000000000e+03 3.892000000000000000e+03 3.728000000000000000e+03 2.818440000000000000e+05 1.254340000000000000e+05
9.702870000000000000e+06 3.933000000000000000e+03 3.911000000000000000e+03 3.774000000000000000e+03 2.837560000000000000e+05 1.259130000000000000e+05
9.700800000000000000e+06 4.042000000000000000e+03 3.885000000000000000e+03 3.876000000000000000e+03 2.856410000000000000e+05 1.263950000000000000e+05
9.698817000000000000e+06 4.044000000000000000e+03 3.938000000000000000e+03 3.847000000000000000e+03 2.875980000000000000e+05 1.268860000000000000e+05
9.696838000000000000e+06 4.059000000000000000e+03 3.958000000000000000e+03 3.884000000000000000e+03 2.895050000000000000e+05 1.273420000000000000e+05
9.694851000000000000e+06 3.997000000000000000e+03 3.978000000000000000e+03 3.930000000000000000e+03 2.914880000000000000e+05 1.278280000000000000e+05
9.692789000000000000e+06 4.123000000000000000e+03 3.968000000000000000e+03 3.924000000000000000e+03 2.934400000000000000e+05 1.283390000000000000e+05
9.690711000000000000e+06 4.107000000000000000e+03 4.008000000000000000e+03 4.016000000000000000e+03 2.954020000000000000e+05 1.288300000000000000e+05
9.688627000000000000e+06 4.069000000000000000e+03 4.014000000000000000e+03 4.090000000000000000e+03 2.974440000000000000e+05 1.293400000000000000e+05
9.686641000000000000e+06 4.016000000000000000e+03 4.082000000000000000e+03 4.104000000000000000e+03 2.994010000000000000e+05 1.298110000000000000e+05
9.684550000000000000e+06 4.085000000000000000e+03 4.086000000000000000e+03 4.130000000000000000e+03 3.013930000000000000e+05 1.303250000000000000e+05
9.682528000000000000e+06 4.058000000000000000e+03 4.154000000000000000e+03 4.010000000000000000e+03 3.034940000000000000e+05 1.308260000000000000e+05
9.680453000000000000e+06 4.043000000000000000e+03 4.142000000000000000e+03 4.040000000000000000e+03 3.055660000000000000e+05 1.313250000000000000e+05
9.678351000000000000e+06 4.076000000000000000e+03 4.181000000000000000e+03 4.106000000000000000e+03 3.075300000000000000e+05 1.318310000000000000e+05
9.676121000000000000e+06 4.243000000000000000e+03 4.137000000000000000e+03 4.152000000000000000e+03 3.095910000000000000e+05 1.323550000000000000e+05
9.674077000000000000e+06 4.246000000000000000e+03 4.125000000000000000e+03 4.160000000000000000e+03 3.116360000000000000e+05 1.328550000000000000e+05
9.671987000000000000e+06 4.227000000000000000e+03 4.156000000000000000e+03 4.164000000000000000e+03 3.137100000000000000e+05 1.333560000000000000e+05
9.669800000000000000e+06 4.314000000000000000e+03 4.150000000000000000e+03 4.100000000000000000e+03 3.158800000000000000e+05 1.338690000000000000e+05
9.667677000000000000e+06 4.284000000000000000e+03 4.214000000000000000e+03 4.167000000000000000e+03 3.179020000000000000e+05 1.343660000000000000e+05
9.665565000000000000e+06 4.299000000000000000e+03 4.214000000000000000e+03 4.179000000000000000e+03 3.199870000000000000e+05 1.348730000000000000e+05
9.663461000000000000e+06 4.334000000000000000e+03 4.216000000000000000e+03 4.168000000000000000e+03 3.220650000000000000e+05 1.353920000000000000e+05
9.661224000000000000e+06 4.351000000000000000e+03 4.268000000000000000e+03 4.192000000000000000e+03 3.242090000000000000e+05 1.358930000000000000e+05
9.658992000000000000e+06 4.443000000000000000e+03 4.280000000000000000e+03 4.259000000000000000e+03 3.262700000000000000e+05 1.363850000000000000e+05
9.656836000000000000e+06 4.426000000000000000e+03 4.334000000000000000e+03 4.257000000000000000e+03 3.283910000000000000e+05 1.368820000000000000e+05
9.654695000000000000e+06 4.322000000000000000e+03 4.370000000000000000e+03 4.265000000000000000e+03 3.305920000000000000e+05 1.373830000000000000e+05
9.652502000000000000e+06 4.323000000000000000e+03 4.347000000000000000e+03 4.337000000000000000e+03 3.327350000000000000e+05 1.378770000000000000e+05
9.650285000000000000e+06 4.423000000000000000e+03 4.310000000000000000e+03 4.265000000000000000e+03 3.349610000000000000e+05 1.383740000000000000e+05
9.648107000000000000e+06 4.397000000000000000e+03 4.315000000000000000e+03 4.217000000000000000e+03 3.372080000000000000e+05 1.388700000000000000e+05
9.645929000000000000e+06 4.373000000000000000e+03 4.359000000000000000e+03 4.311000000000000000e+03 3.392720000000000000e+05 1.393750000000000000e+05
9.643737000000000000e+06 4.458000000000000000e+03 4.379000000000000000e+03 4.343000000000000000e+03 3.413270000000000000e+05 1.398760000000000000e+05
9.641607000000000000e+06 4.387000000000000000e+03 4.395000000000000000e+03 4.322000000000000000e+03 3.435330000000000000e+05 1.403690000000000000e+05
9.639387000000000000e+06 4.425000000000000000e+03 4.369000000000000000e+03 4.258000000000000000e+03 3.458050000000000000e+05 1.408810000000000000e+05
9.637128000000000000e+06 4.446000000000000000e+03 4.347000000000000000e+03 4.355000000000000000e+03 3.479680000000000000e+05 1.413990000000000000e+05
9.634876000000000000e+06 4.511000000000000000e+03 4.358000000000000000e+03 4.335000000000000000e+03 3.501640000000000000e+05 1.419230000000000000e+05
9.632631000000000000e+06 4.527000000000000000e+03 4.443000000000000000e+03 4.313000000000000000e+03 3.523300000000000000e+05 1.424310000000000000e+05
9.630436000000000000e+06 4.445000000000000000e+03 4.539000000000000000e+03 4.281000000000000000e+03 3.545430000000000000e+05 1.429690000000000000e+05
9.628080000000000000e+06 4.549000000000000000e+03 4.576000000000000000e+03 4.351000000000000000e+03 3.566880000000000000e+05 1.435110000000000000e+05
9.625761000000000000e+06 4.657000000000000000e+03 4.563000000000000000e+03 4.406000000000000000e+03 3.588570000000000000e+05 1.440200000000000000e+05
9.623512000000000000e+06 4.588000000000000000e+03 4.600000000000000000e+03 4.436000000000000000e+03 3.611080000000000000e+05 1.445270000000000000e+05
9.621094000000000000e+06 4.691000000000000000e+03 4.621000000000000000e+03 4.460000000000000000e+03 3.633780000000000000e+05 1.450310000000000000e+05
9.618820000000000000e+06 4.657000000000000000e+03 4.580000000000000000e+03 4.578000000000000000e+03 3.656090000000000000e+05 1.455350000000000000e+05
9.616553000000000000e+06 4.602000000000000000e+03 4.621000000000000000e+03 4.619000000000000000e+03 3.678490000000000000e+05 1.460580000000000000e+05
9.614130000000000000e+06 4.708000000000000000e+03 4.673000000000000000e+03 4.640000000000000000e+03 3.700930000000000000e+05 1.465550000000000000e+05
9.611756000000000000e+06 4.797000000000000000e+03 4.660000000000000000e+03 4.600000000000000000e+03 3.724310000000000000e+05 1.470520000000000000e+05
9.609392000000000000e+06 4.846000000000000000e+03 4.625000000000000000e+03 4.596000000000000000e+03 3.747850000000000000e+05 1.475500000000000000e+05
9.607043000000000000e+06 4.772000000000000000e+03 4.630000000000000000e+03 4.668000000000000000e+03 3.771310000000000000e+05 1.480910000000000000e+05
9.604634000000000000e+06 4.757000000000000000e+03 4.658000000000000000e+03 4.774000000000000000e+03 3.794210000000000000e+05 1.486100000000000000e+05
9.602269000000000000e+06 4.695000000000000000e+03 4.702000000000000000e+03 4.783000000000000000e+03 3.817950000000000000e+05 1.491020000000000000e+05
9.599899000000000000e+06 4.711000000000000000e+03 4.739000000000000000e+03 4.780000000000000000e+03 3.841150000000000000e+05 1.495950000000000000e+05
9.597480000000000000e+06 4.697000000000000000e+03 4.784000000000000000e+03 4.798000000000000000e+03 3.864850000000000000e+05 1.501100000000000000e+05
9.595021000000000000e+06 4.779000000000000000e+03 4.686000000000000000e+03 4.800000000000000000e+03 3.889580000000000000e+05 1.506240000000000000e+05
9.592579000000000000e+06 4.808000000000000000e+03 4.758000000000000000e+03 4.797000000000000000e+03 3.913020000000000000e+05 1.510970000000000000e+05
9.590126000000000000e+06 4.858000000000000000e+03 4.756000000000000000e+03 4.783000000000000000e+03 3.937210000000000000e+05 1.516080000000000000e+05
9.587735000000000000e+06 4.798000000000000000e+03 4.763000000000000000e+03 4.923000000000000000e+03 3.960250000000000000e+05 1.521150000000000000e+05
9.585219000000000000e+06 4.898000000000000000e+03 4.743000000000000000e+03 4.946000000000000000e+03 3.984380000000000000e+05 1.526540000000000000e+05
9.582879000000000000e+06 4.831000000000000000e+03 4.782000000000000000e+03 4.840000000000000000e+03 4.009120000000000000e+05 1.531590000000000000e+05
9.580486000000000000e+06 4.850000000000000000e+03 4.831000000000000000e+03 4.814000000000000000e+03 4.032630000000000000e+05 1.536810000000000000e+05
9.577988000000000000e+06 4.966000000000000000e+03 4.763000000000000000e+03 4.813000000000000000e+03 4.057140000000000000e+05 1.542050000000000000e+05
9.575636000000000000e+06 4.883000000000000000e+03 4.750000000000000000e+03 4.785000000000000000e+03 4.081900000000000000e+05 1.547260000000000000e+05
9.573163000000000000e+06 4.960000000000000000e+03 4.783000000000000000e+03 4.789000000000000000e+03 4.105490000000000000e+05 1.552770000000000000e+05
9.570689000000000000e+06 4.924000000000000000e+03 4.828000000000000000e+03 4.836000000000000000e+03 4.129670000000000000e+05 1.558060000000000000e+05
9.568282000000000000e+06 4.857000000000000000e+03 4.830000000000000000e+03 4.832000000000000000e+03 4.154430000000000000e+05 1.563270000000000000e+05
9.565743000000000000e+06 5.012000000000000000e+03 4.833000000000000000e+03 4.817000000000000000e+03 4.178390000000000000e+05 1.568500000000000000e+05
9.563289000000000000e+06 4.984000000000000000e+03 4.942000000000000000e+03 4.762000000000000000e+03 4.202670000000000000e+05 1.573570000000000000e+05
9.560808000000000000e+06 5.031000000000000000e+03 4.933000000000000000e+03 4.788000000000000000e+03 4.226840000000000000e+05 1.578850000000000000e+05
9.558372000000000000e+06 4.994000000000000000e+03 4.865000000000000000e+03 4.854000000000000000e+03 4.251590000000000000e+05 1.583960000000000000e+05
9.555983000000000000e+06 4.957000000000000000e+03 4.863000000000000000e+03 4.902000000000000000e+03 4.275390000000000000e+05 1.589160000000000000e+05
9.553518000000000000e+06 4.936000000000000000e+03 4.881000000000000000e+03 4.970000000000000000e+03 4.299390000000000000e+05 1.594260000000000000e+05
9.550999000000000000e+06 4.976000000000000000e+03 4.870000000000000000e+03 5.008000000000000000e+03 4.323910000000000000e+05 1.599350000000000000e+05
9.548534000000000000e+06 4.940000000000000000e+03 4.887000000000000000e+03 5.066000000000000000e+03 4.348170000000000000e+05 1.604810000000000000e+05
9.546059000000000000e+06 4.991000000000000000e+03 4.808000000000000000e+03 5.028000000000000000e+03 4.373580000000000000e+05 1.610080000000000000e+05
9.543593000000000000e+06 4.947000000000000000e+03 4.909000000000000000e+03 4.983000000000000000e+03 4.398120000000000000e+05 1.615250000000000000e+05
9.541181000000000000e+06 4.914000000000000000e+03 4.882000000000000000e+03 4.927000000000000000e+03 4.423400000000000000e+05 1.620610000000000000e+05
9.538724000000000000e+06 4.906000000000000000e+03 4.883000000000000000e+03 4.927000000000000000e+03 4.448040000000000000e+05 1.625870000000000000e+05
9.536257000000000000e+06 4.903000000000000000e+03 4.933000000000000000e+03 4.907000000000000000e+03 4.472440000000000000e+05 1.631280000000000000e+05
9.533833000000000000e+06 4.902000000000000000e+03 4.891000000000000000e+03 4.857000000000000000e+03 4.497610000000000000e+05 1.636350000000000000e+05
9.531353000000000000e+06 4.943000000000000000e+03 4.941000000000000000e+03 4.832000000000000000e+03 4.521750000000000000e+05 1.641560000000000000e+05
9.528854000000000000e+06 5.096000000000000000e+03 4.921000000000000000e+03 4.725000000000000000e+03 4.546480000000000000e+05 1.646820000000000000e+05
9.526371000000000000e+06 4.972000000000000000e+03 5.004000000000000000e+03 4.787000000000000000e+03 4.571100000000000000e+05 1.652180000000000000e+05
9.523875000000000000e+06 4.966000000000000000e+03 5.001000000000000000e+03 4.799000000000000000e+03 4.596030000000000000e+05 1.657300000000000000e+05
9.521387000000000000e+06 5.019000000000000000e+03 5.004000000000000000e+03 4.855000000000000000e+03 4.619790000000000000e+05 1.662570000000000000e+05
9.518955000000000000e+06 4.938000000000000000e+03 5.032000000000000000e+03 4.886000000000000000e+03 4.644330000000000000e+05 1.668040000000000000e+05
9.516416000000000000e+06 4.954000000000000000e+03 5.061000000000000000e+03 4.939000000000000000e+03 4.668740000000000000e+05 1.673490000000000000e+05
9.513784000000000000e+06 5.139000000000000000e+03 5.038000000000000000e+03 4.903000000000000000e+03 4.693800000000000000e+05 1.678730000000000000e+05
9.511270000000000000e+06 5.150000000000000000e+03 5.024000000000000000e+03 4.857000000000000000e+03 4.719430000000000000e+05 1.683710000000000000e+05
9.508662000000000000e+06 5.203000000000000000e+03 5.053000000000000000e+03 4.880000000000000000e+03 4.744460000000000000e+05 1.688860000000000000e+05
9.506141000000000000e+06 5.140000000000000000e+03 5.148000000000000000e+03 4.948000000000000000e+03 4.768670000000000000e+05 1.694330000000000000e+05
9.503499000000000000e+06 5.174000000000000000e+03 5.187000000000000000e+03 5.027000000000000000e+03 4.793570000000000000e+05 1.699750000000000000e+05
9.500855000000000000e+06 5.271000000000000000e+03 5.208000000000000000e+03 5.008000000000000000e+03 4.819020000000000000e+05 1.705380000000000000e+05
9.498277000000000000e+06 5.234000000000000000e+03 5.175000000000000000e+03 5.097000000000000000e+03 4.844610000000000000e+05 1.710620000000000000e+05
9.495716000000000000e+06 5.147000000000000000e+03 5.233000000000000000e+03 5.136000000000000000e+03 4.870120000000000000e+05 1.715940000000000000e+05
9.493025000000000000e+06 5.313000000000000000e+03 5.159000000000000000e+03 5.113000000000000000e+03 4.896340000000000000e+05 1.721380000000000000e+05
9.490439000000000000e+06 5.289000000000000000e+03 5.206000000000000000e+03 5.139000000000000000e+03 4.921710000000000000e+05 1.726890000000000000e+05
9.487928000000000000e+06 5.156000000000000000e+03 5.123000000000000000e+03 5.248000000000000000e+03 4.947890000000000000e+05 1.732060000000000000e+05
9.485423000000000000e+06 5.158000000000000000e+03 5.119000000000000000e+03 5.117000000000000000e+03 4.974270000000000000e+05 1.737540000000000000e+05
9.482883000000000000e+06 5.148000000000000000e+03 5.173000000000000000e+03 5.078000000000000000e+03 4.999620000000000000e+05 1.743080000000000000e+05
9.480248000000000000e+06 5.216000000000000000e+03 5.104000000000000000e+03 5.067000000000000000e+03 5.026090000000000000e+05 1.748380000000000000e+05
9.477624000000000000e+06 5.292000000000000000e+03 5.165000000000000000e+03 5.035000000000000000e+03 5.051280000000000000e+05 1.753670000000000000e+05
9.475054000000000000e+06 5.246000000000000000e+03 5.208000000000000000e+03 5.107000000000000000e+03 5.076290000000000000e+05 1.758990000000000000e+05
9.472433000000000000e+06 5.242000000000000000e+03 5.199000000000000000e+03 5.114000000000000000e+03 5.102560000000000000e+05 1.764440000000000000e+05
9.469846000000000000e+06 5.180000000000000000e+03 5.246000000000000000e+03 5.201000000000000000e+03 5.127710000000000000e+05 1.769890000000000000e+05
9.467155000000000000e+06 5.264000000000000000e+03 5.186000000000000000e+03 5.240000000000000000e+03 5.153990000000000000e+05 1.775210000000000000e+05
9.464494000000000000e+06 5.248000000000000000e+03 5.266000000000000000e+03 5.255000000000000000e+03 5.179810000000000000e+05 1.780440000000000000e+05
9.461902000000000000e+06 5.228000000000000000e+03 5.263000000000000000e+03 5.243000000000000000e+03 5.206080000000000000e+05 1.785690000000000000e+05
9.459310000000000000e+06 5.311000000000000000e+03 5.220000000000000000e+03 5.159000000000000000e+03 5.232440000000000000e+05 1.791100000000000000e+05
9.456764000000000000e+06 5.296000000000000000e+03 5.161000000000000000e+03 5.153000000000000000e+03 5.258700000000000000e+05 1.796700000000000000e+05
9.454194000000000000e+06 5.231000000000000000e+03 5.186000000000000000e+03 5.158000000000000000e+03 5.284750000000000000e+05 1.802200000000000000e+05
9.451655000000000000e+06 5.196000000000000000e+03 5.143000000000000000e+03 5.116000000000000000e+03 5.311340000000000000e+05 1.807790000000000000e+05
9.449152000000000000e+06 5.122000000000000000e+03 5.148000000000000000e+03 5.127000000000000000e+03 5.336950000000000000e+05 1.813180000000000000e+05
9.446570000000000000e+06 5.124000000000000000e+03 5.153000000000000000e+03 5.167000000000000000e+03 5.362300000000000000e+05 1.818610000000000000e+05
9.443932000000000000e+06 5.187000000000000000e+03 5.106000000000000000e+03 5.195000000000000000e+03 5.388240000000000000e+05 1.824000000000000000e+05
9.441459000000000000e+06 5.074000000000000000e+03 5.134000000000000000e+03 5.134000000000000000e+03 5.414430000000000000e+05 1.829310000000000000e+05
9.438894000000000000e+06 5.099000000000000000e+03 5.115000000000000000e+03 5.121000000000000000e+03 5.440150000000000000e+05 1.834670000000000000e+05
9.436317000000000000e+06 5.094000000000000000e+03 5.095000000000000000e+03 5.166000000000000000e+03 5.465720000000000000e+05 1.839870000000000000e+05
9.433878000000000000e+06 4.996000000000000000e+03 5.124000000000000000e+03 5.140000000000000000e+03 5.491060000000000000e+05 1.845360000000000000e+05
9.431380000000000000e+06 5.021000000000000000e+03 5.095000000000000000e+03 5.063000000000000000e+03 5.516850000000000000e+05 1.850720000000000000e+05
9.428833000000000000e+06 5.083000000000000000e+03 5.093000000000000000e+03 4.986000000000000000e+03 5.542490000000000000e+05 1.856180000000000000e+05
9.426314000000000000e+06 5.135000000000000000e+03 5.008000000000000000e+03 5.032000000000000000e+03 5.567550000000000000e+05 1.861650000000000000e+05
9.423910000000000000e+06 4.978000000000000000e+03 5.078000000000000000e+03 4.985000000000000000e+03 5.592930000000000000e+05 1.867190000000000000e+05
9.421399000000000000e+06 4.990000000000000000e+03 5.066000000000000000e+03 5.023000000000000000e+03 5.617660000000000000e+05 1.872670000000000000e+05
9.418959000000000000e+06 4.905000000000000000e+03 5.042000000000000000e+03 5.078000000000000000e+03 5.642600000000000000e+05 1.877810000000000000e+05
9.416499000000000000e+06 4.902000000000000000e+03 4.960000000000000000e+03 5.043000000000000000e+03 5.668400000000000000e+05 1.883340000000000000e+05
9.414019000000000000e+06 4.916000000000000000e+03 4.899000000000000000e+03 4.996000000000000000e+03 5.694140000000000000e+05 1.888870000000000000e+05
9.411688000000000000e+06 4.829000000000000000e+03 4.915000000000000000e+03 4.924000000000000000e+03 5.718880000000000000e+05 1.894520000000000000e+05
9.409139000000000000e+06 4.985000000000000000e+03 4.896000000000000000e+03 4.848000000000000000e+03 5.743760000000000000e+05 1.899880000000000000e+05
9.406688000000000000e+06 4.970000000000000000e+03 4.846000000000000000e+03 4.873000000000000000e+03 5.768670000000000000e+05 1.905510000000000000e+05
9.404273000000000000e+06 4.884000000000000000e+03 4.935000000000000000e+03 4.841000000000000000e+03 5.793110000000000000e+05 1.910920000000000000e+05
9.401814000000000000e+06 4.935000000000000000e+03 4.932000000000000000e+03 4.781000000000000000e+03 5.817820000000000000e+05 1.916150000000000000e+05
9.399281000000000000e+06 5.005000000000000000e+03 4.941000000000000000e+03 4.781000000000000000e+03 5.842360000000000000e+05 1.921540000000000000e+05
9.396825000000000000e+06 5.047000000000000000e+03 4.899000000000000000e+03 4.780000000000000000e+03 5.866930000000000000e+05 1.927420000000000000e+05
9.394392000000000000e+06 5.064000000000000000e+03 4.910000000000000000e+03 4.755000000000000000e+03 5.891230000000000000e+05 1.932670000000000000e+05
9.392037000000000000e+06 4.945000000000000000e+03 4.899000000000000000e+03 4.805000000000000000e+03 5.915580000000000000e+05 1.938170000000000000e+05
9.389597000000000000e+06 4.930000000000000000e+03 4.850000000000000000e+03 4.865000000000000000e+03 5.940020000000000000e+05 1.943490000000000000e+05
9.387199000000000000e+06 4.879000000000000000e+03 4.841000000000000000e+03 4.941000000000000000e+03 5.963840000000000000e+05 1.948690000000000000e+05
9.384776000000000000e+06 4.823000000000000000e+03 4.931000000000000000e+03 4.875000000000000000e+03 5.988390000000000000e+05 1.954070000000000000e+05
9.382292000000000000e+06 4.834000000000000000e+03 4.954000000000000000e+03 4.905000000000000000e+03 6.012590000000000000e+05 1.959410000000000000e+05
9.379898000000000000e+06 4.877000000000000000e+03 4.952000000000000000e+03 4.829000000000000000e+03 6.036880000000000000e+05 1.965080000000000000e+05
9.377470000000000000e+06 4.933000000000000000e+03 4.855000000000000000e+03 4.748000000000000000e+03 6.062380000000000000e+05 1.970530000000000000e+05
9.375066000000000000e+06 4.888000000000000000e+03 4.887000000000000000e+03 4.723000000000000000e+03 6.086800000000000000e+05 1.976100000000000000e+05
9.372597000000000000e+06 4.948000000000000000e+03 4.827000000000000000e+03 4.797000000000000000e+03 6.110750000000000000e+05 1.981560000000000000e+05
9.370208000000000000e+06 4.916000000000000000e+03 4.794000000000000000e+03 4.831000000000000000e+03 6.134950000000000000e+05 1.987150000000000000e+05
9.367817000000000000e+06 4.871000000000000000e+03 4.799000000000000000e+03 4.829000000000000000e+03 6.159280000000000000e+05 1.992580000000000000e+05
9.365451000000000000e+06 4.831000000000000000e+03 4.810000000000000000e+03 4.883000000000000000e+03 6.182690000000000000e+05 1.997960000000000000e+05
9.363163000000000000e+06 4.752000000000000000e+03 4.783000000000000000e+03 4.867000000000000000e+03 6.206790000000000000e+05 2.003160000000000000e+05
9.360739000000000000e+06 4.853000000000000000e+03 4.698000000000000000e+03 4.802000000000000000e+03 6.231520000000000000e+05 2.008580000000000000e+05
9.358419000000000000e+06 4.805000000000000000e+03 4.654000000000000000e+03 4.888000000000000000e+03 6.254780000000000000e+05 2.014280000000000000e+05
9.356135000000000000e+06 4.738000000000000000e+03 4.693000000000000000e+03 4.852000000000000000e+03 6.278260000000000000e+05 2.020110000000000000e+05
9.353845000000000000e+06 4.669000000000000000e+03 4.732000000000000000e+03 4.787000000000000000e+03 6.302110000000000000e+05 2.025660000000000000e+05
9.351469000000000000e+06 4.692000000000000000e+03 4.736000000000000000e+03 4.691000000000000000e+03 6.326560000000000000e+05 2.031080000000000000e+05
9.349113000000000000e+06 4.645000000000000000e+03 4.748000000000000000e+03 4.720000000000000000e+03 6.350180000000000000e+05 2.036650000000000000e+05
9.346776000000000000e+06 4.672000000000000000e+03 4.744000000000000000e+03 4.691000000000000000e+03 6.373610000000000000e+05 2.042350000000000000e+05
9.344395000000000000e+06 4.700000000000000000e+03 4.701000000000000000e+03 4.746000000000000000e+03 6.397020000000000000e+05 2.047860000000000000e+05
9.342031000000000000e+06 4.730000000000000000e+03 4.648000000000000000e+03 4.681000000000000000e+03 6.421540000000000000e+05 2.053590000000000000e+05
9.339680000000000000e+06 4.770000000000000000e+03 4.661000000000000000e+03 4.702000000000000000e+03 6.444310000000000000e+05 2.058950000000000000e+05
9.337381000000000000e+06 4.714000000000000000e+03 4.638000000000000000e+03 4.718000000000000000e+03 6.467930000000000000e+05 2.064430000000000000e+05
9.335119000000000000e+06 4.715000000000000000e+03 4.555000000000000000e+03 4.651000000000000000e+03 6.492040000000000000e+05 2.069880000000000000e+05
9.332855000000000000e+06 4.676000000000000000e+03 4.569000000000000000e+03 4.643000000000000000e+03 6.515010000000000000e+05 2.075260000000000000e+05
9.330591000000000000e+06 4.640000000000000000e+03 4.548000000000000000e+03 4.628000000000000000e+03 6.538370000000000000e+05 2.080580000000000000e+05
9.328379000000000000e+06 4.549000000000000000e+03 4.596000000000000000e+03 4.605000000000000000e+03 6.561150000000000000e+05 2.086170000000000000e+05
9.326113000000000000e+06 4.552000000000000000e+03 4.621000000000000000e+03 4.611000000000000000e+03 6.583470000000000000e+05 2.091720000000000000e+05
9.323859000000000000e+06 4.567000000000000000e+03 4.560000000000000000e+03 4.489000000000000000e+03 6.607690000000000000e+05 2.097030000000000000e+05
9.321547000000000000e+06 4.574000000000000000e+03 4.557000000000000000e+03 4.537000000000000000e+03 6.630290000000000000e+05 2.102250000000000000e+05
9.319310000000000000e+06 4.571000000000000000e+03 4.525000000000000000e+03 4.549000000000000000e+03 6.652890000000000000e+05 2.107770000000000000e+05
9.317092000000000000e+06 4.548000000000000000e+03 4.496000000000000000e+03 4.490000000000000000e+03 6.676180000000000000e+05 2.113520000000000000e+05
9.314903000000000000e+06 4.467000000000000000e+03 4.524000000000000000e+03 4.559000000000000000e+03 6.697910000000000000e+05 2.119100000000000000e+05
9.312682000000000000e+06 4.450000000000000000e+03 4.502000000000000000e+03 4.545000000000000000e+03 6.720650000000000000e+05 2.124590000000000000e+05
9.310468000000000000e+06 4.497000000000000000e+03 4.492000000000000000e+03 4.466000000000000000e+03 6.743210000000000000e+05 2.129980000000000000e+05
9.308245000000000000e+06 4.532000000000000000e+03 4.410000000000000000e+03 4.423000000000000000e+03 6.766340000000000000e+05 2.135570000000000000e+05
9.306098000000000000e+06 4.499000000000000000e+03 4.379000000000000000e+03 4.391000000000000000e+03 6.788770000000000000e+05 2.141130000000000000e+05
9.303996000000000000e+06 4.397000000000000000e+03 4.414000000000000000e+03 4.458000000000000000e+03 6.809790000000000000e+05 2.146580000000000000e+05
9.301839000000000000e+06 4.373000000000000000e+03 4.385000000000000000e+03 4.335000000000000000e+03 6.833120000000000000e+05 2.152090000000000000e+05
9.299667000000000000e+06 4.350000000000000000e+03 4.356000000000000000e+03 4.348000000000000000e+03 6.855230000000000000e+05 2.157690000000000000e+05
9.297556000000000000e+06 4.257000000000000000e+03 4.358000000000000000e+03 4.361000000000000000e+03 6.877120000000000000e+05 2.162950000000000000e+05
9.295433000000000000e+06 4.271000000000000000e+03 4.368000000000000000e+03 4.325000000000000000e+03 6.898470000000000000e+05 2.168320000000000000e+05
9.293305000000000000e+06 4.275000000000000000e+03 4.241000000000000000e+03 4.340000000000000000e+03 6.920830000000000000e+05 2.173520000000000000e+05
9.291288000000000000e+06 4.164000000000000000e+03 4.252000000000000000e+03 4.249000000000000000e+03 6.942910000000000000e+05 2.178800000000000000e+05
9.289194000000000000e+06 4.202000000000000000e+03 4.206000000000000000e+03 4.220000000000000000e+03 6.964220000000000000e+05 2.184220000000000000e+05
9.287138000000000000e+06 4.199000000000000000e+03 4.137000000000000000e+03 4.202000000000000000e+03 6.985680000000000000e+05 2.189690000000000000e+05
9.285141000000000000e+06 4.178000000000000000e+03 4.086000000000000000e+03 4.230000000000000000e+03 7.006090000000000000e+05 2.195010000000000000e+05
9.283234000000000000e+06 4.037000000000000000e+03 4.106000000000000000e+03 4.215000000000000000e+03 7.026520000000000000e+05 2.200510000000000000e+05
9.281245000000000000e+06 4.017000000000000000e+03 4.026000000000000000e+03 4.172000000000000000e+03 7.047840000000000000e+05 2.206030000000000000e+05
9.279302000000000000e+06 4.039000000000000000e+03 3.943000000000000000e+03 4.114000000000000000e+03 7.068460000000000000e+05 2.211370000000000000e+05
9.277421000000000000e+06 3.927000000000000000e+03 3.910000000000000000e+03 4.067000000000000000e+03 7.089190000000000000e+05 2.216920000000000000e+05
9.275525000000000000e+06 3.918000000000000000e+03 3.850000000000000000e+03 3.933000000000000000e+03 7.110180000000000000e+05 2.222390000000000000e+05
9.273641000000000000e+06 3.843000000000000000e+03 3.858000000000000000e+03 3.872000000000000000e+03 7.130300000000000000e+05 2.227840000000000000e+05
9.271768000000000000e+06 3.804000000000000000e+03 3.936000000000000000e+03 3.845000000000000000e+03 7.148910000000000000e+05 2.233230000000000000e+05
9.269830000000000000e+06 3.838000000000000000e+03 3.922000000000000000e+03 3.825000000000000000e+03 7.168290000000000000e+05 2.238470000000000000e+05
9.267885000000000000e+06 3.870000000000000000e+03 3.923000000000000000e+03 3.798000000000000000e+03 7.187680000000000000e+05 2.243960000000000000e+05
9.266014000000000000e+06 3.838000000000000000e+03 3.901000000000000000e+03 3.791000000000000000e+03 7.207000000000000000e+05 2.249660000000000000e+05
9.264187000000000000e+06 3.800000000000000000e+03 3.861000000000000000e+03 3.770000000000000000e+03 7.226260000000000000e+05 2.255080000000000000e+05
9.262258000000000000e+06 3.850000000000000000e+03 3.819000000000000000e+03 3.802000000000000000e+03 7.245150000000000000e+05 2.260620000000000000e+05
9.260323000000000000e+06 3.816000000000000000e+03 3.795000000000000000e+03 3.835000000000000000e+03 7.264750000000000000e+05 2.265790000000000000e+05
9.258535000000000000e+06 3.760000000000000000e+03 3.780000000000000000e+03 3.799000000000000000e+03 7.283700000000000000e+05 2.271460000000000000e+05
9.256672000000000000e+06 3.723000000000000000e+03 3.857000000000000000e+03 3.747000000000000000e+03 7.302450000000000000e+05 2.276870000000000000e+05
9.254845000000000000e+06 3.715000000000000000e+03 3.802000000000000000e+03 3.702000000000000000e+03 7.321800000000000000e+05 2.282000000000000000e+05
9.252908000000000000e+06 3.768000000000000000e+03 3.829000000000000000e+03 3.713000000000000000e+03 7.340260000000000000e+05 2.287410000000000000e+05
9.251089000000000000e+06 3.700000000000000000e+03 3.784000000000000000e+03 3.757000000000000000e+03 7.359140000000000000e+05 2.292840000000000000e+05
9.249283000000000000e+06 3.732000000000000000e+03 3.717000000000000000e+03 3.680000000000000000e+03 7.378320000000000000e+05 2.298130000000000000e+05
9.247496000000000000e+06 3.684000000000000000e+03 3.656000000000000000e+03 3.688000000000000000e+03 7.397200000000000000e+05 2.303670000000000000e+05
9.245701000000000000e+06 3.694000000000000000e+03 3.587000000000000000e+03 3.680000000000000000e+03 7.415820000000000000e+05 2.309180000000000000e+05
9.243921000000000000e+06 3.661000000000000000e+03 3.566000000000000000e+03 3.682000000000000000e+03 7.434140000000000000e+05 2.314610000000000000e+05
9.242156000000000000e+06 3.601000000000000000e+03 3.586000000000000000e+03 3.623000000000000000e+03 7.452780000000000000e+05 2.319940000000000000e+05
9.240429000000000000e+06 3.492000000000000000e+03 3.640000000000000000e+03 3.625000000000000000e+03 7.470580000000000000e+05 2.325340000000000000e+05
9.238644000000000000e+06 3.454000000000000000e+03 3.646000000000000000e+03 3.638000000000000000e+03 7.488620000000000000e+05 2.330830000000000000e+05
9.236825000000000000e+06 3.531000000000000000e+03 3.585000000000000000e+03 3.631000000000000000e+03 7.506720000000000000e+05 2.336070000000000000e+05
9.235066000000000000e+06 3.611000000000000000e+03 3.543000000000000000e+03 3.547000000000000000e+03 7.524770000000000000e+05 2.341450000000000000e+05
9.233298000000000000e+06 3.562000000000000000e+03 3.585000000000000000e+03 3.549000000000000000e+03 7.542500000000000000e+05 2.346810000000000000e+05
9.231593000000000000e+06 3.519000000000000000e+03 3.532000000000000000e+03 3.556000000000000000e+03 7.560440000000000000e+05 2.352180000000000000e+05
9.229888000000000000e+06 3.430000000000000000e+03 3.539000000000000000e+03 3.570000000000000000e+03 7.578170000000000000e+05 2.357960000000000000e+05
9.228142000000000000e+06 3.439000000000000000e+03 3.482000000000000000e+03 3.546000000000000000e+03 7.596350000000000000e+05 2.363250000000000000e+05
9.226408000000000000e+06 3.486000000000000000e+03 3.483000000000000000e+03 3.521000000000000000e+03 7.613460000000000000e+05 2.368570000000000000e+05
9.224706000000000000e+06 3.508000000000000000e+03 3.469000000000000000e+03 3.474000000000000000e+03 7.630870000000000000e+05 2.374100000000000000e+05
9.223093000000000000e+06 3.461000000000000000e+03 3.366000000000000000e+03 3.411000000000000000e+03 7.649130000000000000e+05 2.379570000000000000e+05
9.221385000000000000e+06 3.418000000000000000e+03 3.461000000000000000e+03 3.396000000000000000e+03 7.665840000000000000e+05 2.384850000000000000e+05
9.219693000000000000e+06 3.397000000000000000e+03 3.460000000000000000e+03 3.386000000000000000e+03 7.683080000000000000e+05 2.390610000000000000e+05
9.218026000000000000e+06 3.366000000000000000e+03 3.443000000000000000e+03 3.337000000000000000e+03 7.700720000000000000e+05 2.396060000000000000e+05
9.216408000000000000e+06 3.345000000000000000e+03 3.406000000000000000e+03 3.395000000000000000e+03 7.716900000000000000e+05 2.401510000000000000e+05
9.214783000000000000e+06 3.328000000000000000e+03 3.355000000000000000e+03 3.372000000000000000e+03 7.734060000000000000e+05 2.406900000000000000e+05
9.213131000000000000e+06 3.314000000000000000e+03 3.371000000000000000e+03 3.348000000000000000e+03 7.750800000000000000e+05 2.412510000000000000e+05
9.211448000000000000e+06 3.324000000000000000e+03 3.393000000000000000e+03 3.286000000000000000e+03 7.767930000000000000e+05 2.418120000000000000e+05
9.209801000000000000e+06 3.318000000000000000e+03 3.396000000000000000e+03 3.307000000000000000e+03 7.784220000000000000e+05 2.423900000000000000e+05
9.208200000000000000e+06 3.246000000000000000e+03 3.379000000000000000e+03 3.300000000000000000e+03 7.801190000000000000e+05 2.429170000000000000e+05
9.206552000000000000e+06 3.237000000000000000e+03 3.408000000000000000e+03 3.281000000000000000e+03 7.817660000000000000e+05 2.434740000000000000e+05
9.204870000000000000e+06 3.211000000000000000e+03 3.449000000000000000e+03 3.266000000000000000e+03 7.834480000000000000e+05 2.440390000000000000e+05
9.203141000000000000e+06 3.315000000000000000e+03 3.392000000000000000e+03 3.253000000000000000e+03 7.851430000000000000e+05 2.445910000000000000e+05
9.201495000000000000e+06 3.315000000000000000e+03 3.370000000000000000e+03 3.281000000000000000e+03 7.867830000000000000e+05 2.451420000000000000e+05
9.199818000000000000e+06 3.385000000000000000e+03 3.271000000000000000e+03 3.291000000000000000e+03 7.884790000000000000e+05 2.456710000000000000e+05
9.198255000000000000e+06 3.273000000000000000e+03 3.235000000000000000e+03 3.316000000000000000e+03 7.901650000000000000e+05 2.462070000000000000e+05
9.196668000000000000e+06 3.191000000000000000e+03 3.260000000000000000e+03 3.310000000000000000e+03 7.918150000000000000e+05 2.467360000000000000e+05
9.195017000000000000e+06 3.214000000000000000e+03 3.247000000000000000e+03 3.305000000000000000e+03 7.934610000000000000e+05 2.472870000000000000e+05
9.193394000000000000e+06 3.265000000000000000e+03 3.225000000000000000e+03 3.253000000000000000e+03 7.951070000000000000e+05 2.478320000000000000e+05
9.191767000000000000e+06 3.292000000000000000e+03 3.194000000000000000e+03 3.202000000000000000e+03 7.967890000000000000e+05 2.483660000000000000e+05
9.190238000000000000e+06 3.200000000000000000e+03 3.234000000000000000e+03 3.194000000000000000e+03 7.983780000000000000e+05 2.489120000000000000e+05
9.188699000000000000e+06 3.179000000000000000e+03 3.217000000000000000e+03 3.137000000000000000e+03 8.000120000000000000e+05 2.494530000000000000e+05
9.187163000000000000e+06 3.081000000000000000e+03 3.252000000000000000e+03 3.139000000000000000e+03 8.016090000000000000e+05 2.499880000000000000e+05
9.185572000000000000e+06 3.195000000000000000e+03 3.203000000000000000e+03 3.090000000000000000e+03 8.031840000000000000e+05 2.505250000000000000e+05
9.183963000000000000e+06 3.167000000000000000e+03 3.246000000000000000e+03 3.142000000000000000e+03 8.047260000000000000e+05 2.510430000000000000e+05
9.182372000000000000e+06 3.212000000000000000e+03 3.206000000000000000e+03 3.128000000000000000e+03 8.063260000000000000e+05 2.515850000000000000e+05
9.180813000000000000e+06 3.199000000000000000e+03 3.196000000000000000e+03 3.159000000000000000e+03 8.078770000000000000e+05 2.521280000000000000e+05
9.179309000000000000e+06 3.143000000000000000e+03 3.178000000000000000e+03 3.139000000000000000e+03 8.094750000000000000e+05 2.526660000000000000e+05
9.177773000000000000e+06 3.067000000000000000e+03 3.224000000000000000e+03 3.124000000000000000e+03 8.110560000000000000e+05 2.531870000000000000e+05
9.176195000000000000e+06 3.115000000000000000e+03 3.195000000000000000e+03 3.094000000000000000e+03 8.126450000000000000e+05 2.537660000000000000e+05
9.174690000000000000e+06 3.093000000000000000e+03 3.140000000000000000e+03 3.081000000000000000e+03 8.142400000000000000e+05 2.542720000000000000e+05
9.173151000000000000e+06 3.134000000000000000e+03 3.076000000000000000e+03 3.080000000000000000e+03 8.158030000000000000e+05 2.548140000000000000e+05
9.171634000000000000e+06 3.089000000000000000e+03 3.052000000000000000e+03 3.130000000000000000e+03 8.173390000000000000e+05 2.553510000000000000e+05
9.170109000000000000e+06 3.106000000000000000e+03 2.980000000000000000e+03 3.143000000000000000e+03 8.189060000000000000e+05 2.558810000000000000e+05
9.168702000000000000e+06 3.021000000000000000e+03 2.961000000000000000e+03 3.088000000000000000e+03 8.204720000000000000e+05 2.564260000000000000e+05
9.167153000000000000e+06 3.078000000000000000e+03 2.935000000000000000e+03 3.084000000000000000e+03 8.219940000000000000e+05 2.569390000000000000e+05
9.165751000000000000e+06 3.029000000000000000e+03 2.883000000000000000e+03 3.041000000000000000e+03 8.235400000000000000e+05 2.574370000000000000e+05
9.164382000000000000e+06 2.944000000000000000e+03 2.847000000000000000e+03 3.034000000000000000e+03 8.250370000000000000e+05 2.579620000000000000e+05
9.162967000000000000e+06 2.877000000000000000e+03 2.871000000000000000e+03 3.034000000000000000e+03 8.264950000000000000e+05 2.584730000000000000e+05
9.161553000000000000e+06 2.878000000000000000e+03 2.825000000000000000e+03 2.960000000000000000e+03 8.280280000000000000e+05 2.589970000000000000e+05
9.160181000000000000e+06 2.788000000000000000e+03 2.861000000000000000e+03 2.932000000000000000e+03 8.294820000000000000e+05 2.595490000000000000e+05
9.158769000000000000e+06 2.861000000000000000e+03 2.819000000000000000e+03 2.813000000000000000e+03 8.309820000000000000e+05 2.601100000000000000e+05
9.157439000000000000e+06 2.798000000000000000e+03 2.822000000000000000e+03 2.780000000000000000e+03 8.324050000000000000e+05 2.606370000000000000e+05
9.156076000000000000e+06 2.766000000000000000e+03 2.842000000000000000e+03 2.740000000000000000e+03 8.338200000000000000e+05 2.611540000000000000e+05
9.154682000000000000e+06 2.751000000000000000e+03 2.813000000000000000e+03 2.762000000000000000e+03 8.352360000000000000e+05 2.616820000000000000e+05
9.153327000000000000e+06 2.747000000000000000e+03 2.771000000000000000e+03 2.740000000000000000e+03 8.366590000000000000e+05 2.622240000000000000e+05
9.151978000000000000e+06 2.716000000000000000e+03 2.754000000000000000e+03 2.751000000000000000e+03 8.380450000000000000e+05 2.627640000000000000e+05
9.150714000000000000e+06 2.646000000000000000e+03 2.707000000000000000e+03 2.756000000000000000e+03 8.394210000000000000e+05 2.632970000000000000e+05
9.149372000000000000e+06 2.711000000000000000e+03 2.689000000000000000e+03 2.676000000000000000e+03 8.407960000000000000e+05 2.638280000000000000e+05
9.148097000000000000e+06 2.681000000000000000e+03 2.680000000000000000e+03 2.643000000000000000e+03 8.421430000000000000e+05 2.643750000000000000e+05
9.146840000000000000e+06 2.614000000000000000e+03 2.674000000000000000e+03 2.664000000000000000e+03 8.434520000000000000e+05 2.649050000000000000e+05
9.145596000000000000e+06 2.533000000000000000e+03 2.596000000000000000e+03 2.676000000000000000e+03 8.448430000000000000e+05 2.654160000000000000e+05
9.144333000000000000e+06 2.573000000000000000e+03 2.518000000000000000e+03 2.627000000000000000e+03 8.461930000000000000e+05 2.659400000000000000e+05
9.143119000000000000e+06 2.525000000000000000e+03 2.491000000000000000e+03 2.599000000000000000e+03 8.475100000000000000e+05 2.664230000000000000e+05
9.141913000000000000e+06 2.517000000000000000e+03 2.458000000000000000e+03 2.590000000000000000e+03 8.487660000000000000e+05 2.669550000000000000e+05
9.140756000000000000e+06 2.399000000000000000e+03 2.469000000000000000e+03 2.584000000000000000e+03 8.500360000000000000e+05 2.675050000000000000e+05
9.139482000000000000e+06 2.413000000000000000e+03 2.490000000000000000e+03 2.544000000000000000e+03 8.513150000000000000e+05 2.680380000000000000e+05
9.138242000000000000e+06 2.470000000000000000e+03 2.490000000000000000e+03 2.487000000000000000e+03 8.525550000000000000e+05 2.685770000000000000e+05
9.136989000000000000e+06 2.518000000000000000e+03 2.481000000000000000e+03 2.462000000000000000e+03 8.537940000000000000e+05 2.691280000000000000e+05
0.000000000000000000e+00 0.000000000000000000e+00 0.000000000000000000e+00 0.000000000000000000e+00 0.000000000000000000e+00 0.000000000000000000e+00
