1.979079497907949792e+00
1.702702702702702631e+00
1.155339805825242649e+00
7.105263157894736725e-01
1.277777777777777679e+00
8.230088495575220708e-01
8.144329896907216426e-01
9.680851063829787329e-01
1.217821782178217793e+00
9.764705882352940902e-01
9.387755102040816757e-01
9.207920792079208328e-01
1.102040816326530503e+00
7.882352941176470340e-01
8.673469387755101678e-01
8.953488372093023617e-01
7.848101265822784445e-01
1.080000000000000071e+00
1.097560975609756184e+00
1.068181818181818121e+00
9.861111111111111605e-01
7.788461538461538547e-01
9.891304347826086474e-01
1.012499999999999956e+00
1.135135135135135087e+00
8.026315789473684736e-01
9.146341463414634498e-01
1.131868131868131844e+00
8.493150684931506378e-01
1.146067415730336991e+00
1.157303370786516794e+00
8.068181818181817677e-01
1.457627118644067687e+00
9.268292682926829729e-01
9.780219780219779890e-01
1.134020618556700999e+00
9.866666666666666918e-01
1.317647058823529393e+00
1.108695652173913082e+00
1.161904761904761996e+00
1.037037037037036979e+00
1.068627450980392135e+00
1.212962962962963021e+00
1.122807017543859587e+00
8.403361344537815247e-01
1.336538461538461453e+00
9.918699186991869476e-01
9.230769230769231282e-01
1.079646017699114946e+00
1.305343511450381744e+00
7.809523809523809534e-01
1.051282051282051322e+00
1.106557377049180335e+00
1.229813664596273393e+00
1.086330935251798468e+00
9.743589743589743390e-01
1.129251700680272030e+00
1.113636363636363535e+00
1.000000000000000000e+00
1.226666666666666572e+00
1.048611111111111160e+00
9.190751445086705607e-01
1.314102564102564097e+00
1.052287581699346442e+00
1.065573770491803351e+00
9.831460674157302959e-01
1.052023121387283267e+00
1.125000000000000000e+00
8.381502890173410103e-01
1.197916666666666741e+00
1.056179775280898792e+00
1.016042780748663166e+00
1.119170984455958529e+00
1.089473684210526372e+00
1.093264248704663322e+00
1.250000000000000000e+00
1.143564356435643470e+00
1.065727699530516492e+00
1.236363636363636331e+00
1.166666666666666741e+00
1.247999999999999998e+00
9.823788546255506349e-01
9.599999999999999645e-01
1.040000000000000036e+00
9.884169884169884401e-01
1.263779527559055094e+00
1.080586080586080522e+00
1.088028169014084501e+00
1.038961038961038863e+00
1.322033898305084776e+00
1.252559726962457320e+00
1.160655737704918034e+00
1.077380952380952328e+00
1.091954022988505857e+00
9.943342776203966116e-01
1.096590909090909172e+00
1.093406593406593297e+00
1.083769633507853491e+00
1.160583941605839442e+00
1.112565445026177935e+00
1.102244389027431382e+00
1.063596491228070207e+00
1.060465116279069697e+00
1.128878281622911706e+00
1.162412993039443121e+00
1.154708520179372089e+00
1.243298969072164972e+00
1.049773755656108642e+00
1.276404494382022525e+00
1.263366336633663378e+00
1.273062730627306349e+00
1.276408450704225261e+00
1.274509803921568540e+00
1.221666666666666679e+00
1.277950310559006208e+00
1.377218934911242698e+00
1.288300835654596188e+00
1.364417177914110324e+00
1.341920374707259889e+00
1.334078212290502830e+00
1.372570194384449271e+00
1.262145748987854255e+00
1.357526881720430012e+00
1.249547920433996318e+00
1.297084318360914201e+00
1.347425057647963165e+00
1.349621472814865886e+00
1.371257485029940160e+00
1.346938775510204023e+00
1.321167883211678884e+00
1.369743309666848763e+00
1.336623376623376602e+00
1.319424460431654733e+00
1.390209125475285079e+00
1.414373716632443490e+00
1.392871287128712776e+00
1.383625312835180532e+00
1.392396469789545232e+00
1.317275237803007037e+00
1.420705477487811841e+00
1.347629195524773671e+00
1.348458692971640005e+00
1.388262910798122141e+00
1.383538396266440484e+00
1.342740365901128774e+00
1.342345633905736246e+00
1.369185543835379493e+00
1.367656348704990421e+00
1.340581883623275239e+00
1.365685054610811466e+00
1.378832584990378418e+00
1.357653617743303842e+00
1.355185143752097643e+00
1.379250128402670805e+00
1.353972185178129228e+00
1.355435272891294618e+00
1.356126080325368521e+00
1.360938471100062053e+00
1.368891148064773855e+00
1.371875839828003318e+00
1.373940007593975388e+00
1.334337698458685884e+00
1.349168008588298440e+00
1.334986197730293478e+00
1.354617265375211543e+00
1.341522905672091870e+00
1.372622171203673247e+00
1.348242322126062653e+00
1.340268360573834805e+00
1.318693213500836459e+00
1.326211048379550173e+00
1.334476345460885671e+00
1.318048254481736015e+00
1.308216045932625304e+00
1.311612582075046829e+00
1.290378852261036879e+00
1.293254274798004033e+00
1.277855884041900092e+00
1.280824076992971960e+00
1.259272951324707401e+00
1.271298593879238936e+00
1.248909461791934739e+00
1.236246675877642476e+00
1.232501092580322366e+00
1.229792517824241038e+00
1.211932085949739557e+00
1.202079319495437781e+00
1.185798858023610292e+00
1.168728209455708322e+00
1.151587175830560472e+00
1.128843278231836056e+00
1.083933518005540275e+00
1.022862785310090672e+00
9.342595823614758821e-01
8.006406920191668775e-01
6.350080392800954154e-01
4.400829770119808471e-01
2.320917614268868945e-01
7.474172293174977111e-02
0.000000000000000000e+00
