1.925531914893616969e+00
1.157894736842105310e+00
8.461538461538461453e-01
8.823529411764705621e-01
7.384615384615385025e-01
8.591549295774647543e-01
9.868421052631578538e-01
1.076923076923076872e+00
1.036363636363636376e+00
7.142857142857143016e-01
9.827586206896551380e-01
8.039215686274510109e-01
9.000000000000000222e-01
6.181818181818181657e-01
8.604651162790697416e-01
9.166666666666666297e-01
6.666666666666666297e-01
9.743589743589743390e-01
8.205128205128204844e-01
5.925925925925925597e-01
7.142857142857143016e-01
6.451612903225806273e-01
6.666666666666666297e-01
1.833333333333333259e+00
8.064516129032257563e-01
5.185185185185184897e-01
6.896551724137931494e-01
1.230769230769230838e+00
7.199999999999999734e-01
1.210526315789473673e+00
1.037037037037036979e+00
1.000000000000000000e+00
8.800000000000000044e-01
5.999999999999999778e-01
6.521739130434782705e-01
1.000000000000000000e+00
6.666666666666666297e-01
8.387096774193548709e-01
1.052631578947368363e+00
1.047619047619047672e+00
1.176470588235294157e+00
4.705882352941176405e-01
7.916666666666666297e-01
5.999999999999999778e-01
1.600000000000000089e+00
8.095238095238095344e-01
1.000000000000000000e+00
1.071428571428571397e+00
5.454545454545454142e-01
6.923076923076922906e-01
8.000000000000000444e-01
1.533333333333333437e+00
1.000000000000000000e+00
1.357142857142857206e+00
8.666666666666666963e-01
7.826086956521739468e-01
9.000000000000000222e-01
1.312500000000000000e+00
2.941176470588235392e-01
4.000000000000000222e-01
8.181818181818182323e-01
3.750000000000000000e-01
7.777777777777777901e-01
9.166666666666666297e-01
1.250000000000000000e+00
1.416666666666666741e+00
1.333333333333333259e+00
1.250000000000000000e+00
6.666666666666666297e-01
3.750000000000000000e-01
8.235294117647058432e-01
6.999999999999999556e-01
8.571428571428570953e-01
1.500000000000000000e+00
1.142857142857142794e+00
8.000000000000000444e-01
1.111111111111111160e+00
1.307692307692307709e+00
5.555555555555555802e-01
1.500000000000000000e+00
1.800000000000000044e+00
1.272727272727272707e+00
1.818181818181818232e-01
1.399999999999999911e+00
1.214285714285714191e+00
1.066666666666666652e+00
8.181818181818182323e-01
1.789473684210526327e+00
8.421052631578946901e-01
1.190476190476190466e+00
1.315789473684210620e+00
1.107142857142857206e+00
4.285714285714285476e-01
8.235294117647058432e-01
9.545454545454545858e-01
1.100000000000000089e+00
7.857142857142856984e-01
5.833333333333333703e-01
3.529411764705882582e-01
1.000000000000000000e+00
1.333333333333333259e+00
1.538461538461538547e-01
5.555555555555555802e-01
7.777777777777777901e-01
1.199999999999999956e+00
9.230769230769231282e-01
3.333333333333333148e-01
7.142857142857143016e-01
9.000000000000000222e-01
1.000000000000000000e+00
1.199999999999999956e+00
1.000000000000000000e+00
7.142857142857143016e-01
1.000000000000000000e+00
2.500000000000000000e+00
1.000000000000000000e+00
1.000000000000000000e+00
4.444444444444444198e-01
4.000000000000000222e-01
1.125000000000000000e+00
1.250000000000000000e-01
8.571428571428570953e-01
5.000000000000000000e-01
0.000000000000000000e+00
6.250000000000000000e-01
1.666666666666666741e+00
0.000000000000000000e+00
0.000000000000000000e+00
1.666666666666666741e+00
nan
1.000000000000000000e+00
1.000000000000000000e+00
0.000000000000000000e+00
1.000000000000000000e+00
1.000000000000000000e+00
0.000000000000000000e+00
6.666666666666666297e-01
0.000000000000000000e+00
0.000000000000000000e+00
0.000000000000000000e+00
nan
nan
nan
nan
nan
nan
nan
nan
nan
nan
nan
nan
nan
nan
nan
nan
nan
nan
nan
nan
nan
nan
nan
nan
nan
nan
nan
nan
nan
nan
nan
nan
nan
nan
nan
nan
nan
nan
nan
nan
nan
nan
nan
nan
nan
nan
nan
nan
nan
nan
nan
nan
nan
nan
nan
nan
nan
nan
nan
nan
