1.785714285714285809e+00
1.095238095238095344e+00
9.642857142857143016e-01
1.339622641509433887e+00
1.044117647058823595e+00
9.402985074626866169e-01
1.016666666666666607e+00
8.815789473684210176e-01
6.999999999999999556e-01
6.417910447761193682e-01
8.082191780821917915e-01
1.181818181818181879e+00
9.642857142857143016e-01
1.081081081081081141e+00
8.000000000000000444e-01
9.038461538461538547e-01
6.250000000000000000e-01
1.065217391304347894e+00
1.040000000000000036e+00
1.000000000000000000e+00
1.196428571428571397e+00
7.083333333333333703e-01
8.571428571428570953e-01
7.631578947368421462e-01
9.787234042553191182e-01
9.347826086956522174e-01
1.204545454545454586e+00
6.388888888888888395e-01
8.372093023255814392e-01
9.166666666666666297e-01
1.066666666666666652e+00
8.958333333333333703e-01
7.380952380952381375e-01
7.249999999999999778e-01
1.055555555555555580e+00
1.038461538461538547e+00
7.777777777777777901e-01
1.068965517241379226e+00
1.103448275862068950e+00
1.448275862068965525e+00
1.125000000000000000e+00
9.333333333333333481e-01
1.000000000000000000e+00
1.181818181818181879e+00
1.250000000000000000e+00
1.175000000000000044e+00
1.236842105263157965e+00
9.259259259259259300e-01
7.894736842105263275e-01
1.300000000000000044e+00
1.199999999999999956e+00
7.872340425531915153e-01
8.085106382978722861e-01
9.250000000000000444e-01
7.619047619047618625e-01
9.756097560975609539e-01
1.000000000000000000e+00
9.736842105263158187e-01
6.666666666666666297e-01
4.642857142857143016e-01
8.181818181818182323e-01
1.125000000000000000e+00
6.551724137931034253e-01
7.600000000000000089e-01
1.130434782608695565e+00
9.354838709677418818e-01
8.275862068965517127e-01
4.761904761904761640e-01
8.750000000000000000e-01
1.166666666666666741e+00
1.545454545454545414e+00
8.461538461538461453e-01
1.055555555555555580e+00
8.076923076923077094e-01
9.615384615384615641e-01
5.000000000000000000e-01
1.590909090909090828e+00
1.235294117647058876e+00
9.200000000000000400e-01
1.500000000000000000e+00
6.999999999999999556e-01
1.142857142857142794e+00
9.599999999999999645e-01
6.842105263157894912e-01
1.074074074074074181e+00
7.199999999999999734e-01
1.678571428571428603e+00
9.583333333333333703e-01
1.380952380952380931e+00
1.250000000000000000e+00
1.142857142857142794e+00
3.599999999999999867e-01
1.062500000000000000e+00
1.297297297297297369e+00
1.105263157894736947e+00
7.187500000000000000e-01
9.285714285714286031e-01
9.318181818181817677e-01
7.142857142857143016e-01
1.071428571428571397e+00
5.714285714285713969e-01
1.541666666666666741e+00
1.045454545454545414e+00
1.250000000000000000e+00
1.153846153846153744e+00
6.428571428571429047e-01
1.303030303030302983e+00
5.555555555555555802e-01
6.562500000000000000e-01
1.199999999999999956e+00
2.727272727272727071e-01
1.210526315789473673e+00
7.826086956521739468e-01
7.500000000000000000e-01
7.407407407407406996e-01
9.000000000000000222e-01
1.000000000000000000e+00
1.294117647058823595e+00
5.625000000000000000e-01
1.052631578947368363e+00
6.842105263157894912e-01
1.066666666666666652e+00
5.652173913043477826e-01
1.428571428571428492e-01
1.000000000000000000e+00
4.545454545454545303e-01
3.636363636363636465e-01
1.000000000000000000e+00
6.999999999999999556e-01
3.333333333333333148e-01
5.000000000000000000e-01
1.750000000000000000e+00
1.363636363636363535e+00
1.500000000000000000e+00
1.000000000000000000e+00
6.666666666666666297e-01
2.000000000000000000e+00
1.222222222222222321e+00
1.500000000000000000e+00
5.000000000000000000e-01
1.222222222222222321e+00
1.500000000000000000e+00
1.833333333333333259e+00
2.857142857142856984e-01
4.444444444444444198e-01
1.000000000000000000e+00
0.000000000000000000e+00
1.571428571428571397e+00
5.000000000000000000e-01
1.333333333333333259e+00
1.333333333333333259e+00
1.666666666666666741e+00
1.333333333333333259e+00
2.500000000000000000e-01
1.250000000000000000e+00
1.000000000000000000e+00
6.153846153846154188e-01
5.000000000000000000e-01
1.555555555555555580e+00
1.250000000000000000e+00
1.000000000000000000e+00
7.777777777777777901e-01
1.000000000000000000e+00
0.000000000000000000e+00
5.454545454545454142e-01
0.000000000000000000e+00
1.500000000000000000e+00
1.250000000000000000e+00
1.333333333333333259e+00
6.250000000000000000e-01
1.833333333333333259e+00
5.999999999999999778e-01
0.000000000000000000e+00
2.000000000000000111e-01
2.000000000000000000e+00
0.000000000000000000e+00
2.500000000000000000e-01
1.000000000000000000e+00
7.500000000000000000e-01
6.666666666666666297e-01
7.500000000000000000e-01
6.666666666666666297e-01
2.333333333333333481e+00
2.500000000000000000e+00
7.500000000000000000e-01
1.250000000000000000e+00
1.399999999999999911e+00
5.000000000000000000e-01
0.000000000000000000e+00
1.000000000000000000e+00
0.000000000000000000e+00
0.000000000000000000e+00
nan
0.000000000000000000e+00
1.000000000000000000e+00
nan
1.000000000000000000e+00
2.000000000000000000e+00
0.000000000000000000e+00
0.000000000000000000e+00
