1.923857868020304673e+00
1.022471910112359605e+00
8.115942028985507761e-01
8.918918918918918859e-01
5.873015873015873245e-01
7.068965517241379004e-01
6.739130434782608647e-01
8.125000000000000000e-01
7.222222222222222099e-01
7.083333333333333703e-01
1.060000000000000053e+00
1.055555555555555580e+00
1.074999999999999956e+00
1.225806451612903247e+00
1.357142857142857206e+00
8.000000000000000444e-01
1.068181818181818121e+00
1.026315789473684292e+00
8.863636363636363535e-01
9.189189189189189699e-01
5.714285714285713969e-01
8.275862068965517127e-01
7.777777777777777901e-01
8.499999999999999778e-01
1.000000000000000000e+00
9.354838709677418818e-01
8.684210526315789824e-01
1.054054054054053946e+00
1.257142857142857117e+00
8.695652173913043237e-01
1.235294117647058876e+00
1.000000000000000000e+00
8.249999999999999556e-01
7.804878048780488076e-01
1.514285714285714235e+00
1.031250000000000000e+00
8.333333333333333703e-01
1.000000000000000000e+00
8.333333333333333703e-01
9.000000000000000222e-01
6.666666666666666297e-01
1.033333333333333437e+00
6.999999999999999556e-01
5.862068965517240882e-01
8.499999999999999778e-01
8.000000000000000444e-01
1.173913043478260976e+00
9.090909090909090606e-01
1.208333333333333259e+00
1.333333333333333259e+00
1.000000000000000000e+00
7.368421052631578538e-01
9.473684210526315264e-01
1.064516129032258007e+00
1.562500000000000000e+00
1.000000000000000000e+00
8.333333333333333703e-01
5.769230769230768718e-01
1.000000000000000000e+00
1.333333333333333259e+00
6.999999999999999556e-01
9.615384615384615641e-01
8.846153846153845812e-01
7.272727272727272929e-01
8.000000000000000444e-01
1.117647058823529438e+00
7.083333333333333703e-01
1.105263157894736947e+00
7.058823529411765163e-01
6.666666666666666297e-01
1.199999999999999956e+00
5.000000000000000000e-01
1.071428571428571397e+00
1.041666666666666741e+00
8.571428571428570953e-01
1.166666666666666741e+00
1.047619047619047672e+00
8.000000000000000444e-01
9.047619047619047672e-01
7.058823529411765163e-01
4.375000000000000000e-01
8.333333333333333703e-01
9.000000000000000222e-01
7.857142857142856984e-01
1.333333333333333259e+00
4.666666666666666741e-01
8.571428571428570953e-01
0.000000000000000000e+00
4.285714285714285476e-01
1.111111111111111049e-01
2.399999999999999911e+00
5.999999999999999778e-01
1.000000000000000000e+00
8.000000000000000444e-01
2.250000000000000000e+00
1.333333333333333259e+00
1.000000000000000000e+00
1.500000000000000000e+00
1.500000000000000000e+00
1.000000000000000000e+00
1.285714285714285809e+00
1.125000000000000000e+00
2.833333333333333481e+00
1.384615384615384581e+00
8.571428571428570953e-01
1.461538461538461453e+00
1.500000000000000000e+00
1.166666666666666741e+00
6.315789473684210176e-01
3.684210526315789269e-01
8.888888888888888395e-01
5.882352941176470784e-01
8.750000000000000000e-01
1.083333333333333259e+00
8.333333333333333703e-01
7.333333333333332815e-01
7.692307692307692735e-01
1.333333333333333259e+00
8.888888888888888395e-01
8.571428571428570953e-01
2.500000000000000000e-01
0.000000000000000000e+00
1.000000000000000000e+00
5.714285714285713969e-01
5.000000000000000000e-01
0.000000000000000000e+00
1.000000000000000000e+00
6.666666666666666297e-01
0.000000000000000000e+00
nan
0.000000000000000000e+00
5.000000000000000000e-01
6.666666666666666297e-01
nan
nan
0.000000000000000000e+00
2.000000000000000000e+00
nan
1.000000000000000000e+00
0.000000000000000000e+00
nan
0.000000000000000000e+00
nan
nan
nan
nan
nan
nan
nan
nan
nan
nan
nan
nan
nan
nan
nan
nan
nan
nan
nan
nan
nan
nan
nan
nan
nan
nan
nan
nan
nan
nan
nan
nan
nan
nan
nan
nan
nan
nan
nan
nan
nan
nan
nan
nan
nan
nan
nan
nan
nan
nan
nan
nan
nan
nan
nan
nan
nan
nan
