1.863849765258215996e+00
7.249999999999999778e-01
7.560975609756097615e-01
9.740259740259740173e-01
5.416666666666666297e-01
8.363636363636363091e-01
1.098360655737705027e+00
1.019230769230769162e+00
1.312500000000000000e+00
8.837209302325581550e-01
9.354838709677418818e-01
9.534883720930232842e-01
9.111111111111110938e-01
9.069767441860464574e-01
1.100000000000000089e+00
1.183673469387755084e+00
7.962962962962962798e-01
1.211538461538461453e+00
7.758620689655172376e-01
7.962962962962962798e-01
7.173913043478260532e-01
1.129629629629629539e+00
1.219999999999999973e+00
1.106060606060605966e+00
5.483870967741935054e-01
8.431372549019607865e-01
9.599999999999999645e-01
1.000000000000000000e+00
7.500000000000000000e-01
8.181818181818182323e-01
1.115384615384615419e+00
5.106382978723403854e-01
8.958333333333333703e-01
6.341463414634146423e-01
1.205128205128205066e+00
1.142857142857142794e+00
1.256410256410256387e+00
1.235294117647058876e+00
6.896551724137931494e-01
8.181818181818182323e-01
6.206896551724138122e-01
5.813953488372093359e-01
8.437500000000000000e-01
1.038461538461538547e+00
1.264705882352941124e+00
1.515151515151515138e+00
1.066666666666666652e+00
9.000000000000000222e-01
1.035714285714285809e+00
8.055555555555555802e-01
8.684210526315789824e-01
5.882352941176470784e-01
1.033333333333333437e+00
9.032258064516128782e-01
1.423076923076923128e+00
1.000000000000000000e+00
1.000000000000000000e+00
9.285714285714286031e-01
1.428571428571428603e+00
1.066666666666666652e+00
6.451612903225806273e-01
1.096774193548387011e+00
7.500000000000000000e-01
8.888888888888888395e-01
7.435897435897436125e-01
3.599999999999999867e-01
9.666666666666666741e-01
1.185185185185185119e+00
6.999999999999999556e-01
1.000000000000000000e+00
5.333333333333333259e-01
6.363636363636363535e-01
1.125000000000000000e+00
7.777777777777777901e-01
5.999999999999999778e-01
1.399999999999999911e+00
9.473684210526315264e-01
1.058823529411764719e+00
1.642857142857142794e+00
5.263157894736841813e-01
1.157894736842105310e+00
7.894736842105263275e-01
1.045454545454545414e+00
5.714285714285713969e-01
8.947368421052631637e-01
6.666666666666666297e-01
1.363636363636363535e+00
1.304347826086956541e+00
1.230769230769230838e+00
6.363636363636363535e-01
6.666666666666666297e-01
5.000000000000000000e-01
8.421052631578946901e-01
1.588235294117646967e+00
1.199999999999999956e+00
6.470588235294117974e-01
9.166666666666666297e-01
1.133333333333333304e+00
1.333333333333333259e+00
1.000000000000000000e+00
1.538461538461538547e-01
1.699999999999999956e+00
1.000000000000000000e+00
3.076923076923077094e-01
1.000000000000000000e+00
1.199999999999999956e+00
2.000000000000000111e-01
1.125000000000000000e+00
1.000000000000000000e+00
7.857142857142856984e-01
4.000000000000000222e-01
1.666666666666666574e-01
4.000000000000000222e-01
8.888888888888888395e-01
1.000000000000000000e+00
3.000000000000000000e+00
1.399999999999999911e+00
3.750000000000000000e-01
0.000000000000000000e+00
1.333333333333333259e+00
1.000000000000000000e+00
4.000000000000000222e-01
1.500000000000000000e+00
1.666666666666666741e+00
6.666666666666666297e-01
1.250000000000000000e+00
1.800000000000000044e+00
5.999999999999999778e-01
1.500000000000000000e+00
1.666666666666666741e+00
1.285714285714285809e+00
2.500000000000000000e+00
2.857142857142856984e-01
1.444444444444444420e+00
7.777777777777777901e-01
1.000000000000000000e+00
7.692307692307692735e-01
8.000000000000000444e-01
1.000000000000000000e+00
1.142857142857142794e+00
6.363636363636363535e-01
1.100000000000000089e+00
9.000000000000000222e-01
1.000000000000000000e+00
1.000000000000000000e+00
9.000000000000000222e-01
1.000000000000000000e+00
1.750000000000000000e+00
2.000000000000000000e+00
5.000000000000000000e-01
8.888888888888888395e-01
1.111111111111111160e+00
8.000000000000000444e-01
8.333333333333333703e-01
1.000000000000000000e+00
1.833333333333333259e+00
9.230769230769231282e-01
8.181818181818182323e-01
8.000000000000000444e-01
1.399999999999999911e+00
1.250000000000000000e+00
8.750000000000000000e-01
1.083333333333333259e+00
1.333333333333333259e+00
1.000000000000000056e-01
1.300000000000000044e+00
2.000000000000000111e-01
5.000000000000000000e-01
7.500000000000000000e-01
1.000000000000000000e+00
2.000000000000000111e-01
4.000000000000000222e-01
1.333333333333333259e+00
5.000000000000000000e+00
1.399999999999999911e+00
7.500000000000000000e-01
1.199999999999999956e+00
1.333333333333333259e+00
1.666666666666666574e-01
0.000000000000000000e+00
2.500000000000000000e-01
0.000000000000000000e+00
0.000000000000000000e+00
1.500000000000000000e+00
0.000000000000000000e+00
1.000000000000000000e+00
3.000000000000000000e+00
0.000000000000000000e+00
3.333333333333333148e-01
1.000000000000000000e+00
1.000000000000000000e+00
1.000000000000000000e+00
0.000000000000000000e+00
0.000000000000000000e+00
nan
0.000000000000000000e+00
3.333333333333333148e-01
1.000000000000000000e+00
1.500000000000000000e+00
0.000000000000000000e+00
