2.095238095238095344e+00
1.025974025974025983e+00
1.204301075268817245e+00
9.459459459459459429e-01
9.733333333333333837e-01
8.058252427184465772e-01
7.831325301204818956e-01
7.179487179487179516e-01
7.682926829268292845e-01
1.225352112676056260e+00
1.147540983606557319e+00
6.666666666666666297e-01
9.444444444444444198e-01
6.060606060606060774e-01
7.681159420289854767e-01
7.580645161290322509e-01
8.461538461538461453e-01
8.909090909090908728e-01
1.351851851851851860e+00
7.755102040816326259e-01
6.285714285714285587e-01
6.481481481481481399e-01
1.021276595744680771e+00
4.888888888888888729e-01
1.153846153846153744e+00
7.551020408163264808e-01
8.611111111111111605e-01
1.447368421052631637e+00
1.131578947368421018e+00
1.000000000000000000e+00
6.666666666666666297e-01
1.066666666666666652e+00
1.266666666666666607e+00
1.324999999999999956e+00
4.583333333333333148e-01
8.095238095238095344e-01
1.130434782608695565e+00
8.461538461538461453e-01
1.263157894736842035e+00
7.428571428571428825e-01
1.447368421052631637e+00
9.795918367346938549e-01
9.714285714285714191e-01
6.875000000000000000e-01
1.045454545454545414e+00
7.948717948717948234e-01
5.294117647058823595e-01
1.000000000000000000e+00
4.814814814814814548e-01
9.761904761904761640e-01
6.666666666666666297e-01
7.500000000000000000e-01
5.925925925925925597e-01
1.038461538461538547e+00
5.555555555555555802e-01
1.066666666666666652e+00
1.159999999999999920e+00
6.521739130434782705e-01
6.500000000000000222e-01
1.037037037037036979e+00
5.714285714285713969e-01
1.095238095238095344e+00
1.052631578947368363e+00
6.190476190476190688e-01
9.473684210526315264e-01
1.199999999999999956e+00
9.375000000000000000e-01
1.666666666666666574e-01
6.428571428571429047e-01
6.666666666666666297e-01
5.454545454545454142e-01
1.250000000000000000e+00
1.000000000000000000e+00
6.428571428571429047e-01
5.714285714285713969e-01
1.250000000000000000e+00
5.999999999999999778e-01
8.571428571428570953e-01
1.222222222222222321e+00
1.000000000000000000e+00
8.000000000000000444e-01
1.625000000000000000e+00
1.000000000000000000e+00
1.555555555555555580e+00
5.555555555555555802e-01
1.285714285714285809e+00
8.000000000000000444e-01
4.285714285714285476e-01
1.307692307692307709e+00
4.444444444444444198e-01
5.999999999999999778e-01
8.888888888888888395e-01
5.999999999999999778e-01
5.000000000000000000e-01
1.000000000000000000e+00
1.666666666666666574e-01
1.000000000000000000e+00
0.000000000000000000e+00
0.000000000000000000e+00
4.000000000000000222e-01
8.000000000000000444e-01
nan
2.000000000000000000e+00
1.000000000000000000e+00
6.000000000000000000e+00
1.000000000000000000e+00
1.000000000000000000e+00
nan
3.333333333333333148e-01
1.000000000000000000e+00
1.000000000000000000e+00
3.000000000000000000e+00
6.666666666666666297e-01
2.250000000000000000e+00
3.333333333333333481e+00
nan
0.000000000000000000e+00
1.800000000000000044e+00
1.000000000000000000e+00
7.500000000000000000e-01
2.428571428571428381e+00
1.500000000000000000e+00
1.000000000000000000e+00
5.000000000000000000e-01
7.500000000000000000e-01
1.545454545454545414e+00
1.571428571428571397e+00
5.000000000000000000e-01
8.181818181818182323e-01
5.000000000000000000e-01
3.333333333333333148e-01
1.750000000000000000e+00
1.333333333333333259e+00
4.285714285714285476e-01
8.571428571428570953e-01
1.199999999999999956e+00
1.000000000000000000e+00
3.333333333333333148e-01
1.142857142857142794e+00
1.272727272727272707e+00
1.571428571428571397e+00
1.000000000000000000e+00
5.833333333333333703e-01
1.250000000000000000e-01
7.142857142857143016e-01
1.500000000000000000e+00
2.666666666666666519e+00
1.500000000000000000e+00
1.000000000000000000e+00
0.000000000000000000e+00
9.000000000000000222e-01
5.999999999999999778e-01
0.000000000000000000e+00
1.500000000000000000e+00
1.500000000000000000e+00
2.375000000000000000e+00
1.230769230769230838e+00
1.090909090909090828e+00
1.076923076923076872e+00
1.000000000000000000e+00
5.000000000000000000e-01
1.625000000000000000e+00
5.454545454545454142e-01
3.750000000000000000e-01
8.571428571428570953e-01
1.500000000000000000e+00
2.999999999999999889e-01
2.500000000000000000e-01
1.125000000000000000e+00
0.000000000000000000e+00
6.666666666666666297e-01
2.600000000000000089e+00
1.333333333333333259e+00
7.500000000000000000e-01
6.666666666666666297e-01
8.333333333333333703e-01
1.142857142857142794e+00
3.333333333333333148e-01
1.000000000000000000e+00
1.000000000000000000e+00
0.000000000000000000e+00
0.000000000000000000e+00
1.000000000000000000e+00
1.000000000000000000e+00
0.000000000000000000e+00
5.000000000000000000e-01
0.000000000000000000e+00
0.000000000000000000e+00
0.000000000000000000e+00
0.000000000000000000e+00
nan
nan
nan
nan
nan
nan
nan
nan
nan
nan
