1.963350785340314042e+00
1.085365853658536661e+00
8.953488372093023617e-01
8.493150684931506378e-01
1.032258064516129004e+00
1.207317073170731669e+00
8.196721311475410054e-01
9.466666666666666563e-01
7.361111111111111605e-01
9.705882352941176405e-01
7.058823529411765163e-01
9.558823529411765163e-01
7.794117647058823595e-01
7.777777777777777901e-01
1.093023255813953432e+00
7.441860465116278966e-01
1.294117647058823595e+00
9.272727272727272485e-01
6.727272727272727293e-01
8.793103448275861878e-01
1.047619047619047672e+00
1.137931034482758674e+00
1.051724137931034475e+00
1.042553191489361764e+00
7.884615384615384359e-01
1.181818181818181879e+00
7.407407407407406996e-01
9.846153846153846700e-01
5.000000000000000000e-01
9.677419354838709964e-01
8.085106382978722861e-01
6.129032258064516236e-01
1.360000000000000098e+00
1.296296296296296280e+00
9.069767441860464574e-01
5.454545454545454142e-01
5.882352941176470784e-01
7.692307692307692735e-01
1.000000000000000000e+00
1.071428571428571397e+00
1.321428571428571397e+00
7.500000000000000000e-01
1.040000000000000036e+00
8.620689655172413257e-01
1.093750000000000000e+00
1.000000000000000000e+00
7.199999999999999734e-01
1.592592592592592560e+00
8.888888888888888395e-01
1.117647058823529438e+00
5.000000000000000000e-01
5.238095238095238360e-01
4.799999999999999822e-01
5.999999999999999778e-01
1.117647058823529438e+00
1.000000000000000000e+00
1.625000000000000000e+00
6.875000000000000000e-01
1.875000000000000000e-01
8.000000000000000444e-01
3.333333333333333148e-01
1.000000000000000000e+00
2.299999999999999822e+00
1.470588235294117752e+00
4.285714285714285476e-01
1.473684210526315708e+00
5.454545454545454142e-01
1.583333333333333259e+00
8.461538461538461453e-01
1.285714285714285809e+00
8.000000000000000444e-01
1.916666666666666741e+00
8.636363636363636465e-01
4.166666666666666852e-01
1.083333333333333259e+00
6.111111111111111605e-01
1.478260869565217295e+00
1.000000000000000000e+00
9.583333333333333703e-01
1.315789473684210620e+00
1.473684210526315708e+00
1.500000000000000000e+00
1.045454545454545414e+00
9.310344827586206629e-01
1.478260869565217295e+00
1.239999999999999991e+00
9.677419354838709964e-01
8.518518518518518601e-01
8.387096774193548709e-01
1.000000000000000000e+00
1.592592592592592560e+00
1.000000000000000000e+00
9.629629629629629095e-01
6.944444444444444198e-01
1.000000000000000000e+00
9.259259259259259300e-01
7.714285714285714635e-01
8.333333333333333703e-01
1.192307692307692291e+00
8.000000000000000444e-01
8.518518518518518601e-01
1.000000000000000000e+00
9.032258064516128782e-01
9.523809523809523281e-01
1.333333333333333259e+00
1.206896551724137900e+00
4.761904761904761640e-01
1.147058823529411686e+00
5.217391304347825942e-01
7.307692307692307265e-01
1.058823529411764719e+00
6.250000000000000000e-01
8.235294117647058432e-01
8.750000000000000000e-01
7.894736842105263275e-01
1.470588235294117752e+00
8.709677419354838745e-01
1.199999999999999956e+00
9.565217391304348116e-01
9.411764705882352811e-01
1.250000000000000000e+00
7.500000000000000000e-01
9.130434782608695121e-01
9.375000000000000000e-01
7.500000000000000000e-01
9.000000000000000222e-01
1.062500000000000000e+00
1.040000000000000036e+00
1.304347826086956541e+00
7.500000000000000000e-01
7.083333333333333703e-01
1.307692307692307709e+00
7.619047619047618625e-01
1.687500000000000000e+00
1.000000000000000000e+00
2.727272727272727071e-01
6.470588235294117974e-01
1.235294117647058876e+00
1.230769230769230838e+00
1.300000000000000044e+00
1.199999999999999956e+00
1.190476190476190466e+00
1.789473684210526327e+00
9.230769230769231282e-01
1.300000000000000044e+00
5.333333333333333259e-01
5.909090909090909394e-01
4.838709677419354982e-01
6.363636363636363535e-01
1.176470588235294101e-01
9.411764705882352811e-01
9.166666666666666297e-01
1.333333333333333259e+00
8.181818181818182323e-01
8.571428571428570953e-01
7.500000000000000000e-01
5.384615384615384359e-01
7.500000000000000000e-01
1.181818181818181879e+00
2.000000000000000111e-01
6.999999999999999556e-01
2.857142857142856984e-01
1.000000000000000000e+00
1.399999999999999911e+00
0.000000000000000000e+00
7.142857142857143016e-01
5.000000000000000000e-01
1.333333333333333259e+00
1.000000000000000000e+00
1.142857142857142794e+00
2.000000000000000000e+00
5.000000000000000000e-01
5.000000000000000000e-01
0.000000000000000000e+00
0.000000000000000000e+00
0.000000000000000000e+00
0.000000000000000000e+00
nan
nan
2.000000000000000000e+00
1.500000000000000000e+00
1.000000000000000000e+00
nan
1.000000000000000000e+00
7.500000000000000000e-01
nan
3.666666666666666519e+00
0.000000000000000000e+00
1.000000000000000000e+00
2.000000000000000000e+00
0.000000000000000000e+00
nan
0.000000000000000000e+00
2.250000000000000000e+00
1.500000000000000000e+00
5.000000000000000000e-01
1.500000000000000000e+00
2.500000000000000000e-01
0.000000000000000000e+00
0.000000000000000000e+00
