2.029411764705882248e+00
7.727272727272727071e-01
8.734177215189873333e-01
7.560975609756097615e-01
7.164179104477611526e-01
8.309859154929577496e-01
8.208955223880597396e-01
1.153846153846153744e+00
8.363636363636363091e-01
8.269230769230768718e-01
9.090909090909090606e-01
7.333333333333332815e-01
6.470588235294117974e-01
1.020408163265306145e+00
7.843137254901960675e-01
9.599999999999999645e-01
8.205128205128204844e-01
1.111111111111111160e+00
9.736842105263158187e-01
1.342857142857142749e+00
1.000000000000000000e+00
8.181818181818182323e-01
1.170212765957446832e+00
1.268292682926829285e+00
1.166666666666666741e+00
1.018518518518518601e+00
6.521739130434782705e-01
8.974358974358974672e-01
7.906976744186046124e-01
1.350000000000000089e+00
5.897435897435897578e-01
3.611111111111111049e-01
8.709677419354838745e-01
1.217391304347826164e+00
1.272727272727272707e+00
8.000000000000000444e-01
8.399999999999999689e-01
9.523809523809523281e-01
1.310344827586206851e+00
1.448275862068965525e+00
7.619047619047618625e-01
1.210526315789473673e+00
8.205128205128204844e-01
1.133333333333333304e+00
9.318181818181817677e-01
8.888888888888888395e-01
6.923076923076922906e-01
7.142857142857143016e-01
7.142857142857143016e-01
9.285714285714286031e-01
7.407407407407406996e-01
1.125000000000000000e+00
1.000000000000000000e+00
6.999999999999999556e-01
1.464285714285714191e+00
8.214285714285713969e-01
1.159999999999999920e+00
1.000000000000000000e+00
8.000000000000000444e-01
9.230769230769231282e-01
9.090909090909090606e-01
7.727272727272727071e-01
6.250000000000000000e-01
8.275862068965517127e-01
5.862068965517240882e-01
1.714285714285714191e+00
8.823529411764705621e-01
6.521739130434782705e-01
1.523809523809523725e+00
1.357142857142857206e+00
1.399999999999999911e+00
6.842105263157894912e-01
1.318181818181818121e+00
1.035714285714285809e+00
3.636363636363636465e-01
9.545454545454545858e-01
9.130434782608695121e-01
8.235294117647058432e-01
9.444444444444444198e-01
1.000000000000000000e+00
1.333333333333333259e+00
1.000000000000000000e+00
7.272727272727272929e-01
1.347826086956521729e+00
1.000000000000000000e+00
1.055555555555555580e+00
8.260869565217391353e-01
7.916666666666666297e-01
5.652173913043477826e-01
9.090909090909090606e-01
1.000000000000000000e+00
8.000000000000000444e-01
6.818181818181817677e-01
1.350000000000000089e+00
2.000000000000000111e-01
3.076923076923077094e-01
9.090909090909090606e-01
7.692307692307692735e-01
2.222222222222222099e-01
4.285714285714285476e-01
1.545454545454545414e+00
4.444444444444444198e-01
1.000000000000000000e+00
5.555555555555555802e-01
1.428571428571428492e-01
6.666666666666666297e-01
1.000000000000000000e+00
1.222222222222222321e+00
1.750000000000000000e+00
1.714285714285714191e+00
3.333333333333333148e-01
0.000000000000000000e+00
0.000000000000000000e+00
7.500000000000000000e-01
3.333333333333333148e-01
1.000000000000000000e+00
0.000000000000000000e+00
0.000000000000000000e+00
0.000000000000000000e+00
nan
0.000000000000000000e+00
nan
0.000000000000000000e+00
nan
nan
nan
nan
nan
nan
nan
nan
nan
nan
nan
nan
nan
nan
nan
nan
nan
nan
nan
nan
nan
nan
nan
nan
nan
nan
nan
nan
nan
nan
nan
nan
nan
nan
nan
nan
nan
nan
nan
nan
nan
nan
nan
nan
nan
nan
nan
nan
nan
nan
nan
nan
nan
nan
nan
nan
nan
nan
nan
nan
nan
nan
nan
nan
nan
nan
nan
nan
nan
nan
nan
nan
nan
nan
nan
nan
nan
