2.110599078341013790e+00
8.252427184466019083e-01
1.253164556962025333e+00
1.057471264367816133e+00
1.060240963855421770e+00
1.489361702127659504e+00
1.028571428571428470e+00
1.484848484848484862e+00
9.098360655737705027e-01
9.411764705882352811e-01
1.043478260869565188e+00
8.000000000000000444e-01
1.160583941605839442e+00
1.274509803921568540e+00
9.813084112149532690e-01
1.000000000000000000e+00
1.000000000000000000e+00
1.196721311475409832e+00
1.276595744680851130e+00
1.069565217391304390e+00
1.211864406779661119e+00
1.369747899159663884e+00
1.195312500000000000e+00
1.115853658536585469e+00
1.094936708860759556e+00
1.102409638554216809e+00
1.039800995024875663e+00
1.251655629139072801e+00
1.051282051282051322e+00
9.945652173913043237e-01
8.539325842696628976e-01
7.826086956521739468e-01
8.848167539267015602e-01
8.363636363636363091e-01
1.147239263803681020e+00
9.542857142857142927e-01
1.132530120481927804e+00
8.426966292134830949e-01
1.192546583850931707e+00
1.083333333333333259e+00
1.193939393939393856e+00
1.054054054054053946e+00
1.152542372881355970e+00
1.162303664921465973e+00
1.080924855491329550e+00
1.335106382978723305e+00
9.292929292929292817e-01
9.795918367346938549e-01
1.029268292682926855e+00
9.952830188679244738e-01
8.743961352657004804e-01
1.048076923076923128e+00
8.983957219251337278e-01
1.133971291866028741e+00
1.038043478260869623e+00
1.080357142857142794e+00
8.647540983606557541e-01
1.060109289617486406e+00
1.207207207207207311e+00
1.156950672645739919e+00
1.100000000000000089e+00
1.084444444444444544e+00
1.145161290322580738e+00
1.044943820224719211e+00
9.659090909090909394e-01
1.154981549815498054e+00
9.446808510638298184e-01
9.531772575250836432e-01
1.193430656934306500e+00
1.034482758620689724e+00
1.230483271375464760e+00
9.934210526315789824e-01
1.125490196078431371e+00
1.026315789473684292e+00
1.104729729729729826e+00
1.205787781350482257e+00
1.256140350877192891e+00
1.082317073170731669e+00
1.011695906432748648e+00
1.307926829268292623e+00
1.193641618497109924e+00
1.101063829787233939e+00
1.053221288515406195e+00
1.059701492537313383e+00
1.031578947368421151e+00
1.108695652173913082e+00
1.069408740359897081e+00
1.330935251798561092e+00
1.080952380952380887e+00
1.155056179775280967e+00
1.177242888402625809e+00
1.240938166311300606e+00
1.195833333333333304e+00
1.209803921568627372e+00
1.242774566473988429e+00
1.236983842010771939e+00
1.258561643835616417e+00
1.243941841680129334e+00
1.321167883211678884e+00
1.212797619047619069e+00
1.211586901763224144e+00
1.326027397260274077e+00
1.240449438202247290e+00
1.266589057043073341e+00
1.309600862998921311e+00
1.267175572519083859e+00
1.271055179090029075e+00
1.350795135640785682e+00
1.269911504424778848e+00
1.372940156114484056e+00
1.158841940532081338e+00
1.437457279562542656e+00
1.329801324503311344e+00
1.368318122555410632e+00
1.270833333333333259e+00
1.399539435808865750e+00
1.351222104144527147e+00
1.321518987341772089e+00
1.464170134073046636e+00
1.355518112889637639e+00
1.335591869270625676e+00
1.373276776246023401e+00
1.395727365208545345e+00
1.386506935687263464e+00
1.407714285714285696e+00
1.354759299781181703e+00
1.372051737255896464e+00
1.390030711079612624e+00
1.364805931094635882e+00
1.384538752739589595e+00
1.420155613190070332e+00
1.402508160109946722e+00
1.361074918566775205e+00
1.347517730496453847e+00
1.361046749352596397e+00
1.370026178010471218e+00
1.380629020729092105e+00
1.374693422519509545e+00
1.340243902439024470e+00
1.355298393267023727e+00
1.361012747875354201e+00
1.362384564643799534e+00
1.378658018685815723e+00
1.354327835352503229e+00
1.359444555179057934e+00
1.372493910436574760e+00
1.355709382816590036e+00
1.359765603999784966e+00
1.353530797373828420e+00
1.362219016149299522e+00
1.345813742828797066e+00
1.355787362086258829e+00
1.351216586060810521e+00
1.348642200547329972e+00
1.335727109515260302e+00
1.332291160757649306e+00
1.324950099800399128e+00
1.299428693470019658e+00
1.291021051841097389e+00
1.308815298507462588e+00
1.303057853072266514e+00
1.276550868486352464e+00
1.280847930553402625e+00
1.271142507712246461e+00
1.268126234108151174e+00
1.254893610050942687e+00
1.257551102639205221e+00
1.242220723230782697e+00
1.231768036707995728e+00
1.224914541151722380e+00
1.222816061456043268e+00
1.203884311417521502e+00
1.197469565316418239e+00
1.176549761995951293e+00
1.165844442111892532e+00
1.151617468661544574e+00
1.141779305523187960e+00
1.132377421307505960e+00
1.116962863993264721e+00
1.101585307595675856e+00
1.093055089232676469e+00
1.072160506863780283e+00
1.049626263130732928e+00
1.048857488897860346e+00
1.030609969740404530e+00
1.016578772855022628e+00
9.994203034789624907e-01
9.871226134119196471e-01
9.723103413506658521e-01
9.466451597748040125e-01
9.223284223401836401e-01
8.863401431400863562e-01
8.320255224529913285e-01
7.521213009560104856e-01
6.490098066034998281e-01
5.170688069136052389e-01
3.559226451271462199e-01
1.889073450643548036e-01
6.108657527706108648e-02
0.000000000000000000e+00
