2.035087719298245723e+00
1.276785714285714191e+00
1.106382978723404298e+00
1.127659574468085069e+00
1.142857142857142794e+00
8.953488372093023617e-01
1.100917431192660612e+00
1.242424242424242431e+00
9.207920792079208328e-01
1.102040816326530503e+00
1.281250000000000000e+00
8.230088495575220708e-01
1.223214285714285809e+00
1.165289256198347001e+00
1.175000000000000044e+00
1.000000000000000000e+00
1.052173913043478182e+00
1.135135135135135087e+00
1.136986301369863117e+00
1.069444444444444420e+00
9.927536231884057649e-01
1.135714285714285676e+00
1.139072847682119249e+00
1.083916083916083961e+00
8.521126760563380031e-01
1.031250000000000000e+00
1.066666666666666652e+00
1.061643835616438380e+00
1.136904761904761862e+00
1.115384615384615419e+00
9.874213836477987449e-01
9.948979591836735192e-01
7.784090909090909394e-01
1.266272189349112454e+00
1.143712574850299424e+00
7.964071856287424644e-01
1.051948051948051965e+00
1.018072289156626509e+00
1.313253012048192669e+00
9.779005524861877907e-01
1.060773480662983381e+00
9.324324324324324564e-01
1.012578616352201255e+00
1.184782608695652106e+00
1.184971098265895861e+00
1.034682080924855585e+00
1.054455445544554504e+00
1.181415929203539772e+00
1.062780269058295923e+00
1.000000000000000000e+00
9.455445544554454962e-01
8.679245283018868218e-01
1.025380710659898442e+00
1.033018867924528239e+00
1.231441048034934482e+00
1.164179104477611970e+00
1.229508196721311508e+00
9.739130434782609091e-01
9.506726457399102825e-01
1.089887640449438200e+00
1.029535864978903037e+00
1.046332046332046239e+00
8.984375000000000000e-01
9.539007092198581450e-01
1.025735294117646967e+00
1.000000000000000000e+00
1.048689138576778923e+00
1.160784313725490291e+00
1.072289156626506035e+00
1.080168776371307926e+00
9.401408450704225039e-01
9.575289575289575028e-01
9.787985865724381229e-01
1.125000000000000000e+00
8.606557377049179891e-01
1.019157088122605304e+00
1.211111111111111027e+00
1.117870722433460084e+00
1.161172161172161266e+00
1.040000000000000036e+00
1.194029850746268551e+00
1.006622516556291425e+00
1.016759776536312776e+00
1.009463722397476282e+00
1.031948881789137351e+00
9.967741935483871440e-01
1.006172839506172867e+00
1.095238095238095344e+00
1.085959885386819535e+00
1.065527065527065442e+00
1.078688524590163844e+00
9.387096774193548487e-01
1.034267912772585563e+00
1.008571428571428674e+00
9.745042492917846966e-01
1.112068965517241326e+00
1.114906832298136585e+00
1.165289256198347001e+00
9.371428571428571663e-01
1.018518518518518601e+00
1.138121546961325947e+00
1.141592920353982299e+00
1.075609756097561043e+00
1.098557692307692291e+00
9.901960784313725839e-01
1.157635467980295596e+00
1.195754716981132004e+00
1.115473441108544961e+00
1.269230769230769162e+00
1.138009049773755610e+00
1.229613733905579487e+00
1.142857142857142794e+00
1.330223880597015018e+00
1.157323688969258635e+00
1.309392265193370264e+00
1.166956521739130448e+00
1.321252059308072546e+00
1.170278637770897801e+00
1.369300911854103298e+00
1.243788819875776497e+00
1.223118279569892497e+00
1.353437876960192909e+00
1.234375000000000000e+00
1.193002257336343019e+00
1.241489361702127647e+00
1.317587939698492416e+00
1.338888888888888795e+00
1.352720450281425846e+00
1.335833333333333428e+00
1.327301337529504410e+00
1.471074380165289242e+00
1.411312849162011274e+00
1.385897435897435859e+00
1.491343283582089452e+00
1.274456521739130377e+00
1.344162436548223427e+00
1.395126612517916920e+00
1.335855401429171918e+00
1.321815154038301410e+00
1.420372481946028165e+00
1.373740882250781503e+00
1.327006327006327036e+00
1.438198757763975211e+00
1.341562669560499188e+00
1.378548895899053717e+00
1.362164774100024234e+00
1.366635902168897188e+00
1.327640733712839971e+00
1.327846092820309298e+00
1.381004366812227158e+00
1.350625211220006783e+00
1.376016260162601590e+00
1.391748068231520641e+00
1.373028820010875561e+00
1.394268901112958980e+00
1.381963497554574705e+00
1.320119920053297813e+00
1.337916284754048224e+00
1.342286886774855414e+00
1.399457472873643749e+00
1.372422785429060488e+00
1.381616457354187588e+00
1.339036213287710275e+00
1.354429534681887981e+00
1.346106907493287874e+00
1.361166714326565552e+00
1.363388270547945202e+00
1.371254217106568696e+00
1.346690056319822748e+00
1.353197173388486663e+00
1.332329075279183650e+00
1.340697414499664619e+00
1.331145815055272852e+00
1.331124098076985840e+00
1.309063757162013841e+00
1.324074338405321294e+00
1.322695317681390037e+00
1.320178873702028799e+00
1.305132701975914911e+00
1.292923727879762952e+00
1.295073799588964292e+00
1.293607235341862172e+00
1.266380098774464891e+00
1.269008987168608993e+00
1.263232491080592323e+00
1.250607524070257437e+00
1.236758435773834819e+00
1.229550321199143426e+00
1.208665129924559878e+00
1.190805832885579063e+00
1.168096751834412972e+00
1.118395773294908802e+00
1.055008920069609335e+00
9.576694163099092050e-01
8.384339563894217529e-01
6.620304627774427075e-01
4.549408342511790937e-01
2.411816860597972567e-01
7.931918365898871226e-02
0.000000000000000000e+00
