1.841530054644808789e+00
1.269230769230769162e+00
1.135593220338983134e+00
1.028571428571428470e+00
1.028169014084507005e+00
7.926829268292683306e-01
8.636363636363636465e-01
8.309859154929577496e-01
8.082191780821917915e-01
9.090909090909090606e-01
1.105263157894736947e+00
8.360655737704918433e-01
7.021276595744680993e-01
9.814814814814815103e-01
1.000000000000000000e+00
1.081967213114754189e+00
7.666666666666667185e-01
9.016393442622950838e-01
6.792452830188678847e-01
6.326530612244898322e-01
7.291666666666666297e-01
1.050000000000000044e+00
6.904761904761904656e-01
8.648648648648649129e-01
1.000000000000000000e+00
8.604651162790697416e-01
1.057142857142857162e+00
1.000000000000000000e+00
6.428571428571429047e-01
9.687500000000000000e-01
9.629629629629629095e-01
9.000000000000000222e-01
1.095238095238095344e+00
9.629629629629629095e-01
9.411764705882352811e-01
7.600000000000000089e-01
7.307692307692307265e-01
1.100000000000000089e+00
1.120000000000000107e+00
6.774193548387096309e-01
7.727272727272727071e-01
1.380952380952380931e+00
7.037037037037037202e-01
1.125000000000000000e+00
9.499999999999999556e-01
8.846153846153845812e-01
5.483870967741935054e-01
1.363636363636363535e+00
8.000000000000000444e-01
1.071428571428571397e+00
6.086956521739130821e-01
1.266666666666666607e+00
1.727272727272727293e+00
5.161290322580645018e-01
1.117647058823529438e+00
1.000000000000000000e+00
8.636363636363636465e-01
9.473684210526315264e-01
1.157894736842105310e+00
9.230769230769231282e-01
1.142857142857142794e+00
2.142857142857142738e-01
6.153846153846154188e-01
4.666666666666666741e-01
1.166666666666666741e+00
1.111111111111111160e+00
1.533333333333333437e+00
9.000000000000000222e-01
1.666666666666666741e+00
1.166666666666666741e+00
1.222222222222222321e+00
1.222222222222222321e+00
7.777777777777777901e-01
1.090909090909090828e+00
1.294117647058823595e+00
9.000000000000000222e-01
6.551724137931034253e-01
1.133333333333333304e+00
9.000000000000000222e-01
1.666666666666666741e+00
1.000000000000000000e+00
8.823529411764705621e-01
6.875000000000000000e-01
8.571428571428570953e-01
1.076923076923076872e+00
8.125000000000000000e-01
1.062500000000000000e+00
1.105263157894736947e+00
1.000000000000000000e+00
1.199999999999999956e+00
7.272727272727272929e-01
6.666666666666666297e-01
6.956521739130434590e-01
3.333333333333333148e-01
1.120000000000000107e+00
5.714285714285713969e-01
1.333333333333333259e+00
7.500000000000000000e-01
6.666666666666666297e-01
5.384615384615384359e-01
1.692307692307692291e+00
8.333333333333333703e-01
1.100000000000000089e+00
1.357142857142857206e+00
8.181818181818182323e-01
1.875000000000000000e+00
1.045454545454545414e+00
1.666666666666666741e+00
1.000000000000000000e+00
1.571428571428571397e+00
1.047619047619047672e+00
1.277777777777777679e+00
6.818181818181817677e-01
6.521739130434782705e-01
7.500000000000000000e-01
1.437500000000000000e+00
2.500000000000000000e-01
6.666666666666666297e-01
1.000000000000000000e+00
3.529411764705882582e-01
1.411764705882353033e+00
1.117647058823529438e+00
2.500000000000000000e-01
4.666666666666666741e-01
2.818181818181818343e+00
1.416666666666666741e+00
1.500000000000000000e+00
8.333333333333333703e-01
1.384615384615384581e+00
5.625000000000000000e-01
1.545454545454545414e+00
1.000000000000000000e+00
6.111111111111111605e-01
8.800000000000000044e-01
1.052631578947368363e-01
1.928571428571428603e+00
7.272727272727272929e-01
1.416666666666666741e+00
4.166666666666666852e-01
6.666666666666666297e-01
1.076923076923076872e+00
1.000000000000000000e+00
1.428571428571428603e+00
1.615384615384615419e+00
1.105263157894736947e+00
1.000000000000000000e+00
8.750000000000000000e-01
8.636363636363636465e-01
8.399999999999999689e-01
3.076923076923077094e-01
7.500000000000000000e-01
2.200000000000000178e+00
2.307692307692307820e-01
8.888888888888888395e-01
1.461538461538461453e+00
6.842105263157894912e-01
8.000000000000000444e-01
7.142857142857143016e-01
1.153846153846153744e+00
3.333333333333333148e-01
5.714285714285713969e-01
1.714285714285714191e+00
1.454545454545454586e+00
8.000000000000000444e-01
1.076923076923076872e+00
5.555555555555555802e-01
9.166666666666666297e-01
8.000000000000000444e-01
1.500000000000000000e+00
1.125000000000000000e+00
1.000000000000000000e+00
1.285714285714285809e+00
9.000000000000000222e-01
1.111111111111111160e+00
6.999999999999999556e-01
2.142857142857142794e+00
1.444444444444444420e+00
3.846153846153846367e-01
1.000000000000000000e+00
0.000000000000000000e+00
5.000000000000000000e-01
7.500000000000000000e-01
0.000000000000000000e+00
1.100000000000000089e+00
2.000000000000000000e+00
2.727272727272727071e-01
6.666666666666666297e-01
2.857142857142856984e-01
1.000000000000000000e+00
4.000000000000000222e-01
0.000000000000000000e+00
2.500000000000000000e+00
5.000000000000000000e-01
0.000000000000000000e+00
nan
1.000000000000000000e+00
5.000000000000000000e-01
0.000000000000000000e+00
0.000000000000000000e+00
0.000000000000000000e+00
