1.857843137254902022e+00
9.113924050632911111e-01
1.039473684210526327e+00
1.040000000000000036e+00
7.931034482758620996e-01
1.016129032258064502e+00
9.390243902439023849e-01
8.831168831168830780e-01
8.571428571428570953e-01
8.035714285714286031e-01
6.714285714285713746e-01
7.719298245614034659e-01
4.799999999999999822e-01
1.058823529411764719e+00
1.020408163265306145e+00
1.066666666666666652e+00
1.022222222222222143e+00
7.222222222222222099e-01
1.153846153846153744e+00
9.024390243902439268e-01
5.531914893617021489e-01
7.428571428571428825e-01
8.048780487804878536e-01
1.088235294117646967e+00
1.107142857142857206e+00
9.749999999999999778e-01
3.928571428571428492e-01
1.052631578947368363e+00
8.709677419354838745e-01
9.666666666666666741e-01
1.222222222222222321e+00
8.260869565217391353e-01
1.033333333333333437e+00
1.062500000000000000e+00
6.923076923076922906e-01
8.709677419354838745e-01
9.142857142857142572e-01
8.000000000000000444e-01
1.159999999999999920e+00
9.062500000000000000e-01
1.281250000000000000e+00
1.173913043478260976e+00
1.076923076923076872e+00
9.677419354838709964e-01
7.666666666666667185e-01
5.384615384615384359e-01
1.250000000000000000e-01
8.571428571428570953e-01
6.875000000000000000e-01
1.666666666666666574e-01
3.333333333333333148e-01
6.666666666666666297e-01
1.333333333333333259e+00
1.642857142857142794e+00
5.999999999999999778e-01
1.285714285714285809e+00
1.384615384615384581e+00
3.076923076923077094e-01
1.176470588235294157e+00
3.636363636363636465e-01
6.666666666666666297e-01
4.285714285714285476e-01
1.500000000000000000e+00
9.000000000000000222e-01
9.000000000000000222e-01
0.000000000000000000e+00
6.250000000000000000e-01
6.666666666666666297e-01
5.000000000000000000e-01
3.636363636363636465e-01
1.000000000000000000e+00
1.000000000000000000e+00
2.000000000000000111e-01
6.666666666666666297e-01
0.000000000000000000e+00
0.000000000000000000e+00
0.000000000000000000e+00
2.500000000000000000e+00
1.000000000000000000e+00
1.500000000000000000e+00
2.000000000000000000e+00
2.000000000000000000e+00
0.000000000000000000e+00
0.000000000000000000e+00
0.000000000000000000e+00
0.000000000000000000e+00
5.333333333333333037e+00
2.000000000000000000e+00
1.000000000000000000e+00
6.666666666666666297e-01
0.000000000000000000e+00
0.000000000000000000e+00
1.333333333333333259e+00
2.250000000000000000e+00
1.111111111111111160e+00
1.000000000000000000e+00
5.000000000000000000e-01
1.800000000000000044e+00
6.666666666666666297e-01
7.500000000000000000e-01
1.285714285714285809e+00
8.571428571428570953e-01
2.000000000000000000e+00
1.250000000000000000e+00
2.200000000000000178e+00
6.363636363636363535e-01
1.750000000000000000e+00
1.666666666666666741e+00
6.666666666666666297e-01
1.500000000000000000e+00
1.090909090909090828e+00
1.666666666666666741e+00
6.428571428571429047e-01
1.545454545454545414e+00
1.000000000000000000e+00
6.666666666666666297e-01
9.599999999999999645e-01
5.000000000000000000e-01
2.500000000000000000e-01
7.692307692307692735e-01
1.090909090909090828e+00
5.999999999999999778e-01
5.999999999999999778e-01
1.500000000000000000e+00
6.999999999999999556e-01
5.000000000000000000e-01
6.666666666666666297e-01
1.142857142857142794e+00
1.666666666666666741e+00
5.000000000000000000e-01
1.000000000000000000e+00
4.545454545454545303e-01
6.250000000000000000e-01
7.500000000000000000e-01
3.333333333333333148e-01
0.000000000000000000e+00
0.000000000000000000e+00
0.000000000000000000e+00
3.333333333333333148e-01
1.500000000000000000e+00
5.000000000000000000e-01
0.000000000000000000e+00
1.000000000000000000e+00
0.000000000000000000e+00
nan
3.500000000000000000e+00
nan
nan
6.000000000000000000e+00
3.000000000000000000e+00
6.666666666666666297e-01
2.000000000000000000e+00
0.000000000000000000e+00
3.333333333333333148e-01
1.800000000000000044e+00
2.000000000000000111e-01
nan
0.000000000000000000e+00
1.500000000000000000e+00
0.000000000000000000e+00
0.000000000000000000e+00
2.000000000000000000e+00
0.000000000000000000e+00
1.666666666666666741e+00
0.000000000000000000e+00
0.000000000000000000e+00
4.000000000000000000e+00
2.000000000000000111e-01
0.000000000000000000e+00
0.000000000000000000e+00
5.000000000000000000e-01
0.000000000000000000e+00
0.000000000000000000e+00
nan
nan
nan
nan
nan
nan
nan
nan
nan
nan
nan
nan
nan
nan
nan
nan
nan
nan
nan
nan
nan
nan
nan
nan
nan
nan
nan
