1.931707317073170671e+00
1.231884057971014412e+00
9.605263157894736725e-01
1.000000000000000000e+00
1.238095238095238138e+00
1.032967032967033072e+00
1.102564102564102644e+00
8.734177215189873333e-01
8.000000000000000444e-01
9.880952380952381375e-01
8.769230769230769162e-01
8.850574712643678454e-01
8.625000000000000444e-01
8.358208955223880299e-01
6.901408450704225039e-01
6.400000000000000133e-01
8.356164383561643927e-01
1.000000000000000000e+00
1.166666666666666741e+00
1.125000000000000000e+00
7.727272727272727071e-01
9.642857142857143016e-01
1.053571428571428603e+00
4.848484848484848619e-01
9.399999999999999467e-01
8.125000000000000000e-01
6.666666666666666297e-01
8.095238095238095344e-01
9.024390243902439268e-01
7.727272727272727071e-01
1.358974358974359031e+00
1.000000000000000000e+00
1.343750000000000000e+00
8.571428571428570953e-01
1.024390243902439046e+00
1.000000000000000000e+00
1.155555555555555447e+00
8.421052631578946901e-01
1.000000000000000000e+00
7.058823529411765163e-01
1.000000000000000000e+00
5.365853658536585691e-01
9.499999999999999556e-01
6.578947368421053099e-01
9.444444444444444198e-01
8.333333333333333703e-01
9.354838709677418818e-01
1.159999999999999920e+00
5.172413793103448620e-01
6.666666666666666297e-01
8.000000000000000444e-01
1.000000000000000000e+00
7.931034482758620996e-01
1.000000000000000000e+00
6.500000000000000222e-01
1.321428571428571397e+00
9.473684210526315264e-01
7.058823529411765163e-01
9.655172413793103869e-01
1.470588235294117752e+00
6.666666666666666297e-01
6.666666666666666297e-01
1.285714285714285809e+00
1.117647058823529438e+00
4.000000000000000222e-01
1.500000000000000000e+00
1.555555555555555580e+00
6.666666666666666297e-01
9.130434782608695121e-01
6.333333333333333037e-01
4.117647058823529216e-01
1.230769230769230838e+00
8.666666666666666963e-01
2.352941176470588203e-01
1.199999999999999956e+00
1.562500000000000000e+00
5.000000000000000000e-01
5.000000000000000000e-01
1.000000000000000000e+00
6.999999999999999556e-01
6.470588235294117974e-01
5.000000000000000000e-01
1.083333333333333259e+00
6.363636363636363535e-01
4.285714285714285476e-01
1.285714285714285809e+00
8.888888888888888395e-01
1.199999999999999956e+00
1.125000000000000000e+00
7.500000000000000000e-01
1.199999999999999956e+00
1.166666666666666741e+00
8.000000000000000444e-01
1.375000000000000000e+00
1.285714285714285809e+00
8.571428571428570953e-01
2.200000000000000178e+00
2.307692307692307487e+00
1.000000000000000000e+00
1.111111111111111160e+00
8.888888888888888395e-01
1.157894736842105310e+00
1.722222222222222321e+00
1.125000000000000000e+00
2.157894736842105310e+00
6.500000000000000222e-01
3.529411764705882582e-01
4.000000000000000222e-01
8.666666666666666963e-01
1.111111111111111160e+00
1.166666666666666741e+00
9.000000000000000222e-01
1.350000000000000089e+00
8.695652173913043237e-01
6.153846153846154188e-01
7.500000000000000000e-01
7.500000000000000000e-01
5.294117647058823595e-01
6.666666666666666297e-01
9.473684210526315264e-01
1.777777777777777679e+00
9.166666666666666297e-01
1.000000000000000000e+00
5.999999999999999778e-01
3.529411764705882582e-01
2.777777777777777901e-01
1.300000000000000044e+00
2.500000000000000000e-01
1.000000000000000000e+00
0.000000000000000000e+00
1.000000000000000000e+00
6.666666666666666297e-01
8.571428571428570953e-01
1.333333333333333259e+00
1.000000000000000000e+00
0.000000000000000000e+00
6.666666666666666297e-01
1.333333333333333259e+00
8.000000000000000444e-01
8.000000000000000444e-01
1.800000000000000044e+00
2.750000000000000000e+00
1.285714285714285809e+00
1.000000000000000000e+00
5.000000000000000000e-01
1.166666666666666741e+00
9.166666666666666297e-01
1.000000000000000000e+00
1.800000000000000044e+00
7.142857142857143016e-01
7.142857142857143016e-01
3.333333333333333148e-01
1.714285714285714191e+00
1.250000000000000000e+00
2.500000000000000000e-01
1.454545454545454586e+00
7.142857142857143016e-01
6.666666666666666297e-01
8.750000000000000000e-01
1.625000000000000000e+00
0.000000000000000000e+00
0.000000000000000000e+00
9.230769230769231282e-01
7.142857142857143016e-01
1.250000000000000000e+00
2.000000000000000111e-01
5.000000000000000000e-01
2.250000000000000000e+00
0.000000000000000000e+00
1.333333333333333259e+00
3.333333333333333148e-01
6.666666666666666297e-01
0.000000000000000000e+00
0.000000000000000000e+00
1.000000000000000000e+00
0.000000000000000000e+00
0.000000000000000000e+00
2.000000000000000000e+00
nan
4.000000000000000000e+00
5.000000000000000000e-01
2.000000000000000000e+00
nan
1.000000000000000000e+00
7.000000000000000000e+00
1.333333333333333259e+00
5.999999999999999778e-01
6.666666666666666297e-01
0.000000000000000000e+00
3.500000000000000000e+00
1.000000000000000000e+00
2.500000000000000000e+00
6.666666666666666297e-01
8.000000000000000444e-01
7.500000000000000000e-01
7.500000000000000000e-01
3.750000000000000000e-01
0.000000000000000000e+00
3.333333333333333148e-01
0.000000000000000000e+00
