1.831683168316831756e+00
1.013333333333333419e+00
8.684210526315789824e-01
9.166666666666666297e-01
9.102564102564102422e-01
8.769230769230769162e-01
9.166666666666666297e-01
9.714285714285714191e-01
1.183333333333333348e+00
1.272727272727272707e+00
7.464788732394366244e-01
6.086956521739130821e-01
1.061224489795918435e+00
1.147058823529411686e+00
9.423076923076922906e-01
7.586206896551723755e-01
1.070175438596491224e+00
8.043478260869565410e-01
6.046511627906976383e-01
6.250000000000000000e-01
7.346938775510204467e-01
1.425000000000000044e+00
8.139534883720930258e-01
1.149999999999999911e+00
7.872340425531915153e-01
1.294117647058823595e+00
8.055555555555555802e-01
9.318181818181817677e-01
1.020833333333333259e+00
7.948717948717948234e-01
1.185185185185185119e+00
8.292682926829267887e-01
6.888888888888888840e-01
7.187500000000000000e-01
1.000000000000000000e+00
8.723404255319149314e-01
9.677419354838709964e-01
8.750000000000000000e-01
1.054054054054053946e+00
6.296296296296296502e-01
9.642857142857143016e-01
1.000000000000000000e+00
6.875000000000000000e-01
1.545454545454545414e+00
1.100000000000000089e+00
8.333333333333333703e-01
7.058823529411765163e-01
1.619047619047619069e+00
1.258064516129032251e+00
8.437500000000000000e-01
1.218750000000000000e+00
1.393939393939394034e+00
1.023255813953488413e+00
1.064516129032258007e+00
8.437500000000000000e-01
6.999999999999999556e-01
3.611111111111111049e-01
6.923076923076922906e-01
6.923076923076922906e-01
5.185185185185184897e-01
4.615384615384615641e-01
5.909090909090909394e-01
1.500000000000000000e+00
1.000000000000000000e+00
7.777777777777777901e-01
1.545454545454545414e+00
1.210526315789473673e+00
1.000000000000000000e+00
7.500000000000000000e-01
1.263157894736842035e+00
7.307692307692307265e-01
8.823529411764705621e-01
7.500000000000000000e-01
6.923076923076922906e-01
6.666666666666666297e-01
5.555555555555555802e-01
6.999999999999999556e-01
4.615384615384615641e-01
1.000000000000000000e+00
7.142857142857143016e-01
1.555555555555555580e+00
1.083333333333333259e+00
1.090909090909090828e+00
2.250000000000000000e+00
8.000000000000000444e-01
8.750000000000000000e-01
1.375000000000000000e+00
5.000000000000000000e-01
1.642857142857142794e+00
6.666666666666666297e-01
1.250000000000000000e-01
1.222222222222222321e+00
9.090909090909090606e-01
1.399999999999999911e+00
9.000000000000000222e-01
2.142857142857142794e+00
8.181818181818182323e-01
1.136363636363636465e+00
1.333333333333333259e+00
9.230769230769231282e-01
5.999999999999999778e-01
8.888888888888888395e-01
1.611111111111111160e+00
2.857142857142856984e-01
1.199999999999999956e+00
2.375000000000000000e+00
1.285714285714285809e+00
1.166666666666666741e+00
1.250000000000000000e+00
1.052631578947368363e+00
9.285714285714286031e-01
1.190476190476190466e+00
1.250000000000000000e+00
9.090909090909090606e-01
1.157894736842105310e+00
1.818181818181818232e-01
2.250000000000000000e+00
9.545454545454545858e-01
7.826086956521739468e-01
1.050000000000000044e+00
1.304347826086956541e+00
4.500000000000000111e-01
8.750000000000000000e-01
5.454545454545454142e-01
8.636363636363636465e-01
9.285714285714286031e-01
9.166666666666666297e-01
1.230769230769230838e+00
5.000000000000000000e-01
1.750000000000000000e+00
9.599999999999999645e-01
6.818181818181817677e-01
9.499999999999999556e-01
6.666666666666666297e-01
1.117647058823529438e+00
7.727272727272727071e-01
1.111111111111111160e+00
4.444444444444444198e-01
7.500000000000000000e-01
1.250000000000000000e+00
1.214285714285714191e+00
1.250000000000000000e+00
1.000000000000000000e+00
1.055555555555555580e+00
7.692307692307692735e-01
6.842105263157894912e-01
4.444444444444444198e-01
9.230769230769231282e-01
5.882352941176470784e-01
8.461538461538461453e-01
1.333333333333333259e+00
2.000000000000000000e+00
1.000000000000000000e+00
1.333333333333333259e+00
1.000000000000000000e+00
1.583333333333333259e+00
1.375000000000000000e+00
1.357142857142857206e+00
1.333333333333333259e+00
1.153846153846153744e+00
1.058823529411764719e+00
1.000000000000000000e+00
1.357142857142857206e+00
9.090909090909090606e-01
9.230769230769231282e-01
6.470588235294117974e-01
1.125000000000000000e+00
5.000000000000000000e-01
1.095238095238095344e+00
1.333333333333333259e+00
5.000000000000000000e-01
1.000000000000000000e+00
1.166666666666666741e+00
1.227272727272727293e+00
6.250000000000000000e-01
1.538461538461538547e+00
6.666666666666666297e-01
1.000000000000000000e+00
1.133333333333333304e+00
9.411764705882352811e-01
1.277777777777777679e+00
7.500000000000000000e-01
1.333333333333333259e+00
1.000000000000000000e+00
9.166666666666666297e-01
1.444444444444444420e+00
1.375000000000000000e+00
6.428571428571429047e-01
1.041666666666666741e+00
1.000000000000000000e+00
1.187500000000000000e+00
1.315789473684210620e+00
8.333333333333333703e-01
1.000000000000000000e+00
1.333333333333333259e+00
2.352941176470588203e-01
9.523809523809523281e-02
5.882352941176470507e-02
1.111111111111111049e-01
0.000000000000000000e+00
