2.022522522522522515e+00
1.480392156862745168e+00
9.529411764705881804e-01
9.487179487179486781e-01
9.326923076923077094e-01
1.000000000000000000e+00
1.099009900990099098e+00
1.028037383177569986e+00
1.000000000000000000e+00
1.233644859813084027e+00
1.239999999999999991e+00
1.142857142857142794e+00
1.126865671641791078e+00
1.280991735537190035e+00
1.413223140495867725e+00
1.080645161290322509e+00
1.008130081300812941e+00
9.726027397260273988e-01
1.214285714285714191e+00
1.046666666666666634e+00
1.019867549668874274e+00
1.142857142857142794e+00
1.036363636363636376e+00
1.169934640522875879e+00
9.121621621621621712e-01
9.058823529411764719e-01
9.388888888888888840e-01
1.056737588652482351e+00
1.246913580246913567e+00
9.013157894736841813e-01
1.000000000000000000e+00
1.126582278481012667e+00
1.137362637362637319e+00
1.082840236686390512e+00
1.209150326797385544e+00
1.385542168674698704e+00
1.152284263959390875e+00
1.077348066298342566e+00
1.070754716981132004e+00
1.062200956937799035e+00
9.571428571428571841e-01
9.333333333333333481e-01
9.190476190476190022e-01
8.518518518518518601e-01
9.948717948717948900e-01
8.883928571428570953e-01
1.143617021276595702e+00
1.067961165048543659e+00
1.100000000000000089e+00
1.045454545454545414e+00
1.057591623036649109e+00
1.004901960784313708e+00
1.059071729957805852e+00
1.203619909502262386e+00
8.930232558139534760e-01
1.059523809523809534e+00
1.120000000000000107e+00
1.175213675213675257e+00
8.977777777777777857e-01
1.133333333333333304e+00
1.016326530612244872e+00
9.960784313725490335e-01
1.114186851211072637e+00
1.036734693877551017e+00
1.247933884297520724e+00
1.045283018867924518e+00
8.863636363636363535e-01
9.007936507936508130e-01
9.330855018587360661e-01
1.158730158730158832e+00
9.382239382239382364e-01
1.030769230769230660e+00
1.042857142857142927e+00
1.166666666666666741e+00
1.099630996309963082e+00
9.457364341085271464e-01
1.060200668896321030e+00
1.027667984189723382e+00
1.118881118881118963e+00
1.062695924764890387e+00
9.966101694915254772e-01
9.690721649484536071e-01
1.108761329305135934e+00
1.102564102564102644e+00
1.025806451612903292e+00
9.246987951807228434e-01
1.121661721068249351e+00
1.099706744868035102e+00
9.054878048780488076e-01
1.076923076923076872e+00
1.093093093093093104e+00
1.183908045977011492e+00
1.107871720116618164e+00
1.190322580645161388e+00
9.615384615384615641e-01
1.147368421052631593e+00
1.090909090909090828e+00
1.160919540229885083e+00
1.047169811320754818e+00
1.138743455497382095e+00
1.036855036855036882e+00
1.116972477064220204e+00
1.154228855721393110e+00
1.197278911564625847e+00
1.244008714596949838e+00
1.154347826086956630e+00
1.024436090225563811e+00
1.271510516252390088e+00
1.187224669603524241e+00
1.230072463768115965e+00
1.273873873873873963e+00
1.283760683760683863e+00
1.305007587253414369e+00
1.277158774373259087e+00
1.240437158469945400e+00
1.263966480446927276e+00
1.273417721518987245e+00
1.308788598574821771e+00
1.314095449500555013e+00
1.246421267893660589e+00
1.305084745762711940e+00
1.302443991853360572e+00
1.331560283687943214e+00
1.293378038558256504e+00
1.343485617597292681e+00
1.311877394636015381e+00
1.348679756262694651e+00
1.307228915662650648e+00
1.318610129564193212e+00
1.280817799158147974e+00
1.362272240085744990e+00
1.442377260981912102e+00
1.361287176986835767e+00
1.326594788858939777e+00
1.371061359867330021e+00
1.361586314152410493e+00
1.347316032705296873e+00
1.356504468718967127e+00
1.345625000000000071e+00
1.376284120927502297e+00
1.398896551724137849e+00
1.384901912093369658e+00
1.389141299409359487e+00
1.337543554006968671e+00
1.397446291041751110e+00
1.387470145140547562e+00
1.334451526333445104e+00
1.364232060092696264e+00
1.385990408370876281e+00
1.377902885292047852e+00
1.401259445843828777e+00
1.376360624704211943e+00
1.335007643590303550e+00
1.358154222267495159e+00
1.375427919360973750e+00
1.365459708910188086e+00
1.344398340248962764e+00
1.387076827948678259e+00
1.386628530568466244e+00
1.355690120450207425e+00
1.351982486013135532e+00
1.364441144554229268e+00
1.354883081155433322e+00
1.350431184886097480e+00
1.336564969674692183e+00
1.352388712582554220e+00
1.329888200756052408e+00
1.334242175244640283e+00
1.335933419229028196e+00
1.328887158017719727e+00
1.314915264625662772e+00
1.332458619297537394e+00
1.324921135646687675e+00
1.293563149778639954e+00
1.304564257168898456e+00
1.309671030916492507e+00
1.285860037062485750e+00
1.296629821442374597e+00
1.269017955294979849e+00
1.271709744631756678e+00
1.263291758376131169e+00
1.248463524061213192e+00
1.237718646684435209e+00
1.223862153230957261e+00
1.233537800146796704e+00
1.210190684588934085e+00
1.199419964672745476e+00
1.185188994012523533e+00
1.168268495664140039e+00
1.150255600740144546e+00
1.112775348193635105e+00
1.069573229873908904e+00
1.013889410615679276e+00
9.214715084512309362e-01
7.972867043166877998e-01
6.324481219945414789e-01
4.337971293644558024e-01
2.331886933825164099e-01
7.417924413164639352e-02
0.000000000000000000e+00
