1.857142857142857206e+00
8.026315789473684736e-01
9.571428571428571841e-01
8.529411764705882026e-01
8.181818181818182323e-01
7.592592592592593004e-01
4.354838709677419373e-01
9.821428571428570953e-01
8.297872340425531679e-01
1.116279069767441845e+00
1.155172413793103425e+00
1.000000000000000000e+00
5.652173913043477826e-01
1.050000000000000044e+00
1.128205128205128194e+00
7.391304347826086474e-01
9.393939393939394478e-01
7.441860465116278966e-01
6.129032258064516236e-01
5.312500000000000000e-01
1.000000000000000000e+00
1.069767441860465018e+00
8.000000000000000444e-01
1.171428571428571486e+00
1.208333333333333259e+00
8.965517241379310498e-01
6.111111111111111605e-01
1.103448275862068950e+00
9.615384615384615641e-01
1.043478260869565188e+00
9.310344827586206629e-01
1.133333333333333304e+00
9.615384615384615641e-01
7.419354838709677491e-01
5.312500000000000000e-01
1.194444444444444420e+00
6.296296296296296502e-01
5.161290322580645018e-01
1.466666666666666563e+00
5.238095238095238360e-01
4.285714285714285476e-01
7.500000000000000000e-01
2.000000000000000000e+00
9.499999999999999556e-01
6.666666666666666297e-01
7.142857142857143016e-01
1.500000000000000000e+00
1.130434782608695565e+00
6.315789473684210176e-01
1.750000000000000000e+00
1.260869565217391353e+00
8.947368421052631637e-01
8.000000000000000444e-01
1.040000000000000036e+00
1.363636363636363535e+00
1.157894736842105310e+00
1.233333333333333393e+00
4.090909090909091161e-01
8.888888888888888395e-01
4.210526315789473450e-01
7.391304347826086474e-01
5.333333333333333259e-01
1.000000000000000000e+00
1.187500000000000000e+00
7.142857142857143016e-01
8.000000000000000444e-01
1.000000000000000000e+00
5.999999999999999778e-01
1.176470588235294157e+00
1.250000000000000000e+00
3.846153846153846367e-01
4.166666666666666852e-01
9.230769230769231282e-01
5.999999999999999778e-01
1.100000000000000089e+00
1.000000000000000000e+00
5.000000000000000000e-01
5.714285714285713969e-01
1.636363636363636465e+00
1.142857142857142794e+00
6.363636363636363535e-01
1.000000000000000000e+00
1.000000000000000000e+00
1.272727272727272707e+00
3.333333333333333148e-01
5.999999999999999778e-01
9.090909090909090606e-01
2.857142857142856984e-01
0.000000000000000000e+00
2.000000000000000000e+00
1.166666666666666741e+00
2.500000000000000000e+00
1.166666666666666741e+00
1.000000000000000000e+00
2.000000000000000000e+00
5.999999999999999778e-01
6.666666666666666297e-01
1.000000000000000000e+00
1.000000000000000000e+00
1.000000000000000000e+00
1.285714285714285809e+00
1.166666666666666741e+00
2.000000000000000111e-01
1.285714285714285809e+00
5.000000000000000000e-01
5.000000000000000000e-01
6.666666666666666297e-01
1.000000000000000000e+00
3.000000000000000000e+00
1.166666666666666741e+00
1.399999999999999911e+00
0.000000000000000000e+00
0.000000000000000000e+00
0.000000000000000000e+00
nan
0.000000000000000000e+00
1.600000000000000089e+00
6.999999999999999556e-01
3.333333333333333148e-01
0.000000000000000000e+00
1.199999999999999956e+00
2.500000000000000000e-01
1.250000000000000000e+00
5.000000000000000000e-01
nan
2.000000000000000111e-01
1.000000000000000000e+00
nan
1.500000000000000000e+00
0.000000000000000000e+00
0.000000000000000000e+00
3.333333333333333148e-01
0.000000000000000000e+00
nan
0.000000000000000000e+00
nan
nan
nan
nan
nan
nan
nan
nan
nan
nan
nan
nan
nan
nan
nan
nan
nan
nan
nan
nan
nan
nan
nan
nan
nan
nan
nan
nan
nan
nan
nan
nan
nan
nan
nan
nan
nan
nan
nan
nan
nan
nan
nan
nan
nan
nan
nan
nan
nan
nan
nan
nan
nan
nan
nan
nan
nan
nan
nan
nan
nan
nan
nan
nan
nan
