2.210784313725490335e+00
9.900990099009900902e-01
9.655172413793103869e-01
8.666666666666666963e-01
1.163265306122448939e+00
1.166666666666666741e+00
1.108910891089109008e+00
9.042553191489361986e-01
8.865979381443298557e-01
9.739130434782609091e-01
9.900990099009900902e-01
1.069767441860465018e+00
7.500000000000000000e-01
1.074074074074074181e+00
1.235294117647058876e+00
1.022471910112359605e+00
9.803921568627450567e-01
1.300970873786407855e+00
1.247191011235954994e+00
1.284313725490196179e+00
1.094017094017094127e+00
1.108527131782945707e+00
1.076923076923076872e+00
1.315315315315315425e+00
1.267716535433070835e+00
1.149659863945578175e+00
1.046357615894039750e+00
1.198473282442748200e+00
8.809523809523809312e-01
1.127071823204419898e+00
9.000000000000000222e-01
1.069930069930070005e+00
9.708029197080292327e-01
1.140740740740740833e+00
8.941176470588235725e-01
1.085561497326203106e+00
1.109756097560975707e+00
1.119718309859154992e+00
1.088050314465408785e+00
1.142011834319526686e+00
9.011627906976744651e-01
1.348684210526315708e+00
1.031914893617021267e+00
1.038888888888888973e+00
9.949238578680202894e-01
9.943820224719100986e-01
9.794871794871794490e-01
1.120879120879120894e+00
9.069767441860464574e-01
1.025380710659898442e+00
1.121546961325966763e+00
1.058823529411764719e+00
1.028735632183908066e+00
8.197424892703862875e-01
1.085227272727272707e+00
1.074561403508771829e+00
1.245098039215686292e+00
1.269662921348314599e+00
9.946524064171122781e-01
1.137168141592920456e+00
1.147826086956521774e+00
1.032388663967611420e+00
1.159999999999999920e+00
1.070038910505836549e+00
1.016528925619834656e+00
9.961240310077519311e-01
1.090566037735849036e+00
9.277108433734939652e-01
9.393939393939394478e-01
1.012096774193548487e+00
1.097378277153558068e+00
1.034220532319391594e+00
1.050387596899224896e+00
9.504504504504504014e-01
9.855072463768116409e-01
1.110701107011070166e+00
9.483394833948339819e-01
1.122950819672131173e+00
1.169741697416974091e+00
9.877049180327869271e-01
1.003460207612456800e+00
8.972602739726027732e-01
1.000000000000000000e+00
9.888059701492537545e-01
1.072664359861591699e+00
8.458646616541353191e-01
1.148936170212766061e+00
9.678571428571428603e-01
1.011406844106463865e+00
1.276978417266187105e+00
1.018382352941176405e+00
9.222972972972972583e-01
9.697885196374622652e-01
1.029197080291970767e+00
1.177606177606177695e+00
1.121405750798722067e+00
1.040498442367601140e+00
8.402555910543131334e-01
1.112462006079027343e+00
1.039215686274509887e+00
9.791666666666666297e-01
1.035947712418300748e+00
1.212765957446808596e+00
1.048780487804878092e+00
1.093373493975903665e+00
1.019774011299435124e+00
1.112676056338028241e+00
9.423076923076922906e-01
9.714285714285714191e-01
1.170940170940170999e+00
1.022099447513812098e+00
1.107784431137724512e+00
1.084432717678100344e+00
1.146276595744680771e+00
1.132075471698113178e+00
9.673913043478260532e-01
1.127139364303178404e+00
1.268965517241379404e+00
1.101265822784810222e+00
1.098086124401913777e+00
1.052369077306733125e+00
1.185589519650654955e+00
1.077419354838709653e+00
1.164410058027079309e+00
1.234126984126984183e+00
1.251546391752577314e+00
1.207339449541284360e+00
1.372188139059304701e+00
1.235099337748344350e+00
1.208881578947368363e+00
1.352339181286549730e+00
1.373529411764705888e+00
1.271505376344086002e+00
1.257214554579673793e+00
1.250593824228028561e+00
1.299659477866061286e+00
1.168243953732912788e+00
1.313745019920318668e+00
1.349758454106280148e+00
1.384615384615384581e+00
1.339123242349048892e+00
1.306623058053965725e+00
1.351993865030674868e+00
1.372577171572146426e+00
1.252012383900928727e+00
1.386219974715549919e+00
1.350201265094882030e+00
1.302031850631521159e+00
1.345088161209067934e+00
1.316859122401847548e+00
1.362515937101572483e+00
1.363524083985178992e+00
1.314650173946656286e+00
1.353976073187895812e+00
1.416149068322981375e+00
1.393422277381321850e+00
1.390857142857142792e+00
1.368536251709986384e+00
1.381617647058823506e+00
1.410416666666666652e+00
1.369633507853403209e+00
1.402691107644305823e+00
1.326457399103138979e+00
1.411541005291005346e+00
1.413145539906103254e+00
1.348695652173913073e+00
1.359421066738139894e+00
1.353670759208218444e+00
1.366312629877626472e+00
1.381304347826086909e+00
1.348585189644792237e+00
1.360133692321975785e+00
1.378582595101615516e+00
1.360586162716207470e+00
1.345652009955501827e+00
1.354510623476140818e+00
1.348691917219835945e+00
1.365428030996399977e+00
1.353526783189094473e+00
1.367576578453844505e+00
1.349126327639371459e+00
1.338218560830185311e+00
1.348070469798657633e+00
1.331330128205128194e+00
1.347668279806423230e+00
1.313758214248461398e+00
1.317753704715677099e+00
1.310926644410358222e+00
1.305117666929399789e+00
1.288757113226612683e+00
1.265558822063879596e+00
1.208409764357273986e+00
1.142429709156509876e+00
1.058214160424276296e+00
9.170285177796033693e-01
7.370093285305255870e-01
5.121757726269315913e-01
2.713890245888291863e-01
8.628640590767722163e-02
0.000000000000000000e+00
