1.954545454545454586e+00
9.213483146067416030e-01
1.072463768115942129e+00
9.552238805970149071e-01
1.000000000000000000e+00
7.894736842105263275e-01
1.244897959183673519e+00
9.852941176470588758e-01
6.428571428571429047e-01
7.176470588235294157e-01
8.524590163934425702e-01
9.444444444444444198e-01
9.047619047619047672e-01
1.021739130434782705e+00
5.999999999999999778e-01
1.258620689655172376e+00
8.166666666666666519e-01
4.545454545454545303e-01
8.518518518518518601e-01
8.157894736842105088e-01
8.333333333333333703e-01
8.387096774193548709e-01
8.000000000000000444e-01
7.021276595744680993e-01
1.041666666666666741e+00
1.655172413793103425e+00
1.030303030303030276e+00
7.179487179487179516e-01
6.764705882352941568e-01
8.399999999999999689e-01
9.583333333333333703e-01
1.166666666666666741e+00
8.461538461538461453e-01
8.461538461538461453e-01
8.399999999999999689e-01
8.181818181818182323e-01
1.058823529411764719e+00
7.500000000000000000e-01
1.041666666666666741e+00
9.615384615384615641e-01
3.913043478260869734e-01
8.947368421052631637e-01
1.157894736842105310e+00
5.238095238095238360e-01
1.260869565217391353e+00
6.923076923076922906e-01
9.000000000000000222e-01
7.500000000000000000e-01
5.294117647058823595e-01
8.666666666666666963e-01
1.687500000000000000e+00
1.937500000000000000e+00
1.428571428571428603e+00
8.421052631578946901e-01
1.181818181818181879e+00
9.499999999999999556e-01
1.360000000000000098e+00
6.923076923076922906e-01
1.333333333333333259e+00
1.291666666666666741e+00
1.199999999999999956e+00
9.499999999999999556e-01
9.523809523809523281e-01
7.199999999999999734e-01
7.333333333333332815e-01
7.941176470588234837e-01
6.363636363636363535e-01
1.444444444444444420e+00
8.666666666666666963e-01
8.000000000000000444e-01
8.636363636363636465e-01
8.148148148148147696e-01
1.411764705882353033e+00
1.199999999999999956e+00
5.000000000000000000e-01
1.105263157894736947e+00
1.428571428571428492e-01
7.857142857142856984e-01
1.125000000000000000e+00
1.125000000000000000e+00
2.000000000000000000e+00
5.000000000000000000e-01
5.714285714285713969e-01
5.454545454545454142e-01
8.333333333333333703e-01
4.736842105263157632e-01
1.800000000000000044e+00
9.333333333333333481e-01
1.692307692307692291e+00
7.500000000000000000e-01
1.266666666666666607e+00
8.333333333333333703e-01
8.000000000000000444e-01
1.923076923076923128e+00
6.363636363636363535e-01
9.411764705882352811e-01
4.166666666666666852e-01
2.222222222222222321e+00
1.250000000000000000e+00
1.307692307692307709e+00
7.826086956521739468e-01
6.363636363636363535e-01
4.000000000000000222e-01
9.090909090909090606e-01
1.384615384615384581e+00
6.250000000000000000e-01
1.545454545454545414e+00
1.058823529411764719e+00
1.333333333333333259e+00
9.333333333333333481e-01
1.611111111111111160e+00
8.000000000000000444e-01
5.238095238095238360e-01
9.000000000000000222e-01
1.214285714285714191e+00
2.857142857142856984e-01
1.250000000000000000e+00
4.000000000000000222e-01
7.777777777777777901e-01
1.000000000000000000e+00
1.600000000000000089e+00
6.153846153846154188e-01
3.333333333333333148e-01
7.692307692307692735e-01
7.272727272727272929e-01
1.000000000000000000e+00
8.000000000000000444e-01
3.636363636363636465e-01
2.166666666666666519e+00
1.142857142857142794e+00
7.500000000000000000e-01
2.000000000000000111e-01
5.999999999999999778e-01
1.000000000000000000e+00
1.166666666666666741e+00
0.000000000000000000e+00
1.000000000000000000e+00
nan
1.571428571428571397e+00
4.000000000000000222e-01
1.000000000000000000e+00
1.000000000000000000e+00
nan
8.888888888888888395e-01
7.500000000000000000e-01
0.000000000000000000e+00
1.000000000000000000e+00
1.000000000000000000e+00
5.000000000000000000e-01
1.250000000000000000e+00
0.000000000000000000e+00
0.000000000000000000e+00
3.000000000000000000e+00
1.500000000000000000e+00
7.500000000000000000e-01
0.000000000000000000e+00
nan
0.000000000000000000e+00
0.000000000000000000e+00
nan
0.000000000000000000e+00
6.666666666666666297e-01
nan
0.000000000000000000e+00
0.000000000000000000e+00
0.000000000000000000e+00
nan
nan
nan
nan
nan
nan
nan
nan
nan
nan
nan
nan
nan
nan
nan
nan
nan
nan
nan
nan
nan
nan
nan
nan
nan
nan
nan
nan
nan
nan
nan
nan
nan
nan
