1.848039215686274606e+00
9.000000000000000222e-01
9.577464788732393819e-01
7.301587301587301182e-01
9.545454545454545858e-01
8.979591836734693855e-01
1.378787878787878896e+00
1.119402985074626766e+00
9.444444444444444198e-01
9.508196721311474864e-01
1.068493150684931559e+00
8.767123287671232390e-01
9.827586206896551380e-01
9.677419354838709964e-01
9.390243902439023849e-01
8.644067796610169774e-01
8.548387096774193727e-01
7.358490566037735325e-01
7.741935483870967527e-01
8.571428571428570953e-01
8.793103448275861878e-01
9.166666666666666297e-01
1.217391304347826164e+00
1.250000000000000000e+00
1.000000000000000000e+00
8.800000000000000044e-01
7.678571428571429047e-01
7.708333333333333703e-01
6.818181818181817677e-01
9.545454545454545858e-01
9.000000000000000222e-01
1.422222222222222276e+00
8.571428571428570953e-01
8.205128205128204844e-01
1.022222222222222143e+00
1.000000000000000000e+00
1.414634146341463339e+00
8.260869565217391353e-01
9.687500000000000000e-01
1.040000000000000036e+00
1.156862745098039325e+00
8.837209302325581550e-01
1.199999999999999956e+00
1.086956521739130377e+00
8.333333333333333703e-01
9.545454545454545858e-01
8.181818181818182323e-01
8.000000000000000444e-01
1.111111111111111160e+00
9.210526315789473450e-01
6.410256410256410797e-01
7.692307692307692735e-01
7.714285714285714635e-01
8.461538461538461453e-01
7.878787878787878451e-01
1.162162162162162060e+00
9.230769230769231282e-01
9.166666666666666297e-01
1.378378378378378288e+00
9.090909090909090606e-01
8.064516129032257563e-01
1.500000000000000000e+00
1.269230769230769162e+00
9.777777777777777457e-01
8.000000000000000444e-01
1.175000000000000044e+00
1.166666666666666741e+00
7.631578947368421462e-01
1.137931034482758674e+00
7.837837837837837718e-01
6.250000000000000000e-01
1.048780487804878092e+00
1.297297297297297369e+00
6.666666666666666297e-01
5.882352941176470784e-01
7.575757575757575690e-01
1.000000000000000000e+00
1.103448275862068950e+00
8.125000000000000000e-01
9.629629629629629095e-01
1.000000000000000000e+00
8.333333333333333703e-01
9.090909090909090606e-01
9.615384615384615641e-01
1.217391304347826164e+00
1.142857142857142794e+00
1.222222222222222321e+00
1.166666666666666741e+00
1.000000000000000000e+00
1.406250000000000000e+00
1.391304347826086918e+00
1.043478260869565188e+00
1.481481481481481399e+00
8.214285714285713969e-01
8.536585365853658347e-01
1.151515151515151603e+00
7.567567567567567988e-01
1.071428571428571397e+00
1.593750000000000000e+00
1.255813953488372103e+00
7.307692307692307265e-01
1.130434782608695565e+00
7.857142857142856984e-01
8.484848484848485084e-01
8.181818181818182323e-01
1.048780487804878092e+00
1.090909090909090828e+00
1.111111111111111160e+00
1.033333333333333437e+00
1.069767441860465018e+00
8.620689655172413257e-01
1.419354838709677491e+00
7.692307692307692735e-01
8.285714285714286254e-01
9.111111111111110938e-01
9.473684210526315264e-01
1.034482758620689724e+00
9.629629629629629095e-01
6.666666666666666297e-01
8.666666666666666963e-01
1.444444444444444420e+00
1.081632653061224580e+00
1.382352941176470562e+00
6.999999999999999556e-01
1.093750000000000000e+00
1.358974358974359031e+00
7.500000000000000000e-01
1.032258064516129004e+00
6.999999999999999556e-01
8.292682926829267887e-01
1.291666666666666741e+00
9.166666666666666297e-01
7.812500000000000000e-01
3.939393939393939226e-01
8.695652173913043237e-01
9.583333333333333703e-01
8.275862068965517127e-01
1.555555555555555580e+00
1.444444444444444420e+00
9.259259259259259300e-01
7.199999999999999734e-01
1.375000000000000000e+00
8.421052631578946901e-01
7.037037037037037202e-01
8.611111111111111605e-01
5.806451612903226200e-01
9.310344827586206629e-01
1.000000000000000000e+00
6.363636363636363535e-01
5.294117647058823595e-01
1.736842105263157965e+00
8.947368421052631637e-01
9.444444444444444198e-01
8.333333333333333703e-01
9.200000000000000400e-01
1.050000000000000044e+00
7.857142857142856984e-01
1.187500000000000000e+00
5.714285714285713969e-01
1.187500000000000000e+00
4.736842105263157632e-01
7.916666666666666297e-01
6.250000000000000000e-01
1.000000000000000000e+00
1.833333333333333259e+00
1.125000000000000000e+00
4.705882352941176405e-01
1.000000000000000000e+00
2.222222222222222099e-01
7.333333333333332815e-01
1.000000000000000000e+00
1.615384615384615419e+00
8.181818181818182323e-01
6.999999999999999556e-01
1.181818181818181879e+00
2.857142857142856984e-01
1.000000000000000000e+00
6.923076923076922906e-01
1.222222222222222321e+00
8.181818181818182323e-01
1.000000000000000000e+00
1.125000000000000000e+00
8.571428571428570953e-01
8.000000000000000444e-01
1.117647058823529438e+00
8.000000000000000444e-01
1.125000000000000000e+00
0.000000000000000000e+00
8.888888888888888395e-01
1.142857142857142794e+00
6.666666666666666297e-01
1.714285714285714191e+00
8.181818181818182323e-01
1.545454545454545414e+00
1.100000000000000089e+00
3.750000000000000000e-01
3.750000000000000000e-01
1.333333333333333315e-01
0.000000000000000000e+00
0.000000000000000000e+00
