1.770833333333333259e+00
1.219178082191780810e+00
8.717948717948718063e-01
9.649122807017543879e-01
1.057471264367816133e+00
6.666666666666666297e-01
8.070175438596490780e-01
5.833333333333333703e-01
6.153846153846154188e-01
9.411764705882352811e-01
1.204545454545454586e+00
1.081632653061224580e+00
1.114285714285714324e+00
1.068965517241379226e+00
1.000000000000000000e+00
6.779661016949152241e-01
1.088888888888888795e+00
1.145833333333333259e+00
1.274509803921568540e+00
7.142857142857143016e-01
1.058823529411764719e+00
9.574468085106383475e-01
8.775510204081632404e-01
6.603773584905660021e-01
1.071428571428571397e+00
1.019607843137254832e+00
1.063829787234042534e+00
7.333333333333332815e-01
8.292682926829267887e-01
8.936170212765957022e-01
1.027027027027026973e+00
8.249999999999999556e-01
5.294117647058823595e-01
3.793103448275861878e-01
1.148148148148148140e+00
7.241379310344827624e-01
5.833333333333333703e-01
1.037037037037036979e+00
7.142857142857143016e-01
5.500000000000000444e-01
1.239999999999999991e+00
1.684210526315789380e+00
1.095238095238095344e+00
9.655172413793103869e-01
1.360000000000000098e+00
1.000000000000000000e+00
1.130434782608695565e+00
1.172413793103448176e+00
4.827586206896551935e-01
8.148148148148147696e-01
9.259259259259259300e-01
1.096774193548387011e+00
1.105263157894736947e+00
9.545454545454545858e-01
7.142857142857143016e-01
8.846153846153845812e-01
8.181818181818182323e-01
1.923076923076923184e-01
8.125000000000000000e-01
1.399999999999999911e+00
9.047619047619047672e-01
3.750000000000000000e-01
1.368421052631578982e+00
1.066666666666666652e+00
1.100000000000000089e+00
1.550000000000000044e+00
1.222222222222222321e+00
8.421052631578946901e-01
6.538461538461538547e-01
9.000000000000000222e-01
1.470588235294117752e+00
1.166666666666666741e+00
1.062500000000000000e+00
1.000000000000000000e+00
1.333333333333333259e+00
5.999999999999999778e-01
1.444444444444444420e+00
1.277777777777777679e+00
1.058823529411764719e+00
1.040000000000000036e+00
9.090909090909090606e-01
1.565217391304347894e+00
8.846153846153845812e-01
1.030303030303030276e+00
1.368421052631578982e+00
1.500000000000000000e+00
1.000000000000000000e+00
8.461538461538461453e-01
9.411764705882352811e-01
7.777777777777777901e-01
9.259259259259259300e-01
6.666666666666666297e-01
1.157894736842105310e+00
5.294117647058823595e-01
8.823529411764705621e-01
9.545454545454545858e-01
9.166666666666666297e-01
1.173913043478260976e+00
8.000000000000000444e-01
1.399999999999999911e+00
6.500000000000000222e-01
1.086956521739130377e+00
1.315789473684210620e+00
5.000000000000000000e-01
6.999999999999999556e-01
1.045454545454545414e+00
1.304347826086956541e+00
1.058823529411764719e+00
5.000000000000000000e-01
1.045454545454545414e+00
7.333333333333332815e-01
1.230769230769230838e+00
7.142857142857143016e-01
6.153846153846154188e-01
1.533333333333333437e+00
9.090909090909090606e-01
8.095238095238095344e-01
8.333333333333333703e-01
1.125000000000000000e+00
1.111111111111111160e+00
8.333333333333333703e-01
8.666666666666666963e-01
1.125000000000000000e+00
7.333333333333332815e-01
1.933333333333333348e+00
7.272727272727272929e-01
2.105263157894736725e-01
6.111111111111111605e-01
7.333333333333332815e-01
1.000000000000000000e+00
6.500000000000000222e-01
1.428571428571428603e+00
2.999999999999999889e-01
5.000000000000000000e-01
8.000000000000000444e-01
5.000000000000000000e-01
7.272727272727272929e-01
6.666666666666666297e-01
1.666666666666666741e+00
1.600000000000000089e+00
1.666666666666666741e+00
4.444444444444444198e-01
0.000000000000000000e+00
1.571428571428571397e+00
1.750000000000000000e+00
1.000000000000000000e+00
0.000000000000000000e+00
6.250000000000000000e-01
1.250000000000000000e+00
1.250000000000000000e+00
8.000000000000000444e-01
1.800000000000000044e+00
4.000000000000000222e-01
8.000000000000000444e-01
3.333333333333333148e-01
0.000000000000000000e+00
1.000000000000000000e+00
0.000000000000000000e+00
0.000000000000000000e+00
1.000000000000000000e+00
0.000000000000000000e+00
1.000000000000000000e+00
0.000000000000000000e+00
3.000000000000000000e+00
1.333333333333333259e+00
1.666666666666666741e+00
2.000000000000000000e+00
2.000000000000000000e+00
3.000000000000000000e+00
2.500000000000000000e+00
8.000000000000000444e-01
2.857142857142856984e-01
0.000000000000000000e+00
1.500000000000000000e+00
1.250000000000000000e+00
0.000000000000000000e+00
3.750000000000000000e-01
2.000000000000000000e+00
1.250000000000000000e+00
1.857142857142857206e+00
6.666666666666666297e-01
8.750000000000000000e-01
2.428571428571428381e+00
1.500000000000000000e+00
1.333333333333333259e+00
6.250000000000000000e-01
7.272727272727272929e-01
2.500000000000000000e-01
5.000000000000000000e-01
1.000000000000000000e+00
3.750000000000000000e-01
1.125000000000000000e+00
7.500000000000000000e-01
1.399999999999999911e+00
1.166666666666666741e+00
2.500000000000000000e-01
5.999999999999999778e-01
1.428571428571428492e-01
0.000000000000000000e+00
0.000000000000000000e+00
