1.815384615384615374e+00
1.177215189873417778e+00
1.042857142857142927e+00
8.840579710144927938e-01
1.049180327868852514e+00
7.333333333333332815e-01
1.107692307692307754e+00
8.271604938271605034e-01
1.096774193548387011e+00
7.462686567164179552e-01
1.199999999999999956e+00
1.098360655737705027e+00
7.500000000000000000e-01
8.840579710144927938e-01
1.107142857142857206e+00
1.208333333333333259e+00
1.203125000000000000e+00
1.459999999999999964e+00
1.365079365079365115e+00
8.208955223880597396e-01
8.181818181818182323e-01
1.250000000000000000e+00
1.053333333333333233e+00
1.040000000000000036e+00
7.866666666666666252e-01
9.480519480519480346e-01
7.846153846153846034e-01
1.271428571428571352e+00
7.878787878787878451e-01
8.253968253968253510e-01
9.736842105263158187e-01
9.066666666666666208e-01
1.036363636363636376e+00
1.163636363636363580e+00
8.421052631578946901e-01
6.666666666666666297e-01
7.101449275362319291e-01
7.407407407407406996e-01
9.464285714285713969e-01
1.297872340425531901e+00
8.199999999999999512e-01
5.434782608695651884e-01
8.936170212765957022e-01
7.368421052631578538e-01
1.078431372549019551e+00
7.142857142857143016e-01
8.157894736842105088e-01
7.500000000000000000e-01
9.722222222222222099e-01
8.666666666666666963e-01
7.435897435897436125e-01
6.428571428571429047e-01
6.153846153846154188e-01
1.033333333333333437e+00
1.466666666666666563e+00
5.238095238095238360e-01
1.125000000000000000e+00
5.294117647058823595e-01
1.239999999999999991e+00
6.999999999999999556e-01
4.074074074074073848e-01
1.000000000000000000e+00
6.666666666666666297e-01
1.176470588235294157e+00
2.500000000000000000e-01
8.333333333333333703e-01
1.230769230769230838e+00
1.285714285714285809e+00
1.363636363636363535e+00
1.117647058823529438e+00
1.307692307692307709e+00
1.066666666666666652e+00
1.142857142857142794e+00
9.375000000000000000e-01
1.000000000000000000e+00
9.333333333333333481e-01
8.235294117647058432e-01
8.888888888888888395e-01
3.529411764705882582e-01
1.461538461538461453e+00
9.375000000000000000e-01
3.125000000000000000e-01
4.285714285714285476e-01
1.181818181818181879e+00
5.555555555555555802e-01
6.666666666666666297e-01
8.000000000000000444e-01
2.727272727272727071e-01
6.363636363636363535e-01
1.285714285714285809e+00
1.142857142857142794e+00
1.000000000000000000e+00
6.666666666666666297e-01
1.000000000000000000e+00
1.000000000000000000e+00
6.666666666666666297e-01
7.500000000000000000e-01
2.000000000000000000e+00
6.666666666666666297e-01
5.000000000000000000e-01
3.333333333333333148e-01
1.000000000000000000e+00
6.666666666666666297e-01
2.200000000000000178e+00
0.000000000000000000e+00
1.500000000000000000e+00
1.333333333333333259e+00
1.000000000000000000e+00
0.000000000000000000e+00
1.000000000000000000e+00
5.000000000000000000e-01
1.600000000000000089e+00
2.333333333333333481e+00
0.000000000000000000e+00
0.000000000000000000e+00
0.000000000000000000e+00
1.250000000000000000e+00
0.000000000000000000e+00
0.000000000000000000e+00
2.666666666666666519e+00
2.000000000000000000e+00
1.000000000000000000e+00
4.000000000000000222e-01
2.000000000000000111e-01
1.666666666666666741e+00
5.000000000000000000e-01
0.000000000000000000e+00
1.000000000000000000e+00
0.000000000000000000e+00
0.000000000000000000e+00
1.000000000000000000e+00
0.000000000000000000e+00
2.000000000000000000e+00
nan
0.000000000000000000e+00
5.000000000000000000e-01
nan
0.000000000000000000e+00
nan
1.000000000000000000e+00
nan
nan
1.000000000000000000e+00
0.000000000000000000e+00
nan
0.000000000000000000e+00
nan
nan
nan
nan
nan
nan
nan
nan
nan
nan
nan
nan
nan
nan
nan
nan
nan
nan
nan
nan
nan
nan
nan
nan
nan
nan
nan
nan
nan
nan
nan
nan
nan
nan
nan
nan
nan
nan
nan
nan
nan
nan
nan
nan
nan
nan
nan
nan
nan
nan
nan
nan
nan
nan
