2.087179487179487314e+00
7.551020408163264808e-01
8.181818181818182323e-01
9.090909090909090606e-01
1.024096385542168752e+00
6.557377049180327377e-01
7.500000000000000000e-01
5.686274509803921351e-01
7.230769230769230616e-01
8.771929824561403022e-01
7.872340425531915153e-01
8.157894736842105088e-01
8.863636363636363535e-01
9.285714285714286031e-01
1.029411764705882248e+00
5.277777777777777901e-01
1.187500000000000000e+00
1.000000000000000000e+00
1.000000000000000000e+00
8.249999999999999556e-01
9.729729729729730270e-01
8.000000000000000444e-01
9.722222222222222099e-01
7.173913043478260532e-01
1.310344827586206851e+00
9.428571428571428381e-01
1.000000000000000000e+00
1.028571428571428470e+00
1.459459459459459429e+00
1.117647058823529438e+00
7.083333333333333703e-01
1.000000000000000000e+00
1.120000000000000107e+00
8.709677419354838745e-01
6.896551724137931494e-01
7.105263157894736725e-01
1.028571428571428470e+00
7.878787878787878451e-01
9.354838709677418818e-01
9.032258064516128782e-01
9.629629629629629095e-01
6.818181818181817677e-01
6.153846153846154188e-01
5.000000000000000000e-01
4.285714285714285476e-01
8.888888888888888395e-01
8.571428571428570953e-01
4.545454545454545303e-01
7.692307692307692735e-01
9.047619047619047672e-01
8.421052631578946901e-01
8.636363636363636465e-01
1.444444444444444420e+00
1.300000000000000044e+00
5.999999999999999778e-01
1.850000000000000089e+00
1.555555555555555580e+00
1.625000000000000000e+00
7.894736842105263275e-01
2.333333333333333481e+00
7.222222222222222099e-01
8.499999999999999778e-01
8.333333333333333703e-01
7.058823529411765163e-01
7.142857142857143016e-01
9.473684210526315264e-01
1.473684210526315708e+00
1.277777777777777679e+00
1.000000000000000000e+00
8.421052631578946901e-01
8.214285714285713969e-01
9.375000000000000000e-01
1.000000000000000000e+00
5.000000000000000000e-01
1.000000000000000000e+00
9.411764705882352811e-01
1.000000000000000000e+00
1.375000000000000000e+00
1.466666666666666563e+00
1.500000000000000000e+00
7.272727272727272929e-01
8.518518518518518601e-01
1.055555555555555580e+00
1.000000000000000000e+00
8.750000000000000000e-01
1.714285714285714191e+00
8.181818181818182323e-01
8.947368421052631637e-01
1.047619047619047672e+00
4.285714285714285476e-01
8.571428571428570953e-01
1.136363636363636465e+00
6.666666666666666297e-01
6.111111111111111605e-01
6.470588235294117974e-01
1.583333333333333259e+00
1.357142857142857206e+00
4.117647058823529216e-01
1.062500000000000000e+00
1.125000000000000000e+00
8.000000000000000444e-01
7.500000000000000000e-01
3.157894736842105088e-01
1.181818181818181879e+00
1.454545454545454586e+00
1.375000000000000000e+00
1.312500000000000000e+00
1.230769230769230838e+00
6.315789473684210176e-01
1.058823529411764719e+00
9.230769230769231282e-01
1.000000000000000000e+00
7.142857142857142461e-02
6.666666666666666297e-01
1.000000000000000000e+00
6.250000000000000000e-01
1.363636363636363535e+00
5.000000000000000000e-01
5.999999999999999778e-01
1.000000000000000000e+00
1.833333333333333259e+00
5.000000000000000000e-01
1.461538461538461453e+00
1.250000000000000000e+00
1.333333333333333259e+00
5.000000000000000000e-01
6.666666666666666297e-01
5.714285714285713969e-01
7.777777777777777901e-01
1.000000000000000000e+00
2.000000000000000000e+00
1.214285714285714191e+00
1.125000000000000000e+00
5.000000000000000000e-01
1.333333333333333259e+00
1.461538461538461453e+00
4.000000000000000222e-01
1.111111111111111160e+00
0.000000000000000000e+00
1.000000000000000000e+00
4.000000000000000222e-01
1.600000000000000089e+00
1.399999999999999911e+00
1.000000000000000000e+00
1.500000000000000000e+00
1.250000000000000000e+00
8.571428571428570953e-01
7.142857142857143016e-01
2.857142857142856984e-01
1.199999999999999956e+00
1.000000000000000000e+00
0.000000000000000000e+00
3.333333333333333148e-01
5.999999999999999778e-01
6.666666666666666297e-01
2.857142857142856984e-01
1.000000000000000000e+00
1.000000000000000000e+00
7.500000000000000000e-01
1.000000000000000000e+00
1.199999999999999956e+00
nan
2.000000000000000000e+00
3.333333333333333148e-01
1.714285714285714191e+00
0.000000000000000000e+00
0.000000000000000000e+00
2.000000000000000000e+00
0.000000000000000000e+00
2.000000000000000111e-01
2.250000000000000000e+00
5.999999999999999778e-01
0.000000000000000000e+00
1.333333333333333259e+00
0.000000000000000000e+00
1.666666666666666741e+00
0.000000000000000000e+00
1.000000000000000000e+00
1.666666666666666741e+00
5.000000000000000000e-01
5.999999999999999778e-01
7.500000000000000000e-01
3.500000000000000000e+00
1.500000000000000000e+00
1.000000000000000000e+00
nan
1.428571428571428603e+00
0.000000000000000000e+00
0.000000000000000000e+00
0.000000000000000000e+00
1.500000000000000000e+00
nan
1.500000000000000000e+00
0.000000000000000000e+00
0.000000000000000000e+00
nan
3.333333333333333148e-01
1.000000000000000000e+00
0.000000000000000000e+00
0.000000000000000000e+00
