1.839195979899497457e+00
8.556701030927834628e-01
1.147058823529411686e+00
6.315789473684210176e-01
1.156862745098039325e+00
1.194805194805194759e+00
9.772727272727272929e-01
1.028169014084507005e+00
1.125000000000000000e+00
8.243243243243243423e-01
1.377777777777777768e+00
7.916666666666666297e-01
1.125000000000000000e+00
7.972972972972972583e-01
1.385964912280701844e+00
8.421052631578946901e-01
1.000000000000000000e+00
9.538461538461538991e-01
6.984126984126983739e-01
1.025316455696202445e+00
7.096774193548387455e-01
9.375000000000000000e-01
9.622641509433962348e-01
8.666666666666666963e-01
1.101694915254237239e+00
9.666666666666666741e-01
8.979591836734693855e-01
7.115384615384615641e-01
8.837209302325581550e-01
1.119402985074626766e+00
3.404255319148936088e-01
6.511627906976744651e-01
1.027027027027026973e+00
1.344827586206896575e+00
8.000000000000000444e-01
8.888888888888888395e-01
6.341463414634146423e-01
9.142857142857142572e-01
1.023255813953488413e+00
8.181818181818182323e-01
8.857142857142856762e-01
8.333333333333333703e-01
8.928571428571429047e-01
1.312500000000000000e+00
7.142857142857143016e-01
7.333333333333332815e-01
8.571428571428570953e-01
8.787878787878787845e-01
1.035714285714285809e+00
1.250000000000000000e+00
1.344827586206896575e+00
1.407407407407407440e+00
9.487179487179486781e-01
6.052631578947368363e-01
9.130434782608695121e-01
1.058823529411764719e+00
8.333333333333333703e-01
1.214285714285714191e+00
1.312500000000000000e+00
1.038461538461538547e+00
9.565217391304348116e-01
1.142857142857142794e+00
3.125000000000000000e-01
7.931034482758620996e-01
1.153846153846153744e+00
1.142857142857142794e+00
1.190476190476190466e+00
5.416666666666666297e-01
6.818181818181817677e-01
1.000000000000000000e+00
1.000000000000000000e+00
7.142857142857143016e-01
1.344827586206896575e+00
6.999999999999999556e-01
6.190476190476190688e-01
1.000000000000000000e+00
7.600000000000000089e-01
7.368421052631578538e-01
9.545454545454545858e-01
7.826086956521739468e-01
1.666666666666666741e+00
7.222222222222222099e-01
1.666666666666666741e+00
1.277777777777777679e+00
1.269230769230769162e+00
7.812500000000000000e-01
4.583333333333333148e-01
9.615384615384615641e-01
7.857142857142856984e-01
5.909090909090909394e-01
1.157894736842105310e+00
1.050000000000000044e+00
1.083333333333333259e+00
7.333333333333332815e-01
8.181818181818182323e-01
1.263157894736842035e+00
1.466666666666666563e+00
4.705882352941176405e-01
1.000000000000000000e+00
1.181818181818181879e+00
4.736842105263157632e-01
7.142857142857143016e-01
6.086956521739130821e-01
5.000000000000000000e-01
1.000000000000000000e+00
8.823529411764705621e-01
1.388888888888888840e+00
1.769230769230769162e+00
1.000000000000000000e+00
1.588235294117646967e+00
1.117647058823529438e+00
1.904761904761904656e-01
1.166666666666666741e+00
8.461538461538461453e-01
7.826086956521739468e-01
7.500000000000000000e-01
1.529411764705882248e+00
1.000000000000000000e+00
1.250000000000000000e+00
1.090909090909090828e+00
6.428571428571429047e-01
1.062500000000000000e+00
6.500000000000000222e-01
7.777777777777777901e-01
5.714285714285713969e-01
5.789473684210526550e-01
8.333333333333333703e-01
4.444444444444444198e-01
1.000000000000000000e+00
1.000000000000000000e+00
1.625000000000000000e+00
4.285714285714285476e-01
5.000000000000000000e-01
1.199999999999999956e+00
1.285714285714285809e+00
6.666666666666666297e-01
5.000000000000000000e-01
6.363636363636363535e-01
1.300000000000000044e+00
8.333333333333333703e-01
1.750000000000000000e+00
1.000000000000000000e+00
5.000000000000000000e-01
1.100000000000000089e+00
1.699999999999999956e+00
1.333333333333333259e+00
1.199999999999999956e+00
2.500000000000000000e-01
0.000000000000000000e+00
8.333333333333333703e-01
1.428571428571428492e-01
7.500000000000000000e-01
4.000000000000000000e+00
1.000000000000000000e+00
7.500000000000000000e-01
0.000000000000000000e+00
5.000000000000000000e-01
1.399999999999999911e+00
1.199999999999999956e+00
1.166666666666666741e+00
1.500000000000000000e+00
0.000000000000000000e+00
2.000000000000000000e+00
0.000000000000000000e+00
5.000000000000000000e-01
1.000000000000000000e+00
0.000000000000000000e+00
5.000000000000000000e-01
1.500000000000000000e+00
5.000000000000000000e-01
3.333333333333333148e-01
3.000000000000000000e+00
0.000000000000000000e+00
1.250000000000000000e+00
1.000000000000000000e+00
0.000000000000000000e+00
0.000000000000000000e+00
nan
1.500000000000000000e+00
1.000000000000000000e+00
0.000000000000000000e+00
0.000000000000000000e+00
0.000000000000000000e+00
3.000000000000000000e+00
nan
3.000000000000000000e+00
nan
2.000000000000000000e+00
nan
1.000000000000000000e+00
0.000000000000000000e+00
0.000000000000000000e+00
0.000000000000000000e+00
0.000000000000000000e+00
nan
nan
nan
nan
nan
nan
