1.913513513513513509e+00
9.764705882352940902e-01
1.259259259259259300e+00
7.837837837837837718e-01
9.090909090909090606e-01
9.454545454545454364e-01
9.242424242424241987e-01
1.280000000000000027e+00
8.000000000000000444e-01
8.028169014084507449e-01
8.923076923076923572e-01
1.063829787234042534e+00
1.222222222222222321e+00
1.015384615384615330e+00
9.436619718309858795e-01
7.031250000000000000e-01
6.721311475409835756e-01
1.352112676056338003e+00
6.065573770491803351e-01
5.897435897435897578e-01
5.593220338983050377e-01
1.129629629629629539e+00
7.878787878787878451e-01
1.071428571428571397e+00
1.088888888888888795e+00
1.027027027027026973e+00
7.948717948717948234e-01
8.055555555555555802e-01
8.461538461538461453e-01
7.966101694915254106e-01
7.021276595744680993e-01
1.108108108108108114e+00
9.696969696969697239e-01
7.179487179487179516e-01
7.272727272727272929e-01
9.062500000000000000e-01
8.846153846153845812e-01
8.000000000000000444e-01
1.269230769230769162e+00
1.041666666666666741e+00
7.931034482758620996e-01
7.142857142857143016e-01
9.583333333333333703e-01
1.111111111111111160e+00
1.208333333333333259e+00
1.250000000000000000e+00
9.583333333333333703e-01
1.076923076923076872e+00
1.074074074074074181e+00
1.285714285714285809e+00
1.205882352941176405e+00
7.916666666666666297e-01
8.484848484848485084e-01
9.117647058823529216e-01
9.062500000000000000e-01
1.258064516129032251e+00
9.062500000000000000e-01
5.217391304347825942e-01
7.391304347826086474e-01
9.411764705882352811e-01
7.666666666666667185e-01
1.199999999999999956e+00
7.857142857142856984e-01
1.000000000000000000e+00
7.037037037037037202e-01
6.842105263157894912e-01
1.818181818181818121e+00
7.826086956521739468e-01
1.043478260869565188e+00
6.086956521739130821e-01
1.687500000000000000e+00
6.500000000000000222e-01
7.241379310344827624e-01
1.199999999999999956e+00
1.105263157894736947e+00
8.000000000000000444e-01
1.423076923076923128e+00
6.896551724137931494e-01
4.444444444444444198e-01
1.045454545454545414e+00
9.473684210526315264e-01
4.705882352941176405e-01
7.692307692307692735e-01
9.130434782608695121e-01
1.181818181818181879e+00
3.846153846153846367e-01
1.090909090909090828e+00
8.823529411764705621e-01
1.000000000000000000e+00
9.375000000000000000e-01
6.666666666666666297e-01
1.571428571428571397e+00
6.666666666666666297e-01
9.230769230769231282e-01
1.000000000000000000e+00
1.058823529411764719e+00
1.545454545454545414e+00
2.857142857142856984e-01
1.076923076923076872e+00
6.999999999999999556e-01
7.692307692307692735e-01
8.000000000000000444e-01
1.000000000000000000e+00
9.444444444444444198e-01
7.500000000000000000e-01
9.285714285714286031e-01
1.199999999999999956e+00
6.923076923076922906e-01
5.833333333333333703e-01
1.142857142857142794e+00
2.857142857142856984e-01
5.999999999999999778e-01
3.600000000000000089e+00
1.000000000000000000e+00
1.111111111111111160e+00
5.999999999999999778e-01
5.000000000000000000e-01
9.000000000000000222e-01
5.000000000000000000e-01
5.000000000000000000e-01
1.666666666666666741e+00
1.222222222222222321e+00
1.375000000000000000e+00
5.833333333333333703e-01
2.666666666666666519e+00
1.571428571428571397e+00
1.636363636363636465e+00
1.000000000000000000e+00
1.000000000000000000e+00
1.375000000000000000e+00
6.428571428571429047e-01
1.000000000000000000e+00
3.333333333333333148e-01
1.153846153846153744e+00
1.199999999999999956e+00
1.333333333333333259e+00
1.000000000000000000e+00
1.166666666666666741e+00
1.071428571428571397e+00
6.666666666666666297e-01
8.888888888888888395e-01
3.750000000000000000e-01
6.999999999999999556e-01
5.000000000000000000e-01
1.250000000000000000e+00
nan
2.000000000000000000e+00
5.000000000000000000e-01
4.000000000000000222e-01
3.750000000000000000e-01
0.000000000000000000e+00
1.666666666666666574e-01
1.000000000000000000e+00
0.000000000000000000e+00
0.000000000000000000e+00
2.000000000000000000e+00
nan
nan
0.000000000000000000e+00
0.000000000000000000e+00
nan
nan
nan
nan
nan
nan
nan
nan
nan
nan
nan
nan
nan
nan
nan
nan
nan
nan
nan
nan
nan
nan
nan
nan
nan
nan
nan
nan
nan
nan
nan
nan
nan
nan
nan
nan
nan
nan
nan
nan
