2.184782608695652328e+00
1.080000000000000071e+00
8.214285714285713969e-01
8.923076923076923572e-01
1.100000000000000089e+00
7.500000000000000000e-01
1.051282051282051322e+00
9.710144927536231707e-01
8.703703703703703498e-01
8.684210526315789824e-01
9.152542372881355970e-01
7.397260273972602329e-01
6.428571428571429047e-01
1.311475409836065475e+00
1.015873015873015817e+00
8.676470588235294379e-01
1.094339622641509413e+00
9.200000000000000400e-01
1.345454545454545459e+00
7.551020408163264808e-01
1.145161290322580738e+00
9.818181818181818121e-01
5.679012345679012030e-01
1.177419354838709742e+00
9.333333333333333481e-01
9.399999999999999467e-01
9.218750000000000000e-01
1.403846153846153744e+00
1.191489361702127603e+00
1.064516129032258007e+00
6.226415094339622369e-01
6.379310344827586743e-01
7.500000000000000000e-01
8.153846153846153744e-01
7.272727272727272929e-01
5.384615384615384359e-01
1.031250000000000000e+00
7.435897435897436125e-01
5.999999999999999778e-01
9.024390243902439268e-01
7.500000000000000000e-01
7.777777777777777901e-01
9.000000000000000222e-01
4.375000000000000000e-01
5.769230769230768718e-01
8.148148148148147696e-01
6.842105263157894912e-01
5.714285714285713969e-01
6.500000000000000222e-01
1.190476190476190466e+00
2.117647058823529438e+00
8.947368421052631637e-01
1.176470588235294157e+00
1.125000000000000000e+00
1.454545454545454586e+00
6.818181818181817677e-01
9.444444444444444198e-01
1.142857142857142794e+00
1.153846153846153744e+00
1.451612903225806495e+00
7.142857142857143016e-01
1.263157894736842035e+00
1.125000000000000000e+00
7.333333333333332815e-01
1.500000000000000000e+00
1.055555555555555580e+00
8.928571428571429047e-01
1.225806451612903247e+00
5.806451612903226200e-01
6.250000000000000000e-01
1.269230769230769162e+00
1.290322580645161255e+00
9.583333333333333703e-01
7.894736842105263275e-01
1.192307692307692291e+00
8.064516129032257563e-01
1.083333333333333259e+00
1.250000000000000000e+00
5.999999999999999778e-01
4.814814814814814548e-01
1.699999999999999956e+00
5.000000000000000000e-01
9.583333333333333703e-01
8.947368421052631637e-01
9.545454545454545858e-01
1.000000000000000000e+00
1.321428571428571397e+00
5.909090909090909394e-01
1.312500000000000000e+00
1.000000000000000000e+00
9.090909090909090606e-01
7.187500000000000000e-01
1.047619047619047672e+00
5.200000000000000178e-01
4.000000000000000222e-01
9.499999999999999556e-01
1.000000000000000000e+00
1.000000000000000000e+00
1.277777777777777679e+00
1.071428571428571397e+00
1.000000000000000000e+00
9.130434782608695121e-01
1.333333333333333259e+00
1.263157894736842035e+00
6.875000000000000000e-01
1.250000000000000000e+00
9.473684210526315264e-01
1.086956521739130377e+00
9.285714285714286031e-01
6.551724137931034253e-01
1.285714285714285809e+00
1.035714285714285809e+00
9.166666666666666297e-01
1.055555555555555580e+00
1.000000000000000000e+00
1.199999999999999956e+00
8.461538461538461453e-01
8.000000000000000444e-01
1.000000000000000000e+00
1.000000000000000000e+00
1.000000000000000000e+00
3.636363636363636465e-01
6.470588235294117974e-01
5.000000000000000000e-01
1.000000000000000000e+00
7.857142857142856984e-01
6.999999999999999556e-01
7.333333333333332815e-01
7.500000000000000000e-01
1.250000000000000000e+00
3.333333333333333148e-01
8.750000000000000000e-01
1.375000000000000000e+00
1.416666666666666741e+00
1.750000000000000000e+00
2.500000000000000000e+00
9.230769230769231282e-01
5.833333333333333703e-01
2.600000000000000089e+00
5.333333333333333259e-01
1.000000000000000000e+00
9.166666666666666297e-01
1.333333333333333259e+00
8.181818181818182323e-01
7.500000000000000000e-01
9.090909090909090606e-01
6.666666666666666297e-01
1.187500000000000000e+00
9.000000000000000222e-01
0.000000000000000000e+00
1.437500000000000000e+00
9.230769230769231282e-01
1.714285714285714191e+00
0.000000000000000000e+00
6.428571428571429047e-01
5.000000000000000000e-01
0.000000000000000000e+00
6.999999999999999556e-01
2.200000000000000178e+00
1.166666666666666741e+00
3.333333333333333148e-01
1.166666666666666741e+00
1.750000000000000000e+00
5.000000000000000000e-01
1.000000000000000000e+00
8.000000000000000444e-01
1.000000000000000000e+00
4.285714285714285476e-01
6.250000000000000000e-01
6.666666666666666297e-01
2.500000000000000000e+00
0.000000000000000000e+00
1.666666666666666741e+00
2.666666666666666519e+00
1.222222222222222321e+00
1.111111111111111049e-01
1.428571428571428492e-01
1.500000000000000000e+00
1.571428571428571397e+00
2.000000000000000000e+00
1.000000000000000000e+00
2.500000000000000000e+00
3.333333333333333148e-01
5.000000000000000000e-01
2.500000000000000000e-01
6.666666666666666297e-01
1.285714285714285809e+00
1.000000000000000000e+00
6.250000000000000000e-01
4.000000000000000222e-01
2.600000000000000089e+00
1.333333333333333259e+00
5.000000000000000000e-01
1.428571428571428492e-01
2.000000000000000000e+00
1.666666666666666574e-01
2.500000000000000000e-01
0.000000000000000000e+00
0.000000000000000000e+00
0.000000000000000000e+00
