2.061224489795918213e+00
9.868421052631578538e-01
8.591549295774647543e-01
1.192307692307692291e+00
9.428571428571428381e-01
9.178082191780821963e-01
8.904109589041095951e-01
1.160714285714285809e+00
6.666666666666666297e-01
1.072463768115942129e+00
9.324324324324324564e-01
1.050000000000000044e+00
1.090909090909090828e+00
1.136363636363636465e+00
5.999999999999999778e-01
4.430379746835442778e-01
7.746478873239436291e-01
9.649122807017543879e-01
8.043478260869565410e-01
1.224489795918367374e+00
1.256410256410256387e+00
6.304347826086956763e-01
1.067796610169491567e+00
9.090909090909090606e-01
1.064516129032258007e+00
1.000000000000000000e+00
9.148936170212765839e-01
7.777777777777777901e-01
8.809523809523809312e-01
9.387755102040816757e-01
9.661016949152542166e-01
1.045454545454545414e+00
1.268292682926829285e+00
8.000000000000000444e-01
9.259259259259259300e-01
8.000000000000000444e-01
1.131578947368421018e+00
9.047619047619047672e-01
7.333333333333332815e-01
9.354838709677418818e-01
8.125000000000000000e-01
8.372093023255814392e-01
7.073170731707316694e-01
9.772727272727272929e-01
8.928571428571429047e-01
8.823529411764705621e-01
8.800000000000000044e-01
8.787878787878787845e-01
1.133333333333333304e+00
1.153846153846153744e+00
7.647058823529411242e-01
1.541666666666666741e+00
1.030303030303030276e+00
1.307692307692307709e+00
1.241379310344827624e+00
8.249999999999999556e-01
8.055555555555555802e-01
1.305555555555555580e+00
1.085714285714285632e+00
6.562500000000000000e-01
8.292682926829267887e-01
9.000000000000000222e-01
5.151515151515151381e-01
8.648648648648649129e-01
6.363636363636363535e-01
1.380952380952380931e+00
8.750000000000000000e-01
8.421052631578946901e-01
8.399999999999999689e-01
1.695652173913043459e+00
7.826086956521739468e-01
4.000000000000000222e-01
1.080000000000000071e+00
1.428571428571428603e+00
1.250000000000000000e+00
5.238095238095238360e-01
1.142857142857142794e+00
1.449999999999999956e+00
1.521739130434782705e+00
9.677419354838709964e-01
9.230769230769231282e-01
1.239999999999999991e+00
1.310344827586206851e+00
6.388888888888888395e-01
9.756097560975609539e-01
1.045454545454545414e+00
6.562500000000000000e-01
6.206896551724138122e-01
1.451612903225806495e+00
1.000000000000000000e+00
1.699999999999999956e+00
1.482758620689655249e+00
1.439999999999999947e+00
7.105263157894736725e-01
1.413043478260869623e+00
6.363636363636363535e-01
9.069767441860464574e-01
1.021739130434782705e+00
5.277777777777777901e-01
5.454545454545454142e-01
5.862068965517240882e-01
5.416666666666666297e-01
1.038461538461538547e+00
5.925925925925925597e-01
7.647058823529411242e-01
1.933333333333333348e+00
1.391304347826086918e+00
8.095238095238095344e-01
1.000000000000000000e+00
8.421052631578946901e-01
1.083333333333333259e+00
5.200000000000000178e-01
7.931034482758620996e-01
8.571428571428570953e-01
7.272727272727272929e-01
8.571428571428570953e-01
8.823529411764705621e-01
1.199999999999999956e+00
1.043478260869565188e+00
5.454545454545454142e-01
5.384615384615384359e-01
1.130434782608695565e+00
7.272727272727272929e-01
6.923076923076922906e-01
2.352941176470588203e-01
5.384615384615384359e-01
1.600000000000000089e+00
1.000000000000000000e+00
1.000000000000000000e+00
1.571428571428571397e+00
3.076923076923077094e-01
1.000000000000000000e+00
1.428571428571428492e-01
2.000000000000000000e+00
9.090909090909090606e-01
2.000000000000000111e-01
1.666666666666666741e+00
1.000000000000000000e+00
1.000000000000000000e+00
5.000000000000000000e-01
6.250000000000000000e-01
7.500000000000000000e-01
7.500000000000000000e-01
5.999999999999999778e-01
1.000000000000000000e+00
1.111111111111111160e+00
5.000000000000000000e-01
1.000000000000000000e+00
1.000000000000000000e+00
6.666666666666666297e-01
3.333333333333333148e-01
6.666666666666666297e-01
1.750000000000000000e+00
0.000000000000000000e+00
3.333333333333333481e+00
0.000000000000000000e+00
nan
2.000000000000000000e+00
2.571428571428571619e+00
1.000000000000000000e+00
2.750000000000000000e+00
1.133333333333333304e+00
6.923076923076922906e-01
1.076923076923076872e+00
1.466666666666666563e+00
2.222222222222222099e-01
2.799999999999999822e+00
5.000000000000000000e-01
1.125000000000000000e+00
4.545454545454545303e-01
1.285714285714285809e+00
6.153846153846154188e-01
6.666666666666666297e-01
4.000000000000000222e-01
1.833333333333333259e+00
6.250000000000000000e-01
1.750000000000000000e+00
1.428571428571428492e-01
5.999999999999999778e-01
1.000000000000000000e+00
1.250000000000000000e+00
0.000000000000000000e+00
2.666666666666666519e+00
1.333333333333333259e+00
1.500000000000000000e+00
8.000000000000000444e-01
1.428571428571428603e+00
1.285714285714285809e+00
0.000000000000000000e+00
2.500000000000000000e+00
8.333333333333333703e-01
6.666666666666666297e-01
8.181818181818182323e-01
9.090909090909091161e-02
1.399999999999999911e+00
1.000000000000000000e+00
1.000000000000000000e+00
2.222222222222222099e-01
0.000000000000000000e+00
0.000000000000000000e+00
