2.000000000000000000e+00
1.022222222222222143e+00
6.865671641791044610e-01
9.850746268656715987e-01
1.290322580645161255e+00
8.208955223880597396e-01
1.180555555555555580e+00
1.080645161290322509e+00
8.750000000000000000e-01
7.272727272727272929e-01
1.014492753623188470e+00
1.046875000000000000e+00
9.000000000000000222e-01
1.215686274509803821e+00
8.133333333333333526e-01
1.000000000000000000e+00
7.857142857142856984e-01
9.117647058823529216e-01
8.367346938775510612e-01
8.524590163934425702e-01
7.118644067796610075e-01
8.867924528301887044e-01
8.813559322033898136e-01
1.000000000000000000e+00
8.163265306122449161e-01
8.775510204081632404e-01
1.063829787234042534e+00
9.499999999999999556e-01
7.804878048780488076e-01
9.111111111111110938e-01
1.065217391304347894e+00
1.078947368421052655e+00
1.025641025641025550e+00
4.166666666666666852e-01
6.774193548387096309e-01
9.069767441860464574e-01
5.675675675675675436e-01
9.117647058823529216e-01
6.956521739130434590e-01
8.529411764705882026e-01
6.333333333333333037e-01
8.000000000000000444e-01
1.384615384615384581e+00
1.000000000000000000e+00
8.888888888888888395e-01
5.714285714285713969e-01
1.000000000000000000e+00
1.217391304347826164e+00
1.058823529411764719e+00
8.888888888888888395e-01
7.333333333333332815e-01
1.812500000000000000e+00
9.166666666666666297e-01
1.250000000000000000e+00
1.047619047619047672e+00
8.333333333333333703e-01
3.529411764705882582e-01
1.590909090909090828e+00
1.285714285714285809e+00
1.407407407407407440e+00
7.142857142857143016e-01
7.500000000000000000e-01
1.399999999999999911e+00
9.354838709677418818e-01
1.000000000000000000e+00
5.000000000000000000e-01
6.666666666666666297e-01
8.571428571428570953e-01
6.896551724137931494e-01
1.687500000000000000e+00
1.133333333333333304e+00
7.500000000000000000e-01
9.583333333333333703e-01
1.000000000000000000e+00
7.222222222222222099e-01
1.181818181818181879e+00
1.666666666666666741e+00
5.999999999999999778e-01
5.925925925925925597e-01
1.000000000000000000e+00
1.428571428571428603e+00
7.857142857142856984e-01
7.826086956521739468e-01
7.058823529411765163e-01
1.399999999999999911e+00
9.047619047619047672e-01
1.000000000000000000e+00
7.727272727272727071e-01
5.000000000000000000e-01
8.571428571428570953e-01
1.263157894736842035e+00
5.999999999999999778e-01
4.444444444444444198e-01
9.473684210526315264e-01
1.000000000000000000e+00
1.333333333333333259e+00
1.300000000000000044e+00
7.647058823529411242e-01
2.333333333333333481e+00
4.444444444444444198e-01
1.000000000000000000e+00
1.235294117647058876e+00
1.076923076923076872e+00
1.062500000000000000e+00
7.777777777777777901e-01
2.000000000000000111e-01
1.000000000000000000e+00
5.833333333333333703e-01
1.312500000000000000e+00
7.333333333333332815e-01
1.714285714285714191e+00
6.923076923076922906e-01
1.000000000000000000e+00
1.190476190476190466e+00
8.888888888888888395e-01
4.166666666666666852e-01
5.625000000000000000e-01
5.555555555555555802e-01
1.166666666666666741e+00
0.000000000000000000e+00
1.000000000000000000e+00
1.166666666666666741e+00
7.272727272727272929e-01
1.000000000000000000e+00
5.000000000000000000e-01
2.500000000000000000e+00
7.500000000000000000e-01
3.750000000000000000e-01
8.000000000000000444e-01
1.666666666666666574e-01
1.000000000000000000e+00
7.500000000000000000e-01
2.000000000000000000e+00
0.000000000000000000e+00
6.666666666666666297e-01
1.166666666666666741e+00
1.000000000000000000e+00
5.000000000000000000e-01
2.500000000000000000e+00
5.000000000000000000e-01
1.399999999999999911e+00
1.666666666666666741e+00
nan
1.000000000000000000e+00
6.666666666666666297e-01
1.100000000000000089e+00
1.000000000000000000e+00
1.000000000000000000e+00
2.000000000000000000e+00
6.666666666666666297e-01
2.000000000000000000e+00
0.000000000000000000e+00
1.899999999999999911e+00
1.666666666666666741e+00
8.181818181818182323e-01
1.428571428571428492e-01
1.000000000000000000e+00
2.000000000000000000e+00
2.500000000000000000e-01
1.666666666666666741e+00
2.500000000000000000e-01
1.199999999999999956e+00
1.600000000000000089e+00
1.125000000000000000e+00
7.500000000000000000e-01
5.000000000000000000e-01
5.000000000000000000e-01
7.142857142857143016e-01
1.000000000000000000e+00
4.000000000000000222e-01
2.000000000000000111e-01
7.500000000000000000e-01
1.428571428571428603e+00
1.500000000000000000e+00
1.333333333333333259e+00
0.000000000000000000e+00
6.666666666666666297e-01
0.000000000000000000e+00
1.000000000000000000e+00
1.000000000000000000e+00
5.000000000000000000e-01
0.000000000000000000e+00
0.000000000000000000e+00
0.000000000000000000e+00
nan
nan
nan
nan
nan
nan
nan
nan
nan
nan
nan
nan
nan
nan
nan
nan
