2.153543307086614345e+00
9.574468085106383475e-01
1.337499999999999911e+00
1.219780219780219888e+00
1.113043478260869579e+00
1.066666666666666652e+00
1.223300970873786309e+00
1.135593220338983134e+00
1.058394160583941535e+00
9.076923076923076872e-01
1.076923076923076872e+00
9.000000000000000222e-01
8.540145985401459416e-01
1.009009009009008917e+00
1.151999999999999913e+00
1.252100840336134446e+00
9.469696969696970168e-01
9.250000000000000444e-01
1.264000000000000012e+00
1.099236641221374100e+00
1.262068965517241459e+00
9.078947368421053099e-01
1.052980132450331174e+00
1.014285714285714235e+00
1.062068965517241281e+00
1.130718954248365993e+00
9.178082191780821963e-01
1.000000000000000000e+00
9.919354838709677491e-01
1.071005917159763232e+00
1.073446327683615920e+00
1.125000000000000000e+00
1.295180722891566161e+00
1.204188481675392719e+00
1.067073170731707377e+00
1.000000000000000000e+00
1.021505376344086002e+00
1.005464480874316946e+00
1.033333333333333437e+00
9.690721649484536071e-01
1.020833333333333259e+00
1.125000000000000000e+00
1.170616113744075815e+00
1.014634146341463428e+00
1.105504587155963225e+00
9.029126213592233441e-01
1.308080808080808177e+00
1.262443438914027105e+00
1.189873417721518889e+00
9.000000000000000222e-01
1.062500000000000000e+00
1.053497942386831365e+00
9.844961240310077244e-01
1.176470588235294157e+00
1.098290598290598385e+00
8.851851851851851860e-01
8.484848484848485084e-01
1.168582375478927293e+00
1.053956834532374209e+00
9.841269841269840724e-01
1.137499999999999956e+00
1.091911764705882248e+00
1.178832116788321116e+00
1.163120567375886427e+00
1.126245847176079673e+00
9.496644295302013594e-01
1.108108108108108114e+00
1.107382550335570537e+00
1.096885813148788857e+00
1.195195195195195126e+00
1.060975609756097615e+00
1.178571428571428603e+00
1.042253521126760507e+00
1.000000000000000000e+00
1.024258760107816801e+00
1.287917737789203043e+00
1.125340599455040946e+00
1.033163265306122458e+00
1.222222222222222321e+00
1.135999999999999899e+00
1.190476190476190466e+00
1.320960698689956248e+00
1.199556541019955569e+00
1.149905123339658441e+00
1.332677165354330784e+00
1.246628131021194630e+00
1.114529914529914567e+00
1.249152542372881314e+00
1.182579564489112167e+00
1.172920065252854860e+00
1.178736517719568555e+00
1.190684133915574927e+00
1.148936170212766061e+00
1.322443181818181879e+00
1.359748427672955895e+00
1.250314465408804976e+00
1.330588235294117627e+00
1.299681190223166860e+00
1.494197292069632477e+00
1.235510579576816870e+00
1.334479793637145306e+00
1.354757929883138479e+00
1.335209003215434009e+00
1.287050359712230252e+00
1.380507343124165454e+00
1.368821292775665333e+00
1.363744075829383950e+00
1.396174863387978249e+00
1.416054564533053561e+00
1.382297551789077206e+00
1.258921161825726109e+00
1.321593291404612236e+00
1.408906882591093090e+00
1.389348686577905667e+00
1.316554054054054124e+00
1.411041009463722462e+00
1.349843438656419092e+00
1.389972899728997291e+00
1.381046396841066226e+00
1.425149700598802305e+00
1.372870528109028987e+00
1.335963700927204512e+00
1.379749170047952722e+00
1.378122889939230156e+00
1.366076970825574222e+00
1.378642191142191109e+00
1.379676929449123346e+00
1.363944298080542072e+00
1.345475504322766636e+00
1.353529859675840274e+00
1.361048765558049434e+00
1.362980541053630645e+00
1.371781305114638361e+00
1.385196006817628334e+00
1.383802816901408494e+00
1.348203655718187566e+00
1.366476139837830672e+00
1.393697891123099497e+00
1.370173854143147407e+00
1.346671593728554051e+00
1.353991391117198129e+00
1.340711390444960571e+00
1.334207742754389692e+00
1.331383782923529990e+00
1.307907627711686560e+00
1.342592592592592560e+00
1.339246981125967073e+00
1.340789634519007567e+00
1.330067413162705714e+00
1.318455874506456071e+00
1.322449987651271863e+00
1.317114641077001824e+00
1.300311742293037698e+00
1.289265306122449051e+00
1.272274658311066675e+00
1.281084977921960855e+00
1.283926984344021305e+00
1.261966899547745991e+00
1.259932567887734667e+00
1.241180695202527939e+00
1.231797373153850295e+00
1.218189559517972809e+00
1.212656854769124548e+00
1.204569519282806755e+00
1.186947126747248227e+00
1.179691676110244059e+00
1.176535887921553281e+00
1.151859165831439658e+00
1.141269309866564718e+00
1.120519485324724673e+00
1.112261311048209578e+00
1.104856637229859828e+00
1.092150228675383028e+00
1.065643911331607407e+00
1.053951485108284958e+00
1.035734352174401574e+00
1.026013596397508554e+00
1.013188127537691496e+00
9.987082401899737283e-01
9.843515457903947441e-01
9.668071368148200007e-01
9.539503280951864284e-01
9.432998148278367578e-01
9.306995430912241574e-01
9.152742142398974101e-01
8.981645703500008571e-01
8.822724048628408644e-01
8.707485874509737211e-01
8.564944681592473463e-01
8.415233083113301538e-01
8.140994733328388300e-01
7.913578239620494559e-01
7.363665281615936475e-01
6.781496062992126150e-01
5.822512460671849244e-01
4.691283568502503387e-01
3.230725142986781706e-01
1.731497979772630424e-01
5.597211260194685789e-02
0.000000000000000000e+00
