1.953271028037383283e+00
7.469879518072288782e-01
8.641975308641974829e-01
1.061728395061728447e+00
5.245901639344262568e-01
9.333333333333333481e-01
7.288135593220338437e-01
1.127272727272727204e+00
9.545454545454545858e-01
1.212765957446808596e+00
1.238095238095238138e+00
1.185185185185185119e+00
1.048387096774193505e+00
1.120689655172413701e+00
9.305555555555555802e-01
1.034482758620689724e+00
9.838709677419354982e-01
9.090909090909090606e-01
9.102564102564102422e-01
7.333333333333332815e-01
9.552238805970149071e-01
9.404761904761904656e-01
6.226415094339622369e-01
1.264705882352941124e+00
1.028985507246376718e+00
7.906976744186046124e-01
9.423076923076922906e-01
6.666666666666666297e-01
8.913043478260869179e-01
1.078431372549019551e+00
1.000000000000000000e+00
7.083333333333333703e-01
1.075471698113207530e+00
1.096153846153846256e+00
8.750000000000000000e-01
1.230769230769230838e+00
9.761904761904761640e-01
9.347826086956522174e-01
6.756756756756756577e-01
1.055555555555555580e+00
1.156862745098039325e+00
8.750000000000000000e-01
8.048780487804878536e-01
1.187500000000000000e+00
9.148936170212765839e-01
1.590909090909090828e+00
9.090909090909090606e-01
1.553191489361702038e+00
9.322033898305084332e-01
1.020833333333333259e+00
1.094339622641509413e+00
1.259259259259259300e+00
9.821428571428570953e-01
8.656716417910447214e-01
1.031250000000000000e+00
7.721518987341772222e-01
8.095238095238095344e-01
8.730158730158730229e-01
7.794117647058823595e-01
7.500000000000000000e-01
6.956521739130434590e-01
8.541666666666666297e-01
7.727272727272727071e-01
1.026315789473684292e+00
7.450980392156862919e-01
1.000000000000000000e+00
1.382352941176470562e+00
7.333333333333332815e-01
7.272727272727272929e-01
7.941176470588234837e-01
6.774193548387096309e-01
8.571428571428570953e-01
1.146341463414634054e+00
1.416666666666666741e+00
7.380952380952381375e-01
1.040000000000000036e+00
4.285714285714285476e-01
7.575757575757575690e-01
1.090909090909090828e+00
1.227272727272727293e+00
8.571428571428570953e-01
8.461538461538461453e-01
8.125000000000000000e-01
1.000000000000000000e+00
1.000000000000000000e+00
1.157894736842105310e+00
1.529411764705882248e+00
1.300000000000000044e+00
1.142857142857142794e+00
8.181818181818182323e-01
1.066666666666666652e+00
1.222222222222222321e+00
1.117647058823529438e+00
1.000000000000000000e+00
9.200000000000000400e-01
5.000000000000000000e-01
1.120000000000000107e+00
9.583333333333333703e-01
1.185185185185185119e+00
7.647058823529411242e-01
7.500000000000000000e-01
7.391304347826086474e-01
8.947368421052631637e-01
8.750000000000000000e-01
1.312500000000000000e+00
6.315789473684210176e-01
1.115384615384615419e+00
1.000000000000000000e+00
1.260869565217391353e+00
1.000000000000000000e+00
5.937500000000000000e-01
1.105263157894736947e+00
1.666666666666666741e+00
5.454545454545454142e-01
1.652173913043478271e+00
8.076923076923077094e-01
6.363636363636363535e-01
7.142857142857143016e-01
1.080000000000000071e+00
1.000000000000000000e+00
1.000000000000000000e+00
1.117647058823529438e+00
9.000000000000000222e-01
8.333333333333333703e-01
5.714285714285713969e-01
5.714285714285713969e-01
4.117647058823529216e-01
1.199999999999999956e+00
3.333333333333333148e-01
9.000000000000000222e-01
5.000000000000000000e-01
6.153846153846154188e-01
1.230769230769230838e+00
1.100000000000000089e+00
1.333333333333333259e+00
5.999999999999999778e-01
0.000000000000000000e+00
1.000000000000000000e+00
3.333333333333333148e-01
1.666666666666666741e+00
1.285714285714285809e+00
1.666666666666666741e+00
1.111111111111111049e-01
4.285714285714285476e-01
1.333333333333333259e+00
0.000000000000000000e+00
0.000000000000000000e+00
8.000000000000000444e-01
1.000000000000000000e+00
6.666666666666666297e-01
0.000000000000000000e+00
0.000000000000000000e+00
0.000000000000000000e+00
0.000000000000000000e+00
nan
nan
nan
nan
nan
nan
nan
nan
nan
nan
nan
nan
nan
nan
nan
nan
nan
nan
nan
nan
nan
nan
nan
nan
nan
nan
nan
nan
nan
nan
nan
nan
nan
nan
nan
nan
nan
nan
nan
nan
nan
nan
nan
nan
nan
nan
