1.946078431372548989e+00
6.746987951807228434e-01
1.134328358208955168e+00
9.687500000000000000e-01
1.219178082191780810e+00
9.807692307692307265e-01
9.852941176470588758e-01
9.240506329113924444e-01
6.351351351351350871e-01
1.082191780821917915e+00
7.076923076923077316e-01
1.125000000000000000e+00
1.161290322580645240e+00
8.115942028985507761e-01
1.000000000000000000e+00
9.245283018867924696e-01
9.298245614035087758e-01
8.985507246376811530e-01
1.161764705882353033e+00
1.074074074074074181e+00
8.000000000000000444e-01
1.232142857142857206e+00
7.049180327868852514e-01
1.105263157894736947e+00
8.367346938775510612e-01
1.079365079365079305e+00
1.032786885245901676e+00
8.965517241379310498e-01
1.055555555555555580e+00
7.419354838709677491e-01
9.000000000000000222e-01
9.272727272727272485e-01
9.444444444444444198e-01
9.411764705882352811e-01
8.510638297872340496e-01
9.142857142857142572e-01
8.000000000000000444e-01
1.018867924528301883e+00
7.441860465116278966e-01
7.272727272727272929e-01
8.888888888888888395e-01
1.031250000000000000e+00
7.555555555555555358e-01
1.276595744680851130e+00
9.166666666666666297e-01
1.023809523809523725e+00
1.080000000000000071e+00
8.620689655172413257e-01
1.276595744680851130e+00
1.216216216216216228e+00
6.976744186046511809e-01
4.565217391304347561e-01
6.250000000000000000e-01
1.354166666666666741e+00
1.000000000000000000e+00
7.027027027027027417e-01
7.692307692307692735e-01
5.000000000000000000e-01
6.774193548387096309e-01
3.750000000000000000e-01
7.500000000000000000e-01
8.000000000000000444e-01
1.263157894736842035e+00
1.500000000000000000e+00
7.500000000000000000e-01
9.166666666666666297e-01
5.833333333333333703e-01
1.500000000000000000e+00
1.066666666666666652e+00
6.551724137931034253e-01
7.333333333333332815e-01
8.399999999999999689e-01
7.692307692307692735e-01
6.923076923076922906e-01
8.000000000000000444e-01
9.166666666666666297e-01
1.416666666666666741e+00
1.285714285714285809e+00
8.823529411764705621e-01
9.166666666666666297e-01
5.555555555555555802e-01
4.615384615384615641e-01
1.214285714285714191e+00
7.058823529411765163e-01
8.000000000000000444e-01
0.000000000000000000e+00
1.666666666666666741e+00
5.714285714285713969e-01
2.727272727272727071e-01
1.100000000000000089e+00
6.666666666666666297e-01
5.555555555555555802e-01
1.142857142857142794e+00
1.750000000000000000e+00
1.071428571428571397e+00
2.500000000000000000e-01
0.000000000000000000e+00
0.000000000000000000e+00
1.399999999999999911e+00
3.333333333333333481e+00
1.142857142857142794e+00
4.285714285714285476e-01
1.000000000000000000e+00
1.375000000000000000e+00
8.888888888888888395e-01
1.125000000000000000e+00
6.250000000000000000e-01
8.571428571428570953e-01
1.125000000000000000e+00
8.571428571428570953e-01
1.272727272727272707e+00
6.666666666666666297e-01
6.250000000000000000e-01
2.000000000000000000e+00
7.777777777777777901e-01
6.666666666666666297e-01
8.571428571428570953e-01
6.666666666666666297e-01
6.666666666666666297e-01
2.500000000000000000e-01
1.800000000000000044e+00
0.000000000000000000e+00
3.500000000000000000e+00
5.714285714285713969e-01
5.000000000000000000e-01
1.500000000000000000e+00
1.333333333333333259e+00
0.000000000000000000e+00
1.500000000000000000e+00
1.181818181818181879e+00
8.333333333333333703e-01
3.500000000000000000e+00
2.000000000000000111e-01
5.000000000000000000e+00
7.500000000000000000e-01
1.000000000000000000e+00
1.250000000000000000e+00
8.000000000000000444e-01
0.000000000000000000e+00
1.333333333333333259e+00
1.000000000000000000e+00
1.666666666666666741e+00
0.000000000000000000e+00
1.666666666666666574e-01
1.428571428571428492e-01
1.500000000000000000e+00
0.000000000000000000e+00
6.666666666666666297e-01
5.000000000000000000e-01
2.000000000000000000e+00
2.500000000000000000e-01
1.500000000000000000e+00
0.000000000000000000e+00
0.000000000000000000e+00
0.000000000000000000e+00
nan
3.333333333333333148e-01
nan
nan
0.000000000000000000e+00
nan
nan
nan
nan
nan
nan
nan
nan
nan
nan
nan
nan
nan
nan
nan
nan
nan
nan
nan
nan
nan
nan
nan
nan
nan
nan
nan
nan
nan
nan
nan
nan
nan
nan
nan
nan
nan
nan
nan
nan
