1.883248730964466988e+00
1.028846153846153744e+00
1.067567567567567544e+00
1.068493150684931559e+00
1.015873015873015817e+00
9.375000000000000000e-01
8.780487804878048808e-01
9.402985074626866169e-01
8.499999999999999778e-01
9.841269841269840724e-01
9.838709677419354982e-01
9.375000000000000000e-01
1.011627906976744207e+00
5.999999999999999778e-01
8.153846153846153744e-01
9.218750000000000000e-01
7.428571428571428825e-01
8.867924528301887044e-01
8.648648648648649129e-01
9.512195121951219079e-01
8.688524590163934080e-01
9.491525423728813804e-01
1.052631578947368363e+00
9.000000000000000222e-01
9.583333333333333703e-01
8.260869565217391353e-01
1.121951219512195230e+00
1.025641025641025550e+00
1.000000000000000000e+00
6.388888888888888395e-01
1.377777777777777768e+00
6.666666666666666297e-01
8.378378378378378288e-01
8.000000000000000444e-01
8.863636363636363535e-01
1.045454545454545414e+00
1.000000000000000000e+00
6.382978723404255650e-01
8.269230769230768718e-01
7.272727272727272929e-01
1.147058823529411686e+00
1.081081081081081141e+00
1.181818181818181879e+00
1.071428571428571397e+00
5.333333333333333259e-01
7.333333333333332815e-01
1.181818181818181879e+00
1.424242424242424310e+00
1.125000000000000000e+00
5.333333333333333259e-01
1.192307692307692291e+00
9.285714285714286031e-01
7.692307692307692735e-01
7.027027027027027417e-01
1.181818181818181879e+00
1.280000000000000027e+00
7.931034482758620996e-01
7.083333333333333703e-01
8.399999999999999689e-01
3.636363636363636465e-01
1.206896551724137900e+00
2.380952380952380820e-01
8.636363636363636465e-01
9.047619047619047672e-01
9.523809523809523281e-01
1.000000000000000000e+00
5.999999999999999778e-01
1.266666666666666607e+00
1.315789473684210620e+00
5.000000000000000000e-01
3.157894736842105088e-01
7.857142857142856984e-01
3.750000000000000000e-01
3.636363636363636465e-01
1.062500000000000000e+00
1.333333333333333259e+00
8.750000000000000000e-01
1.076923076923076872e+00
1.000000000000000000e+00
1.500000000000000000e+00
5.000000000000000000e-01
9.375000000000000000e-01
1.625000000000000000e+00
1.157894736842105310e+00
3.636363636363636465e-01
5.000000000000000000e-01
1.199999999999999956e+00
1.153846153846153744e+00
1.857142857142857206e+00
1.000000000000000000e+00
0.000000000000000000e+00
1.142857142857142794e+00
5.555555555555555802e-01
1.222222222222222321e+00
1.222222222222222321e+00
1.307692307692307709e+00
2.500000000000000000e-01
8.750000000000000000e-01
7.777777777777777901e-01
1.800000000000000044e+00
7.142857142857143016e-01
5.454545454545454142e-01
1.600000000000000089e+00
1.666666666666666741e+00
5.000000000000000000e-01
1.000000000000000000e+00
1.444444444444444420e+00
1.214285714285714191e+00
4.666666666666666741e-01
8.750000000000000000e-01
1.300000000000000044e+00
1.125000000000000000e+00
5.555555555555555802e-01
1.777777777777777679e+00
1.333333333333333259e+00
3.750000000000000000e-01
1.500000000000000000e+00
0.000000000000000000e+00
8.333333333333333703e-01
1.000000000000000000e+00
1.250000000000000000e+00
7.692307692307692735e-01
1.199999999999999956e+00
7.142857142857143016e-01
3.500000000000000000e+00
7.142857142857143016e-01
7.500000000000000000e-01
8.823529411764705621e-01
7.272727272727272929e-01
1.461538461538461453e+00
5.000000000000000000e-01
1.333333333333333259e+00
1.928571428571428603e+00
1.500000000000000000e+00
9.333333333333333481e-01
1.285714285714285809e+00
1.266666666666666607e+00
9.411764705882352811e-01
6.315789473684210176e-01
1.300000000000000044e+00
6.666666666666666297e-01
6.153846153846154188e-01
5.000000000000000000e-01
5.000000000000000000e-01
7.142857142857143016e-01
1.083333333333333259e+00
8.888888888888888395e-01
3.333333333333333148e-01
6.666666666666666297e-01
5.000000000000000000e-01
1.500000000000000000e+00
1.166666666666666741e+00
8.750000000000000000e-01
7.500000000000000000e-01
7.500000000000000000e-01
2.500000000000000000e-01
5.000000000000000000e-01
1.571428571428571397e+00
7.142857142857143016e-01
6.666666666666666297e-01
1.666666666666666741e+00
5.000000000000000000e-01
4.000000000000000222e-01
8.000000000000000444e-01
5.000000000000000000e-01
0.000000000000000000e+00
1.000000000000000000e+00
1.000000000000000000e+00
nan
1.666666666666666741e+00
1.199999999999999956e+00
1.000000000000000000e+00
0.000000000000000000e+00
nan
1.000000000000000000e+00
1.000000000000000000e+00
2.500000000000000000e+00
0.000000000000000000e+00
8.000000000000000444e-01
2.000000000000000000e+00
1.333333333333333259e+00
5.000000000000000000e-01
1.000000000000000000e+00
5.999999999999999778e-01
5.000000000000000000e-01
0.000000000000000000e+00
1.250000000000000000e+00
1.000000000000000000e+00
0.000000000000000000e+00
1.000000000000000000e+00
1.000000000000000000e+00
1.250000000000000000e+00
0.000000000000000000e+00
1.500000000000000000e+00
1.500000000000000000e+00
0.000000000000000000e+00
5.000000000000000000e-01
0.000000000000000000e+00
0.000000000000000000e+00
0.000000000000000000e+00
