1.792746113989637236e+00
1.116883116883116811e+00
1.206896551724137900e+00
1.015625000000000000e+00
8.499999999999999778e-01
1.074074074074074181e+00
9.857142857142857650e-01
1.000000000000000000e+00
8.305084745762711940e-01
8.055555555555555802e-01
6.911764705882352811e-01
8.571428571428570953e-01
1.000000000000000000e+00
1.051724137931034475e+00
6.734693877551020114e-01
1.113207547169811296e+00
7.872340425531915153e-01
1.232142857142857206e+00
1.024999999999999911e+00
1.250000000000000000e+00
7.285714285714285365e-01
1.102040816326530503e+00
6.666666666666666297e-01
1.133333333333333304e+00
1.169811320754716943e+00
7.179487179487179516e-01
7.333333333333332815e-01
4.347826086956521618e-01
7.142857142857143016e-01
8.648648648648649129e-01
8.958333333333333703e-01
1.131578947368421018e+00
1.000000000000000000e+00
9.117647058823529216e-01
1.028571428571428470e+00
1.000000000000000000e+00
8.095238095238095344e-01
1.029411764705882248e+00
3.846153846153846367e-01
3.142857142857142794e-01
1.275862068965517349e+00
6.296296296296296502e-01
1.041666666666666741e+00
9.333333333333333481e-01
9.259259259259259300e-01
6.111111111111111605e-01
7.142857142857143016e-01
1.625000000000000000e+00
5.555555555555555802e-01
8.695652173913043237e-01
1.041666666666666741e+00
1.034482758620689724e+00
6.666666666666666297e-01
1.157894736842105310e+00
8.214285714285713969e-01
1.555555555555555580e+00
1.080000000000000071e+00
1.565217391304347894e+00
1.000000000000000000e+00
1.545454545454545414e+00
7.857142857142856984e-01
1.043478260869565188e+00
1.439999999999999947e+00
6.666666666666666297e-01
1.185185185185185119e+00
8.000000000000000444e-01
9.545454545454545858e-01
1.026315789473684292e+00
8.181818181818182323e-01
1.424242424242424310e+00
1.300000000000000044e+00
8.181818181818182323e-01
7.419354838709677491e-01
1.000000000000000000e+00
8.148148148148147696e-01
7.391304347826086474e-01
6.944444444444444198e-01
8.000000000000000444e-01
1.035714285714285809e+00
9.666666666666666741e-01
5.000000000000000000e-01
8.666666666666666963e-01
1.058823529411764719e+00
1.000000000000000000e+00
1.285714285714285809e+00
1.187500000000000000e+00
7.058823529411765163e-01
1.096774193548387011e+00
5.625000000000000000e-01
6.842105263157894912e-01
8.260869565217391353e-01
1.181818181818181879e+00
1.187500000000000000e+00
1.166666666666666741e+00
1.428571428571428603e+00
7.647058823529411242e-01
1.214285714285714191e+00
7.083333333333333703e-01
9.655172413793103869e-01
1.000000000000000000e+00
1.846153846153846256e+00
7.058823529411765163e-01
9.499999999999999556e-01
1.043478260869565188e+00
1.111111111111111160e+00
3.809523809523809312e-01
1.062500000000000000e+00
1.272727272727272707e+00
1.280000000000000027e+00
1.062500000000000000e+00
1.047619047619047672e+00
1.149999999999999911e+00
9.230769230769231282e-01
5.714285714285713969e-01
7.058823529411765163e-01
1.153846153846153744e+00
5.999999999999999778e-01
5.000000000000000000e-01
5.384615384615384359e-01
1.500000000000000000e+00
1.764705882352941124e+00
4.166666666666666852e-01
5.000000000000000000e-01
5.882352941176470784e-01
8.888888888888888395e-01
9.285714285714286031e-01
1.307692307692307709e+00
1.875000000000000000e+00
1.100000000000000089e+00
1.454545454545454586e+00
8.181818181818182323e-01
2.307692307692307820e-01
1.375000000000000000e+00
1.000000000000000000e+00
8.571428571428570953e-01
1.000000000000000000e+00
1.833333333333333259e+00
1.428571428571428603e+00
9.375000000000000000e-01
7.916666666666666297e-01
8.333333333333333703e-01
3.333333333333333148e-01
1.357142857142857206e+00
1.066666666666666652e+00
9.230769230769231282e-01
1.076923076923076872e+00
9.523809523809523281e-01
8.333333333333333703e-01
1.187500000000000000e+00
0.000000000000000000e+00
1.937500000000000000e+00
1.384615384615384581e+00
8.421052631578946901e-01
1.750000000000000000e+00
5.833333333333333703e-01
1.555555555555555580e+00
8.461538461538461453e-01
5.000000000000000000e-01
7.272727272727272929e-01
1.050000000000000044e+00
1.000000000000000000e+00
1.000000000000000000e+00
4.444444444444444198e-01
1.312500000000000000e+00
1.187500000000000000e+00
8.499999999999999778e-01
1.588235294117646967e+00
5.294117647058823595e-01
9.230769230769231282e-01
0.000000000000000000e+00
1.399999999999999911e+00
8.125000000000000000e-01
1.041666666666666741e+00
6.363636363636363535e-01
6.363636363636363535e-01
3.636363636363636465e-01
9.166666666666666297e-01
9.166666666666666297e-01
1.388888888888888840e+00
6.999999999999999556e-01
1.399999999999999911e+00
0.000000000000000000e+00
5.000000000000000000e-01
1.272727272727272707e+00
2.500000000000000000e+00
1.333333333333333259e+00
9.000000000000000222e-01
0.000000000000000000e+00
7.500000000000000000e-01
6.666666666666666297e-01
5.000000000000000000e-01
7.272727272727272929e-01
1.666666666666666574e-01
1.285714285714285809e+00
2.857142857142856984e-01
0.000000000000000000e+00
7.500000000000000000e-01
7.500000000000000000e-01
0.000000000000000000e+00
0.000000000000000000e+00
