2.218009478672985590e+00
1.144444444444444375e+00
1.250000000000000000e+00
1.250000000000000000e+00
1.396039603960395947e+00
1.052631578947368363e+00
9.925925925925925819e-01
1.092436974789915860e+00
1.162393162393162482e+00
1.245454545454545370e+00
9.834710743801653443e-01
1.007692307692307665e+00
1.084745762711864403e+00
1.152173913043478271e+00
1.121621621621621712e+00
1.020689655172413834e+00
8.559999999999999831e-01
9.858156028368794122e-01
1.014814814814814836e+00
9.493670886075948889e-01
1.059210526315789380e+00
1.169230769230769296e+00
9.774436090225563367e-01
9.924242424242424310e-01
9.871794871794872250e-01
1.026315789473684292e+00
1.010869565217391353e+00
9.857142857142857650e-01
9.319727891156462940e-01
9.923664122137404453e-01
1.378571428571428559e+00
8.692810457516340072e-01
1.103896103896103931e+00
1.111111111111111160e+00
1.195652173913043459e+00
1.159763313609467383e+00
1.017045454545454586e+00
1.084337349397590300e+00
1.021164021164021163e+00
1.114457831325301296e+00
1.054455445544554504e+00
1.101190476190476275e+00
1.041450777202072464e+00
1.391304347826086918e+00
1.034653465346534684e+00
9.495412844036696942e-01
1.124378109452736307e+00
1.075757575757575690e+00
1.136986301369863117e+00
1.069124423963133674e+00
1.148760330578512345e+00
7.396694214876032847e-01
1.153846153846153744e+00
1.099567099567099637e+00
9.537815126050420700e-01
1.024489795918367419e+00
1.110619469026548733e+00
9.477911646586345551e-01
1.139534883720930258e+00
1.035573122529644285e+00
1.024390243902439046e+00
1.225000000000000089e+00
1.039145907473309594e+00
1.180327868852458995e+00
1.088983050847457612e+00
8.698884758364312519e-01
9.352517985611510376e-01
1.027681660899653959e+00
9.243421052631578538e-01
1.007407407407407307e+00
1.083941605839416011e+00
1.056478405315614655e+00
9.385665529010238650e-01
1.232558139534883690e+00
1.078014184397163122e+00
1.084805653710247286e+00
1.101562500000000000e+00
8.611111111111111605e-01
1.125391849529780552e+00
1.037854889589905349e+00
1.121118012422360311e+00
9.244712990936555519e-01
1.110787172011661772e+00
1.134426229508196826e+00
1.047058823529411820e+00
1.062874251497005984e+00
1.129032258064516236e+00
1.365079365079365115e+00
1.055248618784530468e+00
1.020114942528735691e+00
1.093023255813953432e+00
1.289189189189189122e+00
1.169491525423728806e+00
1.080000000000000071e+00
1.149159663865546133e+00
1.104513064133016531e+00
1.222672064777327927e+00
1.209677419354838745e+00
1.298755186721991750e+00
1.256360078277886538e+00
1.218283582089552342e+00
1.270796460176991216e+00
1.227342549923195136e+00
1.296572280178837522e+00
1.253481894150417775e+00
1.329149232914923262e+00
1.272845953002611052e+00
1.282608695652173836e+00
1.319814600231749679e+00
1.280662983425414403e+00
1.405544147843942548e+00
1.317968015051740327e+00
1.346292947558770381e+00
1.324652777777777679e+00
1.335453100158982442e+00
1.296296296296296280e+00
1.389155799588194906e+00
1.334716459197786920e+00
1.360655737704917989e+00
1.338243626062322944e+00
1.375586854460093988e+00
1.380813953488372103e+00
1.373073436083408927e+00
1.386324786324786285e+00
1.450505050505050519e+00
1.413677130044842967e+00
1.336451720681590460e+00
1.381301850670070275e+00
1.386727688787185331e+00
1.339813581890812344e+00
1.349155069582504973e+00
1.373444976076555024e+00
1.340038935756002525e+00
1.402232327408019952e+00
1.389957676029242029e+00
1.331017714484195924e+00
1.382554720679516569e+00
1.370415094339622719e+00
1.393270821842250484e+00
1.411617492096944204e+00
1.381243996157540899e+00
1.375755540631296236e+00
1.365246774523858342e+00
1.375739644970414233e+00
1.358548198724283562e+00
1.341807446285058214e+00
1.345933828076685268e+00
1.359311379384241736e+00
1.353658536585365946e+00
1.360266864343958382e+00
1.365645170669302688e+00
1.366327474560592004e+00
1.345156273516279644e+00
1.357000786345344379e+00
1.355663074554651404e+00
1.332323721831839114e+00
1.358796383146362530e+00
1.342122865692659817e+00
1.340190288713910771e+00
1.329230011694466640e+00
1.327164213365470191e+00
1.313861332758248901e+00
1.320350877192982386e+00
1.320918727915194379e+00
1.292428025365120803e+00
1.292738400463154358e+00
1.295844625112917869e+00
1.273559494776689949e+00
1.279241160455719895e+00
1.253576794930423954e+00
1.253575025176233648e+00
1.247999068657411392e+00
1.228956508503189493e+00
1.230228009608695050e+00
1.223060912305338865e+00
1.194982882635716281e+00
1.195152959872864518e+00
1.175038744567632243e+00
1.168280481336259280e+00
1.153307126986839792e+00
1.140993176502425932e+00
1.135145281177265542e+00
1.119628928367592868e+00
1.102547205454657231e+00
1.088621032085744567e+00
1.074495659103300804e+00
1.056050819846590771e+00
1.038725766229587233e+00
1.023444587690397700e+00
1.001657124457115078e+00
9.710688017875430678e-01
9.343272490827179144e-01
8.757042007950591733e-01
7.972116701955411777e-01
6.909042710786071906e-01
5.506382642374422209e-01
3.779541347937180329e-01
1.994420409978571174e-01
6.501838280652404156e-02
0.000000000000000000e+00
