1.946236559139784994e+00
8.571428571428570953e-01
8.208955223880597396e-01
7.796610169491525744e-01
7.014925373134328623e-01
1.093333333333333268e+00
1.078431372549019551e+00
9.259259259259259300e-01
1.101694915254237239e+00
1.155555555555555447e+00
1.333333333333333259e+00
7.358490566037735325e-01
1.030769230769230660e+00
1.000000000000000000e+00
9.310344827586206629e-01
9.344262295081967595e-01
8.088235294117647189e-01
7.941176470588234837e-01
7.500000000000000000e-01
1.034482758620689724e+00
7.543859649122807154e-01
1.190476190476190466e+00
6.181818181818181657e-01
8.372093023255814392e-01
6.153846153846154188e-01
1.263157894736842035e+00
7.727272727272727071e-01
4.687500000000000000e-01
8.333333333333333703e-01
1.321428571428571397e+00
8.055555555555555802e-01
7.647058823529411242e-01
4.705882352941176405e-01
9.354838709677418818e-01
9.615384615384615641e-01
1.093023255813953432e+00
1.000000000000000000e+00
5.999999999999999778e-01
5.714285714285713969e-01
3.636363636363636465e-01
1.043478260869565188e+00
4.375000000000000000e-01
0.000000000000000000e+00
1.263157894736842035e+00
7.272727272727272929e-01
1.199999999999999956e+00
1.307692307692307709e+00
1.600000000000000089e+00
6.666666666666666297e-01
1.555555555555555580e+00
6.190476190476190688e-01
6.428571428571429047e-01
9.285714285714286031e-01
5.000000000000000000e-01
1.357142857142857206e+00
1.466666666666666563e+00
1.272727272727272707e+00
7.647058823529411242e-01
9.000000000000000222e-01
1.444444444444444420e+00
1.095238095238095344e+00
9.000000000000000222e-01
8.125000000000000000e-01
1.071428571428571397e+00
1.399999999999999911e+00
1.181818181818181879e+00
1.300000000000000044e+00
3.809523809523809312e-01
1.071428571428571397e+00
9.285714285714286031e-01
1.166666666666666741e+00
1.625000000000000000e+00
3.529411764705882582e-01
5.999999999999999778e-01
4.375000000000000000e-01
1.750000000000000000e+00
1.000000000000000000e+00
7.222222222222222099e-01
3.333333333333333148e-01
7.777777777777777901e-01
8.666666666666666963e-01
1.428571428571428603e+00
6.666666666666666297e-01
1.125000000000000000e+00
7.777777777777777901e-01
2.200000000000000178e+00
5.454545454545454142e-01
2.111111111111111160e+00
1.272727272727272707e+00
1.454545454545454586e+00
1.153846153846153744e+00
1.000000000000000000e+00
3.750000000000000000e-01
8.461538461538461453e-01
8.750000000000000000e-01
6.666666666666666297e-01
1.000000000000000000e+00
8.181818181818182323e-01
1.250000000000000000e+00
9.090909090909090606e-01
7.500000000000000000e-01
1.923076923076923128e+00
8.333333333333333703e-01
3.333333333333333148e-01
1.399999999999999911e+00
1.090909090909090828e+00
1.333333333333333259e+00
1.000000000000000000e+00
1.000000000000000000e+00
1.375000000000000000e+00
1.699999999999999956e+00
1.333333333333333259e+00
7.368421052631578538e-01
9.000000000000000222e-01
1.250000000000000000e+00
1.785714285714285809e+00
6.521739130434782705e-01
6.842105263157894912e-01
1.214285714285714191e+00
2.916666666666666852e-01
6.111111111111111605e-01
9.285714285714286031e-01
1.307692307692307709e+00
7.777777777777777901e-01
1.153846153846153744e+00
1.066666666666666652e+00
1.285714285714285809e+00
1.666666666666666574e-01
1.600000000000000089e+00
9.166666666666666297e-01
0.000000000000000000e+00
1.384615384615384581e+00
1.818181818181818232e-01
1.000000000000000000e+00
1.277777777777777679e+00
1.250000000000000000e+00
1.076923076923076872e+00
6.153846153846154188e-01
1.153846153846153744e+00
1.444444444444444420e+00
1.071428571428571397e+00
8.571428571428570953e-01
7.894736842105263275e-01
2.307692307692307820e-01
2.999999999999999889e-01
1.285714285714285809e+00
7.777777777777777901e-01
1.111111111111111160e+00
1.000000000000000000e+00
1.000000000000000000e+00
2.000000000000000000e+00
0.000000000000000000e+00
8.750000000000000000e-01
0.000000000000000000e+00
1.428571428571428603e+00
2.000000000000000000e+00
2.857142857142856984e-01
4.000000000000000222e-01
1.250000000000000000e+00
2.000000000000000111e-01
2.000000000000000000e+00
1.125000000000000000e+00
3.333333333333333148e-01
1.250000000000000000e+00
4.000000000000000222e-01
2.000000000000000000e+00
1.857142857142857206e+00
1.500000000000000000e+00
0.000000000000000000e+00
5.999999999999999778e-01
1.500000000000000000e+00
1.333333333333333259e+00
3.500000000000000000e+00
1.399999999999999911e+00
6.666666666666666297e-01
6.999999999999999556e-01
6.666666666666666297e-01
2.500000000000000000e-01
6.666666666666666297e-01
1.000000000000000000e+00
1.000000000000000000e+00
5.714285714285713969e-01
6.666666666666666297e-01
0.000000000000000000e+00
6.666666666666666297e-01
0.000000000000000000e+00
2.000000000000000111e-01
1.000000000000000000e+00
0.000000000000000000e+00
nan
nan
nan
nan
0.000000000000000000e+00
3.000000000000000000e+00
nan
6.666666666666666297e-01
nan
0.000000000000000000e+00
nan
