1.696078431372548989e+00
8.630136986301369939e-01
7.735849056603774088e-01
7.592592592592593004e-01
7.288135593220338437e-01
8.064516129032257563e-01
7.500000000000000000e-01
7.659574468085106336e-01
9.318181818181817677e-01
8.823529411764705621e-01
1.521739130434782705e+00
8.936170212765957022e-01
9.183673469387755306e-01
5.937500000000000000e-01
7.358490566037735325e-01
6.744186046511627675e-01
1.147058823529411686e+00
1.500000000000000000e+00
1.128205128205128194e+00
6.190476190476190688e-01
1.228571428571428648e+00
1.068965517241379226e+00
9.428571428571428381e-01
1.085714285714285632e+00
1.085714285714285632e+00
6.111111111111111605e-01
1.242424242424242431e+00
5.641025641025640969e-01
8.571428571428570953e-01
8.484848484848485084e-01
8.648648648648649129e-01
1.227272727272727293e+00
7.804878048780488076e-01
4.761904761904761640e-01
4.230769230769230727e-01
5.999999999999999778e-01
6.086956521739130821e-01
7.368421052631578538e-01
7.647058823529411242e-01
1.166666666666666741e+00
2.100000000000000089e+00
1.428571428571428603e+00
1.250000000000000000e+00
1.133333333333333304e+00
1.357142857142857206e+00
1.578947368421052655e+00
1.250000000000000000e+00
1.384615384615384581e+00
1.181818181818181879e+00
1.923076923076923128e+00
7.142857142857143016e-01
9.655172413793103869e-01
5.428571428571428159e-01
9.259259259259259300e-01
7.037037037037037202e-01
4.210526315789473450e-01
7.500000000000000000e-01
1.000000000000000000e+00
5.999999999999999778e-01
5.384615384615384359e-01
1.050000000000000044e+00
7.333333333333332815e-01
1.000000000000000000e+00
1.937500000000000000e+00
1.529411764705882248e+00
6.521739130434782705e-01
6.250000000000000000e-01
8.571428571428570953e-01
1.473684210526315708e+00
8.125000000000000000e-01
1.363636363636363535e+00
3.125000000000000000e-01
7.058823529411765163e-01
7.916666666666666297e-01
7.857142857142856984e-01
4.000000000000000222e-01
5.454545454545454142e-01
7.857142857142856984e-01
1.111111111111111160e+00
1.055555555555555580e+00
1.500000000000000000e+00
1.181818181818181879e+00
1.000000000000000000e+00
6.666666666666666297e-01
1.153846153846153744e+00
1.083333333333333259e+00
1.076923076923076872e+00
3.076923076923077094e-01
1.083333333333333259e+00
5.999999999999999778e-01
1.750000000000000000e+00
8.750000000000000000e-01
4.166666666666666852e-01
4.285714285714285476e-01
4.000000000000000222e-01
4.000000000000000222e-01
2.000000000000000000e+00
2.500000000000000000e+00
7.777777777777777901e-01
1.333333333333333259e+00
1.166666666666666741e+00
1.166666666666666741e+00
1.625000000000000000e+00
2.000000000000000111e-01
1.166666666666666741e+00
5.000000000000000000e-01
1.666666666666666574e-01
0.000000000000000000e+00
7.142857142857143016e-01
1.166666666666666741e+00
1.000000000000000000e+00
0.000000000000000000e+00
0.000000000000000000e+00
1.800000000000000044e+00
0.000000000000000000e+00
0.000000000000000000e+00
6.666666666666666297e-01
0.000000000000000000e+00
0.000000000000000000e+00
5.000000000000000000e-01
1.500000000000000000e+00
nan
nan
nan
1.333333333333333259e+00
3.000000000000000000e+00
0.000000000000000000e+00
1.000000000000000000e+00
0.000000000000000000e+00
0.000000000000000000e+00
0.000000000000000000e+00
0.000000000000000000e+00
5.000000000000000000e-01
nan
nan
2.000000000000000000e+00
nan
nan
nan
nan
nan
0.000000000000000000e+00
nan
nan
nan
nan
nan
nan
nan
nan
nan
nan
nan
nan
nan
nan
nan
nan
nan
nan
nan
nan
nan
nan
nan
nan
nan
nan
nan
nan
nan
nan
nan
nan
nan
nan
nan
nan
nan
nan
nan
nan
nan
nan
nan
nan
nan
nan
nan
nan
nan
nan
nan
nan
nan
nan
nan
nan
nan
nan
