1.879069767441860384e+00
8.977272727272727071e-01
9.589041095890410427e-01
9.104477611940298143e-01
7.794117647058823595e-01
1.146341463414634054e+00
9.838709677419354982e-01
8.593750000000000000e-01
7.812500000000000000e-01
8.194444444444444198e-01
1.046153846153846212e+00
6.862745098039215730e-01
7.547169811320755262e-01
9.148936170212765839e-01
6.031746031746031411e-01
1.199999999999999956e+00
1.080000000000000071e+00
1.255813953488372103e+00
1.224489795918367374e+00
8.333333333333333703e-01
1.000000000000000000e+00
9.756097560975609539e-01
1.153846153846153744e+00
1.000000000000000000e+00
8.750000000000000000e-01
8.545454545454544970e-01
1.129629629629629539e+00
1.199999999999999956e+00
9.411764705882352811e-01
1.052631578947368363e+00
8.163265306122449161e-01
9.782608695652174058e-01
9.841269841269840724e-01
9.487179487179486781e-01
9.545454545454545858e-01
6.326530612244898322e-01
7.674418604651163101e-01
6.734693877551020114e-01
9.302325581395348708e-01
1.250000000000000000e+00
1.085714285714285632e+00
9.749999999999999778e-01
1.113636363636363535e+00
1.093750000000000000e+00
7.346938775510204467e-01
1.128205128205128194e+00
1.378378378378378288e+00
1.171428571428571486e+00
6.170212765957446832e-01
1.294117647058823595e+00
1.000000000000000000e+00
9.148936170212765839e-01
7.500000000000000000e-01
7.872340425531915153e-01
8.000000000000000444e-01
1.108108108108108114e+00
1.027027027027026973e+00
7.222222222222222099e-01
1.034482758620689724e+00
4.705882352941176405e-01
9.062500000000000000e-01
1.620689655172413701e+00
1.133333333333333304e+00
1.055555555555555580e+00
8.285714285714286254e-01
9.722222222222222099e-01
9.499999999999999556e-01
1.379310344827586299e+00
7.027027027027027417e-01
1.027777777777777679e+00
7.500000000000000000e-01
1.193548387096774244e+00
1.392857142857142794e+00
8.333333333333333703e-01
1.432432432432432456e+00
1.062500000000000000e+00
9.729729729729730270e-01
1.121212121212121104e+00
7.750000000000000222e-01
7.692307692307692735e-01
1.666666666666666741e+00
1.066666666666666652e+00
1.351351351351351315e+00
9.285714285714286031e-01
1.219512195121951192e+00
8.157894736842105088e-01
1.629629629629629539e+00
8.478260869565217295e-01
9.803921568627450567e-01
8.043478260869565410e-01
8.918918918918918859e-01
1.346938775510204023e+00
6.956521739130434590e-01
1.111111111111111160e+00
9.318181818181817677e-01
1.425000000000000044e+00
8.837209302325581550e-01
6.400000000000000133e-01
9.375000000000000000e-01
8.928571428571429047e-01
8.444444444444444420e-01
1.081081081081081141e+00
1.135135135135135087e+00
7.500000000000000000e-01
8.372093023255814392e-01
8.139534883720930258e-01
7.575757575757575690e-01
1.136363636363636465e+00
8.857142857142856762e-01
9.142857142857142572e-01
9.200000000000000400e-01
9.117647058823529216e-01
6.590909090909090606e-01
9.687500000000000000e-01
7.500000000000000000e-01
9.523809523809523281e-01
1.066666666666666652e+00
6.896551724137931494e-01
1.035714285714285809e+00
1.250000000000000000e+00
8.750000000000000000e-01
1.210526315789473673e+00
8.571428571428570953e-01
1.000000000000000000e+00
7.142857142857143016e-01
1.133333333333333304e+00
8.333333333333333703e-01
6.086956521739130821e-01
6.315789473684210176e-01
1.000000000000000000e+00
7.500000000000000000e-01
1.000000000000000000e+00
1.166666666666666741e+00
7.777777777777777901e-01
8.333333333333333703e-01
6.666666666666666297e-01
5.999999999999999778e-01
8.125000000000000000e-01
4.444444444444444198e-01
8.000000000000000444e-01
2.125000000000000000e+00
8.571428571428570953e-01
1.300000000000000044e+00
3.636363636363636465e-01
1.000000000000000000e+00
5.714285714285713969e-01
1.666666666666666741e+00
9.333333333333333481e-01
8.333333333333333703e-01
1.750000000000000000e+00
9.333333333333333481e-01
1.125000000000000000e+00
6.999999999999999556e-01
1.250000000000000000e+00
1.230769230769230838e+00
1.222222222222222321e+00
2.857142857142856984e-01
8.333333333333332871e-02
1.666666666666666741e+00
0.000000000000000000e+00
1.333333333333333259e+00
3.333333333333333148e-01
6.666666666666666297e-01
1.857142857142857206e+00
8.750000000000000000e-01
5.000000000000000000e-01
1.000000000000000000e+00
5.000000000000000000e-01
1.153846153846153744e+00
2.714285714285714413e+00
1.125000000000000000e+00
1.250000000000000000e+00
3.750000000000000000e-01
9.000000000000000222e-01
4.000000000000000222e-01
1.583333333333333259e+00
8.888888888888888395e-01
1.000000000000000000e+00
1.545454545454545414e+00
1.111111111111111160e+00
1.555555555555555580e+00
1.111111111111111160e+00
5.000000000000000000e-01
1.083333333333333259e+00
1.000000000000000000e+00
1.199999999999999956e+00
7.272727272727272929e-01
1.636363636363636465e+00
8.125000000000000000e-01
8.750000000000000000e-01
9.000000000000000222e-01
1.333333333333333259e+00
2.999999999999999889e-01
7.500000000000000000e-01
6.250000000000000000e-01
4.000000000000000222e-01
5.000000000000000000e-01
0.000000000000000000e+00
2.999999999999999889e-01
0.000000000000000000e+00
