1.906403940886699511e+00
8.202247191011236005e-01
1.126984126984126977e+00
9.375000000000000000e-01
1.295081967213114860e+00
7.887323943661971315e-01
7.758620689655172376e-01
8.028169014084507449e-01
1.013513513513513598e+00
1.100000000000000089e+00
1.096153846153846256e+00
1.333333333333333259e+00
9.482758620689655249e-01
8.750000000000000000e-01
1.015151515151515138e+00
9.220779220779220520e-01
8.787878787878787845e-01
7.551020408163264808e-01
1.220588235294117752e+00
1.142857142857142794e+00
8.679245283018868218e-01
8.870967741935483764e-01
8.793103448275861878e-01
1.056603773584905648e+00
1.000000000000000000e+00
1.305084745762711940e+00
9.104477611940298143e-01
5.416666666666666297e-01
1.025316455696202445e+00
1.072727272727272751e+00
7.547169811320755262e-01
8.358208955223880299e-01
8.026315789473684736e-01
1.017543859649122862e+00
1.562500000000000000e+00
9.230769230769231282e-01
1.046153846153846212e+00
1.166666666666666741e+00
7.457627118644067910e-01
1.118644067796610075e+00
6.891891891891891442e-01
1.036363636363636376e+00
1.122448979591836649e+00
6.511627906976744651e-01
8.653846153846154188e-01
6.530612244897958663e-01
9.512195121951219079e-01
1.050000000000000044e+00
1.019607843137254832e+00
9.333333333333333481e-01
8.222222222222221877e-01
8.333333333333333703e-01
6.153846153846154188e-01
6.304347826086956763e-01
1.022727272727272707e+00
7.631578947368421462e-01
1.333333333333333259e+00
8.571428571428570953e-01
9.411764705882352811e-01
1.250000000000000000e+00
9.705882352941176405e-01
1.081081081081081141e+00
8.684210526315789824e-01
1.120000000000000107e+00
7.083333333333333703e-01
4.242424242424242542e-01
1.291666666666666741e+00
8.888888888888888395e-01
4.482758620689655249e-01
9.000000000000000222e-01
4.400000000000000022e-01
9.599999999999999645e-01
8.260869565217391353e-01
1.222222222222222321e+00
1.090909090909090828e+00
5.000000000000000000e-01
8.750000000000000000e-01
9.473684210526315264e-01
6.428571428571429047e-01
5.714285714285713969e-01
8.888888888888888395e-01
1.333333333333333259e+00
3.076923076923077094e-01
9.166666666666666297e-01
1.000000000000000000e+00
1.000000000000000000e+00
6.428571428571429047e-01
1.076923076923076872e+00
9.230769230769231282e-01
5.000000000000000000e-01
7.777777777777777901e-01
1.285714285714285809e+00
1.500000000000000000e+00
6.666666666666666297e-01
5.625000000000000000e-01
1.909090909090909172e+00
1.363636363636363535e+00
5.714285714285713969e-01
1.444444444444444420e+00
7.142857142857143016e-01
1.818181818181818232e-01
6.923076923076922906e-01
1.666666666666666741e+00
1.083333333333333259e+00
5.999999999999999778e-01
6.363636363636363535e-01
1.100000000000000089e+00
2.100000000000000089e+00
1.090909090909090828e+00
1.461538461538461453e+00
3.333333333333333148e-01
6.153846153846154188e-01
2.500000000000000000e-01
1.272727272727272707e+00
5.000000000000000000e-01
1.000000000000000000e+00
1.000000000000000000e+00
1.714285714285714191e+00
1.363636363636363535e+00
9.090909090909090606e-01
1.750000000000000000e+00
3.076923076923077094e-01
1.000000000000000000e+00
1.125000000000000000e+00
6.363636363636363535e-01
1.111111111111111160e+00
1.071428571428571397e+00
4.000000000000000222e-01
2.857142857142856984e-01
7.500000000000000000e-01
5.000000000000000000e-01
5.714285714285713969e-01
1.500000000000000000e+00
7.500000000000000000e-01
1.000000000000000000e+00
5.000000000000000000e-01
6.250000000000000000e-01
5.714285714285713969e-01
8.333333333333333703e-01
7.500000000000000000e-01
2.666666666666666519e+00
7.500000000000000000e-01
1.000000000000000000e+00
5.000000000000000000e-01
1.000000000000000000e+00
1.250000000000000000e+00
1.250000000000000000e+00
2.500000000000000000e-01
5.000000000000000000e-01
1.000000000000000000e+00
nan
5.000000000000000000e-01
6.666666666666666297e-01
2.000000000000000000e+00
0.000000000000000000e+00
2.333333333333333481e+00
1.600000000000000089e+00
0.000000000000000000e+00
8.000000000000000444e-01
6.666666666666666297e-01
3.333333333333333148e-01
2.333333333333333481e+00
2.200000000000000178e+00
4.000000000000000222e-01
1.250000000000000000e+00
1.000000000000000000e+00
2.500000000000000000e-01
1.000000000000000000e+00
1.000000000000000000e+00
5.000000000000000000e-01
1.000000000000000000e+00
1.800000000000000044e+00
0.000000000000000000e+00
2.500000000000000000e-01
4.000000000000000222e-01
0.000000000000000000e+00
0.000000000000000000e+00
nan
0.000000000000000000e+00
2.000000000000000000e+00
0.000000000000000000e+00
2.000000000000000000e+00
nan
0.000000000000000000e+00
5.000000000000000000e+00
0.000000000000000000e+00
5.000000000000000000e+00
0.000000000000000000e+00
nan
0.000000000000000000e+00
2.000000000000000000e+00
0.000000000000000000e+00
1.333333333333333259e+00
0.000000000000000000e+00
0.000000000000000000e+00
0.000000000000000000e+00
nan
0.000000000000000000e+00
nan
nan
