2.179824561403508554e+00
9.509803921568626972e-01
1.051020408163265252e+00
1.208791208791208716e+00
1.382716049382715973e+00
1.313953488372092915e+00
1.084905660377358583e+00
1.183999999999999941e+00
1.149532710280373848e+00
8.983050847457627608e-01
1.051094890510948954e+00
1.508333333333333304e+00
1.140939597315436149e+00
9.180327868852459217e-01
1.136986301369863117e+00
1.176056338028169002e+00
1.054794520547945202e+00
1.285714285714285809e+00
1.109756097560975707e+00
1.084269662921348409e+00
9.079754601226993627e-01
1.215789473684210531e+00
8.662790697674418450e-01
1.069364161849710948e+00
1.164705882352941257e+00
1.187817258883248739e+00
9.780219780219779890e-01
8.352272727272727071e-01
1.069518716577540163e+00
8.267326732673266898e-01
1.072222222222222188e+00
9.946524064171122781e-01
1.032432432432432323e+00
1.262910798122065748e+00
1.099502487562189046e+00
1.292553191489361764e+00
1.044642857142857206e+00
1.144859813084112110e+00
1.027149321266968229e+00
1.018518518518518601e+00
1.136585365853658436e+00
1.172131147540983687e+00
9.280000000000000471e-01
1.102040816326530503e+00
1.089285714285714191e+00
1.076000000000000068e+00
1.035856573705179251e+00
9.218106995884773891e-01
1.046332046332046239e+00
1.105839416058394198e+00
1.133093525179856176e+00
1.188976377952756014e+00
1.185454545454545539e+00
9.722222222222222099e-01
1.217712177121771155e+00
1.228295819935691258e+00
1.093645484949832714e+00
1.187500000000000000e+00
1.091503267973856106e+00
1.169811320754716943e+00
1.152061855670102997e+00
8.627450980392157298e-01
1.176630434782608647e+00
1.136597938144329856e+00
1.070270270270270219e+00
9.396325459317584894e-01
1.226932668329177023e+00
1.136470588235294121e+00
1.095588235294117752e+00
1.053658536585365901e+00
1.369020501138952239e+00
1.107723577235772305e+00
1.216666666666666563e+00
1.150390625000000000e+00
1.190099009900990046e+00
1.282882882882882880e+00
1.291814946619217030e+00
1.455026455026455112e+00
1.228346456692913424e+00
1.313099041533546396e+00
1.312500000000000000e+00
1.300271739130434812e+00
1.252774352651048195e+00
1.379953379953379855e+00
1.377162629757785473e+00
1.212943632567849761e+00
1.408450704225352013e+00
1.219178082191780810e+00
1.331925675675675658e+00
1.408438818565400874e+00
1.294388931591083702e+00
1.346126510305614810e+00
1.294426229508196746e+00
1.323086196503918011e+00
1.427267194157029850e+00
1.438681793625067540e+00
1.422310756972111623e+00
1.378042959427207670e+00
1.397954835960800946e+00
1.386188271604938294e+00
1.396983075791022877e+00
1.375453645661497859e+00
1.360763454317897470e+00
1.380898876404494491e+00
1.385702854094425174e+00
1.331612903225806388e+00
1.343117178612059259e+00
1.380214020528499619e+00
1.352976428286056798e+00
1.367090977162111587e+00
1.372247090420769977e+00
1.351043338683788120e+00
1.413558272713202335e+00
1.387813211845102535e+00
1.411182519280205661e+00
1.378214459000485226e+00
1.371067789100576029e+00
1.382760067114094049e+00
1.388894216936798598e+00
1.400035417035594199e+00
1.375318379755155807e+00
1.370104841196423173e+00
1.365022484541877468e+00
1.360795269962965293e+00
1.368652075839785320e+00
1.340546110252447187e+00
1.361360990581013786e+00
1.374033394079692716e+00
1.355866932677585401e+00
1.338399017906277688e+00
1.343940419769803718e+00
1.338754990388880683e+00
1.335142003502867603e+00
1.331142258740132034e+00
1.324049325719839576e+00
1.319337920144371790e+00
1.319493818644877248e+00
1.334452702535865010e+00
1.298147500873820359e+00
1.289407204146522101e+00
1.284133142740453426e+00
1.281890998069239673e+00
1.272211686083265514e+00
1.264864590557707613e+00
1.261874445966637115e+00
1.251739620137935383e+00
1.234316353887399353e+00
1.237137447520785916e+00
1.215536859078555576e+00
1.208379175835166963e+00
1.206762460283587135e+00
1.189209357016066226e+00
1.169525851798904004e+00
1.164185940004579756e+00
1.161862861037060712e+00
1.141139778301340169e+00
1.136477029590110988e+00
1.115547017995324408e+00
1.097913916028518511e+00
1.082205136538181955e+00
1.072216742179793680e+00
1.058511731109010867e+00
1.042257942480903532e+00
1.028782894736842035e+00
1.022043375929991837e+00
9.960436914079298099e-01
9.893643468667940866e-01
9.682225358042209074e-01
9.562977810926720501e-01
9.477575700612497211e-01
9.329088122363202729e-01
9.160636294426413029e-01
8.994555736760542208e-01
8.998829380069572892e-01
8.895290453253450469e-01
8.701380012000103914e-01
8.543325984923908489e-01
8.406385181350981561e-01
8.371323739092412231e-01
8.284480709815416066e-01
8.130943182403543856e-01
8.045327298274216332e-01
8.003321438991001235e-01
7.948922398630425823e-01
7.858769648168659749e-01
7.777243360588610432e-01
7.673850377487988483e-01
7.664030526791045794e-01
7.487709176631150987e-01
7.330926124719430170e-01
7.260207360066688320e-01
7.017421346662746640e-01
6.553513982908681923e-01
6.090790744551295433e-01
5.307050451310734163e-01
4.197384927144649502e-01
2.920602501914730809e-01
1.530078827271469932e-01
5.157652954687826086e-02
0.000000000000000000e+00
