2.228155339805825363e+00
9.537037037037037202e-01
7.674418604651163101e-01
9.814814814814815103e-01
1.222222222222222321e+00
8.985507246376811530e-01
9.699999999999999734e-01
1.308510638297872397e+00
8.513513513513513153e-01
1.094594594594594517e+00
9.545454545454545858e-01
8.823529411764705621e-01
1.197674418604651070e+00
1.176470588235294157e+00
1.011494252873563315e+00
1.495238095238095255e+00
9.708737864077670032e-01
1.038834951456310662e+00
1.027027027027026973e+00
1.059701492537313383e+00
9.908256880733945504e-01
1.221052631578947389e+00
8.688524590163934080e-01
8.148148148148147696e-01
7.835820895522388474e-01
1.226086956521739157e+00
8.518518518518518601e-01
6.548672566371681603e-01
1.034090909090909172e+00
8.800000000000000044e-01
9.306930693069307425e-01
8.399999999999999689e-01
8.020833333333333703e-01
1.266666666666666607e+00
9.887640449438201973e-01
1.206896551724137900e+00
9.636363636363636243e-01
9.749999999999999778e-01
1.292682926829268331e+00
1.351648351648351731e+00
1.000000000000000000e+00
1.316326530612244916e+00
1.173076923076923128e+00
1.087719298245614086e+00
1.128571428571428559e+00
1.223076923076923173e+00
1.049586776859504189e+00
9.779411764705882026e-01
1.129032258064516236e+00
1.114864864864864913e+00
9.635036496350365409e-01
1.043165467625899234e+00
8.823529411764705621e-01
1.060150375939849621e+00
1.078014184397163122e+00
9.865771812080537106e-01
9.714285714285714191e-01
1.276923076923076827e+00
1.143884892086330929e+00
1.309523809523809534e+00
8.969696969696969724e-01
8.859060402684564295e-01
1.122699386503067442e+00
9.883720930232557933e-01
9.399999999999999467e-01
8.296296296296296058e-01
1.065359477124182996e+00
1.215686274509803821e+00
9.772727272727272929e-01
1.296774193548387188e+00
1.183544303797468444e+00
1.037267080745341685e+00
1.224719101123595610e+00
9.378238341968911929e-01
8.480392156862744946e-01
1.119402985074626766e+00
9.788359788359788372e-01
7.783783783783784216e-01
8.287292817679557944e-01
9.828571428571428736e-01
1.095693779904306275e+00
1.294871794871794934e+00
1.045197740112994378e+00
1.131707317073170627e+00
1.005291005291005346e+00
1.108808290155440357e+00
9.289617486338798136e-01
9.193548387096773800e-01
1.062827225130890119e+00
9.622641509433962348e-01
8.444444444444444420e-01
1.212669683257918463e+00
1.062500000000000000e+00
1.016460905349794164e+00
1.020100502512562901e+00
1.096618357487922690e+00
1.039325842696629199e+00
1.039215686274509887e+00
9.541284403669725300e-01
1.004975124378109541e+00
1.262886597938144284e+00
9.902912621359223344e-01
1.090497737556560987e+00
1.188940092165898577e+00
1.037815126050420256e+00
1.227074235807860347e+00
1.302419354838709742e+00
9.592760180995475450e-01
1.038022813688213031e+00
1.043062200956937691e+00
1.000000000000000000e+00
1.168965517241379315e+00
1.123636363636363544e+00
1.073426573426573327e+00
1.094202898550724612e+00
1.099678456591639764e+00
1.151624548736462028e+00
9.823529411764705399e-01
1.164037854889589996e+00
1.086538461538461453e+00
1.017647058823529349e+00
1.072948328267477214e+00
1.094285714285714306e+00
1.078328981723237545e+00
1.165374677002583903e+00
1.151685393258427004e+00
1.199453551912568416e+00
1.151193633952254602e+00
1.083333333333333259e+00
1.178794178794178693e+00
1.240476190476190510e+00
1.086651053864168714e+00
1.248888888888888937e+00
1.147751605995717350e+00
1.184523809523809534e+00
1.242857142857142883e+00
1.107078039927404722e+00
1.189239332096474921e+00
1.246503496503496455e+00
1.293718166383701185e+00
1.242187500000000000e+00
1.367897727272727293e+00
1.293871866295264628e+00
1.291723202170963258e+00
1.357493857493857536e+00
1.311184939091915913e+00
1.314415437003405129e+00
1.283769633507853447e+00
1.376283846872082162e+00
1.330404217926186350e+00
1.311033883579496129e+00
1.368710691823899372e+00
1.361331220285261434e+00
1.388268156424580901e+00
1.350260416666666741e+00
1.407200496585971461e+00
1.479818078453666752e+00
1.365602471678681873e+00
1.329321136254212776e+00
1.407930720145852410e+00
1.350862777321281794e+00
1.337372947615324437e+00
1.343096234309623327e+00
1.411295681063122975e+00
1.345543345543345648e+00
1.385404789053591879e+00
1.390387182910547414e+00
1.345849802371541504e+00
1.372413793103448354e+00
1.382250327082424679e+00
1.344546178343948961e+00
1.355682446122674634e+00
1.350025121420197705e+00
1.376023583360628910e+00
1.389139612752948061e+00
1.385249336499511097e+00
1.369919751488480442e+00
1.377543776620918203e+00
1.378846794800577813e+00
1.361377062538195126e+00
1.366136740466205035e+00
1.388283257998759179e+00
1.331908948968690831e+00
1.346110399879508979e+00
1.373644820591732429e+00
1.356988117901923419e+00
1.345252384863225625e+00
1.350606775176856234e+00
1.336922170442980340e+00
1.345694437503123675e+00
1.315934570850946450e+00
1.250796658341228218e+00
1.177128973153827696e+00
1.097354497354497305e+00
9.549936161157610570e-01
7.617434210526315974e-01
5.183882512649635732e-01
2.810146085368637192e-01
8.980282598184065324e-02
0.000000000000000000e+00
