1.913043478260869623e+00
1.155844155844155896e+00
8.088235294117647189e-01
8.000000000000000444e-01
8.787878787878787845e-01
9.605263157894736725e-01
9.740259740259740173e-01
1.152542372881355970e+00
6.533333333333333215e-01
9.558823529411765163e-01
1.045454545454545414e+00
8.837209302325581550e-01
1.172413793103448176e+00
8.709677419354838745e-01
8.076923076923077094e-01
6.199999999999999956e-01
1.090909090909090828e+00
7.547169811320755262e-01
7.037037037037037202e-01
1.139999999999999902e+00
6.250000000000000000e-01
1.136363636363636465e+00
1.153846153846153744e+00
9.791666666666666297e-01
5.799999999999999600e-01
8.653846153846154188e-01
8.181818181818182323e-01
8.292682926829267887e-01
1.000000000000000000e+00
7.058823529411765163e-01
4.615384615384615641e-01
9.310344827586206629e-01
4.074074074074073848e-01
8.461538461538461453e-01
9.166666666666666297e-01
4.642857142857143016e-01
9.285714285714286031e-01
5.000000000000000000e-01
1.333333333333333259e+00
7.619047619047618625e-01
6.428571428571429047e-01
1.190476190476190466e+00
1.785714285714285809e+00
4.000000000000000222e-01
1.550000000000000044e+00
8.333333333333333703e-01
1.208333333333333259e+00
5.294117647058823595e-01
8.235294117647058432e-01
1.095238095238095344e+00
8.666666666666666963e-01
8.235294117647058432e-01
7.500000000000000000e-01
9.411764705882352811e-01
1.142857142857142794e+00
8.461538461538461453e-01
6.250000000000000000e-01
6.999999999999999556e-01
9.000000000000000222e-01
1.083333333333333259e+00
5.000000000000000000e-01
6.428571428571429047e-01
1.250000000000000000e+00
8.571428571428570953e-01
1.000000000000000000e+00
1.444444444444444420e+00
1.230769230769230838e+00
2.000000000000000000e+00
1.125000000000000000e+00
1.750000000000000000e+00
9.166666666666666297e-01
8.000000000000000444e-01
8.333333333333333703e-01
3.076923076923077094e-01
9.285714285714286031e-01
1.214285714285714191e+00
1.411764705882353033e+00
1.090909090909090828e+00
1.235294117647058876e+00
7.500000000000000000e-01
2.071428571428571619e+00
1.000000000000000000e+00
6.190476190476190688e-01
5.000000000000000000e-01
4.705882352941176405e-01
1.357142857142857206e+00
5.000000000000000000e-01
6.428571428571429047e-01
4.000000000000000222e-01
1.000000000000000000e+00
2.399999999999999911e+00
2.999999999999999889e-01
1.545454545454545414e+00
6.153846153846154188e-01
2.500000000000000000e-01
7.500000000000000000e-01
1.000000000000000000e+00
1.333333333333333259e+00
2.000000000000000000e+00
3.333333333333333148e-01
6.666666666666666297e-01
1.428571428571428603e+00
2.999999999999999889e-01
1.250000000000000000e+00
1.600000000000000089e+00
1.666666666666666741e+00
2.857142857142856984e-01
1.285714285714285809e+00
2.857142857142856984e-01
1.000000000000000000e+00
2.166666666666666519e+00
1.428571428571428492e-01
1.000000000000000000e+00
1.833333333333333259e+00
7.500000000000000000e-01
1.500000000000000000e+00
1.000000000000000000e+00
1.000000000000000000e+00
8.461538461538461453e-01
7.142857142857143016e-01
1.909090909090909172e+00
4.545454545454545303e-01
1.375000000000000000e+00
4.000000000000000222e-01
1.235294117647058876e+00
9.285714285714286031e-01
8.333333333333333703e-01
1.777777777777777679e+00
3.846153846153846367e-01
1.300000000000000044e+00
1.250000000000000000e+00
6.666666666666666297e-01
5.714285714285713969e-01
7.857142857142856984e-01
1.000000000000000000e+00
6.363636363636363535e-01
6.250000000000000000e-01
5.000000000000000000e-01
0.000000000000000000e+00
0.000000000000000000e+00
7.142857142857143016e-01
3.000000000000000000e+00
6.000000000000000000e+00
1.000000000000000000e+00
1.000000000000000000e+00
0.000000000000000000e+00
0.000000000000000000e+00
5.999999999999999778e-01
7.500000000000000000e-01
7.500000000000000000e-01
1.500000000000000000e+00
2.000000000000000000e+00
5.000000000000000000e-01
1.000000000000000000e+00
1.250000000000000000e+00
4.000000000000000222e-01
0.000000000000000000e+00
7.500000000000000000e-01
3.333333333333333148e-01
0.000000000000000000e+00
1.333333333333333259e+00
nan
0.000000000000000000e+00
0.000000000000000000e+00
0.000000000000000000e+00
nan
nan
nan
nan
nan
nan
nan
nan
nan
nan
nan
nan
nan
nan
nan
nan
nan
nan
nan
nan
nan
nan
nan
nan
nan
nan
nan
nan
nan
nan
nan
nan
nan
nan
nan
