1.844999999999999973e+00
8.902439024390244038e-01
1.095890410958904049e+00
1.260869565217391353e+00
7.205882352941176405e-01
1.394366197183098510e+00
9.552238805970149071e-01
9.571428571428571841e-01
8.064516129032257563e-01
9.466666666666666563e-01
7.407407407407406996e-01
1.138461538461538414e+00
1.098039215686274606e+00
1.066666666666666652e+00
8.333333333333333703e-01
1.015384615384615330e+00
6.455696202531645556e-01
9.090909090909090606e-01
7.656250000000000000e-01
1.178571428571428603e+00
8.000000000000000444e-01
1.416666666666666741e+00
1.116666666666666696e+00
1.000000000000000000e+00
7.142857142857143016e-01
1.000000000000000000e+00
8.035714285714286031e-01
1.132075471698113178e+00
7.575757575757575690e-01
1.134615384615384581e+00
6.346153846153845812e-01
9.210526315789473450e-01
9.454545454545454364e-01
6.976744186046511809e-01
9.215686274509803377e-01
9.499999999999999556e-01
8.292682926829267887e-01
6.842105263157894912e-01
9.444444444444444198e-01
9.210526315789473450e-01
9.032258064516128782e-01
8.648648648648649129e-01
2.592592592592592449e-01
2.916666666666666852e-01
9.375000000000000000e-01
9.310344827586206629e-01
9.499999999999999556e-01
1.000000000000000000e+00
1.428571428571428603e+00
1.291666666666666741e+00
6.666666666666666297e-01
4.705882352941176405e-01
8.000000000000000444e-01
8.000000000000000444e-01
5.789473684210526550e-01
1.000000000000000000e+00
1.095238095238095344e+00
7.391304347826086474e-01
9.000000000000000222e-01
1.250000000000000000e+00
1.235294117647058876e+00
1.000000000000000000e+00
6.470588235294117974e-01
7.222222222222222099e-01
5.714285714285713969e-01
5.909090909090909394e-01
5.999999999999999778e-01
8.888888888888888395e-01
1.411764705882353033e+00
1.384615384615384581e+00
8.125000000000000000e-01
6.666666666666666297e-01
1.000000000000000000e+00
6.250000000000000000e-01
1.250000000000000000e+00
5.000000000000000000e-01
1.300000000000000044e+00
9.230769230769231282e-01
1.857142857142857206e+00
1.000000000000000000e+00
5.454545454545454142e-01
1.000000000000000000e+00
4.444444444444444198e-01
1.181818181818181879e+00
1.272727272727272707e+00
1.375000000000000000e+00
0.000000000000000000e+00
1.699999999999999956e+00
1.090909090909090828e+00
1.199999999999999956e+00
1.000000000000000000e+00
1.428571428571428603e+00
1.090909090909090828e+00
1.000000000000000000e+00
9.285714285714286031e-01
4.666666666666666741e-01
1.000000000000000000e+00
2.000000000000000111e-01
1.250000000000000000e+00
7.142857142857143016e-01
1.307692307692307709e+00
1.500000000000000000e+00
5.555555555555555802e-01
9.000000000000000222e-01
2.250000000000000000e+00
5.555555555555555802e-01
6.153846153846154188e-01
1.666666666666666741e+00
6.666666666666666297e-01
7.857142857142856984e-01
1.555555555555555580e+00
4.000000000000000222e-01
7.058823529411765163e-01
2.111111111111111160e+00
2.285714285714285587e+00
1.399999999999999911e+00
7.222222222222222099e-01
1.000000000000000000e+00
1.199999999999999956e+00
1.058823529411764719e+00
9.411764705882352811e-01
9.375000000000000000e-01
1.000000000000000000e+00
8.000000000000000444e-01
0.000000000000000000e+00
1.090909090909090828e+00
1.000000000000000000e+00
1.199999999999999956e+00
1.625000000000000000e+00
9.000000000000000222e-01
1.090909090909090828e+00
2.857142857142856984e-01
8.571428571428570953e-01
6.666666666666666297e-01
6.666666666666666297e-01
1.000000000000000000e+00
1.000000000000000000e+00
1.199999999999999956e+00
3.636363636363636465e-01
1.666666666666666574e-01
1.000000000000000000e+00
3.333333333333333148e-01
5.000000000000000000e-01
1.000000000000000000e+00
2.250000000000000000e+00
0.000000000000000000e+00
1.600000000000000089e+00
4.000000000000000222e-01
1.333333333333333259e+00
0.000000000000000000e+00
2.399999999999999911e+00
1.666666666666666574e-01
1.333333333333333259e+00
0.000000000000000000e+00
0.000000000000000000e+00
2.000000000000000000e+00
1.666666666666666741e+00
1.333333333333333259e+00
0.000000000000000000e+00
0.000000000000000000e+00
1.250000000000000000e+00
1.399999999999999911e+00
0.000000000000000000e+00
0.000000000000000000e+00
1.000000000000000000e+00
0.000000000000000000e+00
0.000000000000000000e+00
0.000000000000000000e+00
0.000000000000000000e+00
0.000000000000000000e+00
nan
6.000000000000000000e+00
nan
nan
nan
3.000000000000000000e+00
2.000000000000000000e+00
6.666666666666666297e-01
5.000000000000000000e-01
0.000000000000000000e+00
0.000000000000000000e+00
0.000000000000000000e+00
nan
nan
1.000000000000000000e+00
nan
0.000000000000000000e+00
1.500000000000000000e+00
nan
nan
1.000000000000000000e+00
3.000000000000000000e+00
nan
nan
1.000000000000000000e+00
0.000000000000000000e+00
0.000000000000000000e+00
0.000000000000000000e+00
0.000000000000000000e+00
nan
