1.972350230414746441e+00
7.792207792207792583e-01
8.478260869565217295e-01
1.019607843137254832e+00
9.000000000000000222e-01
6.219512195121951192e-01
8.653846153846154188e-01
8.358208955223880299e-01
5.522388059701492935e-01
1.290909090909091006e+00
1.000000000000000000e+00
1.042553191489361764e+00
8.181818181818182323e-01
1.181818181818181879e+00
1.048780487804878092e+00
1.153846153846153744e+00
8.163265306122449161e-01
1.054545454545454453e+00
8.196721311475410054e-01
8.913043478260869179e-01
6.923076923076922906e-01
8.965517241379310498e-01
8.301886792452830566e-01
7.045454545454545858e-01
1.260000000000000009e+00
1.235294117647058876e+00
1.468085106382978733e+00
7.619047619047618625e-01
1.100000000000000089e+00
1.190476190476190466e+00
1.274509803921568540e+00
1.178571428571428603e+00
8.125000000000000000e-01
9.687500000000000000e-01
6.956521739130434590e-01
8.275862068965517127e-01
9.622641509433962348e-01
1.111111111111111160e+00
1.078947368421052655e+00
6.444444444444444864e-01
1.295454545454545414e+00
1.145454545454545503e+00
9.682539682539682557e-01
9.491525423728813804e-01
9.200000000000000400e-01
1.137254901960784270e+00
7.173913043478260532e-01
8.222222222222221877e-01
8.367346938775510612e-01
1.000000000000000000e+00
8.771929824561403022e-01
7.714285714285714635e-01
1.121212121212121104e+00
6.981132075471697673e-01
9.111111111111110938e-01
5.714285714285713969e-01
1.060606060606060552e+00
1.225000000000000089e+00
8.571428571428570953e-01
1.514285714285714235e+00
1.100000000000000089e+00
1.071428571428571397e+00
7.575757575757575690e-01
1.214285714285714191e+00
6.969696969696970168e-01
8.484848484848485084e-01
1.044444444444444509e+00
6.976744186046511809e-01
1.342857142857142749e+00
8.378378378378378288e-01
8.378378378378378288e-01
1.172413793103448176e+00
9.677419354838709964e-01
9.230769230769231282e-01
1.051282051282051322e+00
1.028571428571428470e+00
1.081081081081081141e+00
8.965517241379310498e-01
1.218750000000000000e+00
1.333333333333333259e+00
6.976744186046511809e-01
1.043478260869565188e+00
7.142857142857143016e-01
8.333333333333333703e-01
1.136363636363636465e+00
8.611111111111111605e-01
6.363636363636363535e-01
8.611111111111111605e-01
7.586206896551723755e-01
7.666666666666667185e-01
8.076923076923077094e-01
1.173913043478260976e+00
9.130434782608695121e-01
1.111111111111111160e+00
8.965517241379310498e-01
1.300000000000000044e+00
8.750000000000000000e-01
1.137931034482758674e+00
6.842105263157894912e-01
8.928571428571429047e-01
7.037037037037037202e-01
4.074074074074073848e-01
1.166666666666666741e+00
6.153846153846154188e-01
1.214285714285714191e+00
5.789473684210526550e-01
9.285714285714286031e-01
1.083333333333333259e+00
8.571428571428570953e-01
1.705882352941176405e+00
1.125000000000000000e+00
8.000000000000000444e-01
1.133333333333333304e+00
1.125000000000000000e+00
5.000000000000000000e-01
9.444444444444444198e-01
1.055555555555555580e+00
8.333333333333333703e-01
3.888888888888888951e-01
1.687500000000000000e+00
7.142857142857143016e-01
1.149999999999999911e+00
5.000000000000000000e-01
1.300000000000000044e+00
5.000000000000000000e-01
8.571428571428570953e-01
1.181818181818181879e+00
7.368421052631578538e-01
1.750000000000000000e+00
1.333333333333333259e+00
9.499999999999999556e-01
1.000000000000000000e+00
7.857142857142856984e-01
8.235294117647058432e-01
1.083333333333333259e+00
7.777777777777777901e-01
8.571428571428570953e-01
2.500000000000000000e-01
2.857142857142856984e-01
4.000000000000000222e-01
1.000000000000000000e+00
1.583333333333333259e+00
0.000000000000000000e+00
7.142857142857143016e-01
2.250000000000000000e+00
0.000000000000000000e+00
1.214285714285714191e+00
8.750000000000000000e-01
7.500000000000000000e-01
7.500000000000000000e-01
1.083333333333333259e+00
1.000000000000000000e+00
4.444444444444444198e-01
9.000000000000000222e-01
8.333333333333333703e-01
1.750000000000000000e+00
5.000000000000000000e-01
4.615384615384615641e-01
1.142857142857142794e+00
2.666666666666666519e+00
1.250000000000000000e+00
2.222222222222222099e-01
1.399999999999999911e+00
0.000000000000000000e+00
5.000000000000000000e-01
1.399999999999999911e+00
5.000000000000000000e-01
0.000000000000000000e+00
1.500000000000000000e+00
0.000000000000000000e+00
4.000000000000000222e-01
1.500000000000000000e+00
3.000000000000000000e+00
6.666666666666666297e-01
7.142857142857143016e-01
2.000000000000000111e-01
1.250000000000000000e+00
1.500000000000000000e+00
0.000000000000000000e+00
0.000000000000000000e+00
3.000000000000000000e+00
1.500000000000000000e+00
1.000000000000000000e+00
1.500000000000000000e+00
4.000000000000000000e+00
1.000000000000000000e+00
1.000000000000000000e+00
1.000000000000000000e+00
1.000000000000000000e+00
0.000000000000000000e+00
8.333333333333333703e-01
2.666666666666666519e+00
0.000000000000000000e+00
8.000000000000000444e-01
3.000000000000000000e+00
7.500000000000000000e-01
5.000000000000000000e-01
3.333333333333333148e-01
2.222222222222222099e-01
0.000000000000000000e+00
