2.005102040816326703e+00
1.011904761904761862e+00
9.615384615384615641e-01
1.250000000000000000e+00
9.722222222222222099e-01
8.800000000000000044e-01
1.187500000000000000e+00
1.391891891891891886e+00
8.659793814432990011e-01
7.560975609756097615e-01
8.292682926829267887e-01
1.034883720930232620e+00
6.705882352941175961e-01
1.038461538461538547e+00
9.558823529411765163e-01
7.199999999999999734e-01
7.076923076923077316e-01
8.461538461538461453e-01
7.794117647058823595e-01
6.666666666666666297e-01
8.571428571428570953e-01
8.775510204081632404e-01
1.456521739130434812e+00
9.705882352941176405e-01
9.016393442622950838e-01
1.000000000000000000e+00
7.750000000000000222e-01
1.000000000000000000e+00
7.678571428571429047e-01
9.523809523809523281e-01
8.199999999999999512e-01
6.857142857142857206e-01
1.176470588235294157e+00
8.285714285714286254e-01
1.121212121212121104e+00
9.047619047619047672e-01
7.500000000000000000e-01
6.071428571428570953e-01
1.025641025641025550e+00
7.027027027027027417e-01
7.027027027027027417e-01
9.642857142857143016e-01
1.166666666666666741e+00
1.171428571428571486e+00
9.333333333333333481e-01
6.666666666666666297e-01
1.125000000000000000e+00
8.787878787878787845e-01
8.857142857142856762e-01
6.999999999999999556e-01
7.272727272727272929e-01
1.000000000000000000e+00
1.058823529411764719e+00
8.000000000000000444e-01
5.000000000000000000e-01
7.619047619047618625e-01
8.333333333333333703e-01
4.736842105263157632e-01
1.153846153846153744e+00
8.000000000000000444e-01
1.444444444444444420e+00
6.999999999999999556e-01
1.818181818181818121e+00
0.000000000000000000e+00
1.157894736842105310e+00
1.375000000000000000e+00
1.562500000000000000e+00
8.666666666666666963e-01
1.533333333333333437e+00
1.538461538461538547e+00
1.000000000000000000e+00
1.227272727272727293e+00
5.000000000000000000e-01
6.315789473684210176e-01
1.333333333333333259e+00
1.083333333333333259e+00
6.111111111111111605e-01
1.100000000000000089e+00
1.000000000000000000e+00
1.300000000000000044e+00
8.750000000000000000e-01
1.000000000000000000e+00
7.727272727272727071e-01
8.235294117647058432e-01
1.388888888888888840e+00
1.190476190476190466e+00
1.041666666666666741e+00
8.750000000000000000e-01
8.461538461538461453e-01
9.411764705882352811e-01
4.705882352941176405e-01
1.083333333333333259e+00
1.111111111111111160e+00
1.000000000000000000e+00
9.130434782608695121e-01
1.466666666666666563e+00
7.692307692307692735e-01
8.823529411764705621e-01
1.000000000000000000e+00
7.894736842105263275e-01
8.571428571428570953e-01
1.727272727272727293e+00
1.111111111111111160e+00
1.166666666666666741e+00
6.923076923076922906e-01
8.571428571428570953e-01
1.368421052631578982e+00
6.800000000000000488e-01
5.833333333333333703e-01
4.545454545454545303e-01
7.647058823529411242e-01
1.000000000000000000e+00
8.750000000000000000e-01
1.636363636363636465e+00
1.181818181818181879e+00
1.333333333333333259e+00
2.500000000000000000e-01
1.055555555555555580e+00
4.444444444444444198e-01
9.166666666666666297e-01
1.636363636363636465e+00
7.500000000000000000e-01
1.294117647058823595e+00
7.500000000000000000e-01
8.499999999999999778e-01
5.714285714285713969e-01
4.615384615384615641e-01
1.333333333333333259e+00
4.545454545454545303e-01
3.636363636363636465e-01
1.000000000000000000e+00
5.454545454545454142e-01
1.714285714285714191e+00
2.500000000000000000e-01
1.000000000000000000e+00
3.333333333333333148e-01
5.000000000000000000e-01
1.000000000000000000e+00
8.571428571428570953e-01
5.000000000000000000e-01
0.000000000000000000e+00
5.000000000000000000e-01
0.000000000000000000e+00
nan
0.000000000000000000e+00
nan
2.000000000000000000e+00
nan
0.000000000000000000e+00
nan
5.000000000000000000e-01
1.000000000000000000e+00
0.000000000000000000e+00
0.000000000000000000e+00
3.000000000000000000e+00
nan
nan
nan
0.000000000000000000e+00
1.000000000000000000e+00
0.000000000000000000e+00
nan
nan
0.000000000000000000e+00
nan
nan
nan
nan
nan
nan
nan
nan
nan
nan
nan
nan
nan
nan
nan
nan
nan
nan
nan
nan
nan
nan
nan
nan
nan
nan
nan
nan
nan
nan
nan
nan
nan
nan
nan
nan
