2.056994818652849943e+00
1.076190476190476142e+00
6.296296296296296502e-01
8.289473684210526550e-01
6.301369863013698280e-01
8.965517241379310498e-01
1.070175438596491224e+00
1.015625000000000000e+00
9.310344827586206629e-01
9.361702127659574657e-01
1.089285714285714191e+00
1.135593220338983134e+00
8.450704225352112520e-01
5.762711864406779849e-01
9.000000000000000222e-01
1.085106382978723305e+00
1.038461538461538547e+00
8.333333333333333703e-01
1.226415094339622591e+00
1.000000000000000000e+00
1.317460317460317443e+00
7.413793103448276245e-01
1.139534883720930258e+00
1.183673469387755084e+00
1.081632653061224580e+00
9.807692307692307265e-01
1.052631578947368363e+00
9.428571428571428381e-01
9.245283018867924696e-01
8.620689655172413257e-01
1.089552238805970186e+00
5.937500000000000000e-01
7.586206896551723755e-01
8.148148148148147696e-01
6.666666666666666297e-01
7.435897435897436125e-01
1.023809523809523725e+00
9.523809523809523281e-01
1.051282051282051322e+00
1.025641025641025550e+00
9.599999999999999645e-01
8.048780487804878536e-01
1.161290322580645240e+00
7.916666666666666297e-01
9.729729729729730270e-01
7.878787878787878451e-01
1.076923076923076872e+00
1.162162162162162060e+00
1.324324324324324342e+00
9.736842105263158187e-01
1.117647058823529438e+00
8.888888888888888395e-01
1.000000000000000000e+00
7.948717948717948234e-01
9.024390243902439268e-01
9.523809523809523281e-01
1.216216216216216228e+00
6.999999999999999556e-01
9.285714285714286031e-01
1.147058823529411686e+00
1.233333333333333393e+00
9.130434782608695121e-01
9.565217391304348116e-01
9.062500000000000000e-01
5.000000000000000000e-01
7.741935483870967527e-01
7.249999999999999778e-01
9.166666666666666297e-01
7.777777777777777901e-01
8.666666666666666963e-01
8.636363636363636465e-01
5.555555555555555802e-01
6.071428571428570953e-01
8.333333333333333703e-01
8.235294117647058432e-01
4.782608695652174058e-01
2.000000000000000000e+00
1.050000000000000044e+00
9.000000000000000222e-01
1.647058823529411686e+00
6.190476190476190688e-01
7.142857142857142461e-02
6.666666666666666297e-01
8.571428571428570953e-01
9.285714285714286031e-01
2.000000000000000000e+00
9.230769230769231282e-01
1.000000000000000000e+00
1.888888888888888840e+00
1.250000000000000000e+00
9.230769230769231282e-01
6.428571428571429047e-01
1.153846153846153744e+00
1.000000000000000056e-01
1.083333333333333259e+00
3.076923076923077094e-01
6.923076923076922906e-01
1.583333333333333259e+00
1.636363636363636465e+00
2.500000000000000000e+00
7.142857142857143016e-01
1.076923076923076872e+00
8.333333333333333703e-01
2.000000000000000000e+00
1.000000000000000000e+00
4.000000000000000222e-01
1.000000000000000000e+00
9.090909090909090606e-01
6.315789473684210176e-01
1.500000000000000000e+00
1.000000000000000000e+00
7.500000000000000000e-01
1.000000000000000000e+00
8.888888888888888395e-01
0.000000000000000000e+00
5.000000000000000000e-01
1.000000000000000000e+00
4.000000000000000222e-01
1.285714285714285809e+00
1.000000000000000000e+00
6.666666666666666297e-01
2.222222222222222099e-01
5.714285714285713969e-01
1.000000000000000000e+00
0.000000000000000000e+00
1.000000000000000000e+00
nan
2.000000000000000000e+00
5.000000000000000000e-01
6.666666666666666297e-01
1.750000000000000000e+00
1.666666666666666741e+00
3.600000000000000089e+00
8.000000000000000444e-01
0.000000000000000000e+00
2.399999999999999911e+00
1.000000000000000000e+00
8.333333333333333703e-01
0.000000000000000000e+00
2.857142857142856984e-01
1.222222222222222321e+00
1.285714285714285809e+00
7.500000000000000000e-01
1.714285714285714191e+00
1.000000000000000000e+00
5.000000000000000000e-01
5.000000000000000000e-01
1.636363636363636465e+00
7.777777777777777901e-01
2.000000000000000000e+00
1.500000000000000000e+00
1.300000000000000044e+00
4.545454545454545303e-01
0.000000000000000000e+00
8.571428571428570953e-01
5.000000000000000000e-01
1.250000000000000000e-01
2.500000000000000000e-01
1.333333333333333259e+00
0.000000000000000000e+00
1.285714285714285809e+00
3.000000000000000000e+00
2.000000000000000000e+00
1.500000000000000000e+00
1.000000000000000000e+00
1.571428571428571397e+00
1.000000000000000000e+00
2.166666666666666519e+00
5.833333333333333703e-01
1.000000000000000000e+00
1.000000000000000000e+00
3.750000000000000000e-01
6.666666666666666297e-01
1.333333333333333259e+00
8.000000000000000444e-01
1.666666666666666574e-01
1.111111111111111160e+00
1.000000000000000000e+00
0.000000000000000000e+00
2.000000000000000111e-01
0.000000000000000000e+00
0.000000000000000000e+00
1.000000000000000000e+00
0.000000000000000000e+00
1.000000000000000000e+00
0.000000000000000000e+00
0.000000000000000000e+00
nan
0.000000000000000000e+00
nan
0.000000000000000000e+00
nan
nan
nan
nan
nan
nan
nan
nan
nan
