1.974489795918367374e+00
8.586956521739130821e-01
9.866666666666666918e-01
8.888888888888888395e-01
8.059701492537313383e-01
7.066666666666666652e-01
7.246376811594202882e-01
1.140350877192982448e+00
1.016666666666666607e+00
6.122448979591836871e-01
1.230769230769230838e+00
6.181818181818181657e-01
8.478260869565217295e-01
1.392857142857142794e+00
9.090909090909090606e-01
1.060000000000000053e+00
8.392857142857143016e-01
1.326086956521739024e+00
8.225806451612903691e-01
8.367346938775510612e-01
4.400000000000000022e-01
9.375000000000000000e-01
1.000000000000000000e+00
8.333333333333333703e-01
1.289473684210526327e+00
9.534883720930232842e-01
1.159999999999999920e+00
9.428571428571428381e-01
8.666666666666666963e-01
1.000000000000000000e+00
1.113636363636363535e+00
7.297297297297297147e-01
1.272727272727272707e+00
7.435897435897436125e-01
9.772727272727272929e-01
6.875000000000000000e-01
8.125000000000000000e-01
1.261904761904761862e+00
8.000000000000000444e-01
7.837837837837837718e-01
6.562500000000000000e-01
5.200000000000000178e-01
8.444444444444444420e-01
9.473684210526315264e-01
9.393939393939394478e-01
6.060606060606060774e-01
9.565217391304348116e-01
1.000000000000000000e+00
8.399999999999999689e-01
5.925925925925925597e-01
5.600000000000000533e-01
1.360000000000000098e+00
6.999999999999999556e-01
1.300000000000000044e+00
4.666666666666666741e-01
1.052631578947368363e+00
5.555555555555555802e-01
1.166666666666666741e+00
8.181818181818182323e-01
7.500000000000000000e-01
5.555555555555555802e-01
1.095238095238095344e+00
8.095238095238095344e-01
1.000000000000000000e+00
1.000000000000000000e+00
9.411764705882352811e-01
8.333333333333332871e-02
8.750000000000000000e-01
3.750000000000000000e-01
1.000000000000000000e+00
1.166666666666666741e+00
1.250000000000000000e+00
1.909090909090909172e+00
7.500000000000000000e-01
8.750000000000000000e-01
6.666666666666666297e-01
8.666666666666666963e-01
1.666666666666666741e+00
1.500000000000000000e+00
2.000000000000000000e+00
1.611111111111111160e+00
1.157894736842105310e+00
1.235294117647058876e+00
7.600000000000000089e-01
1.416666666666666741e+00
1.600000000000000089e+00
9.473684210526315264e-01
1.260869565217391353e+00
9.090909090909090606e-01
1.050000000000000044e+00
9.444444444444444198e-01
4.782608695652174058e-01
8.695652173913043237e-01
1.294117647058823595e+00
1.041666666666666741e+00
1.166666666666666741e+00
6.842105263157894912e-01
1.000000000000000000e+00
2.727272727272727071e-01
1.136363636363636465e+00
9.444444444444444198e-01
8.499999999999999778e-01
5.000000000000000000e-01
1.133333333333333304e+00
6.999999999999999556e-01
1.000000000000000000e+00
1.000000000000000000e+00
9.375000000000000000e-01
5.384615384615384359e-01
1.333333333333333315e-01
6.842105263157894912e-01
7.777777777777777901e-01
1.142857142857142794e+00
4.000000000000000222e-01
4.285714285714285476e-01
3.333333333333333148e-01
1.666666666666666741e+00
3.166666666666666519e+00
1.750000000000000000e+00
1.375000000000000000e+00
0.000000000000000000e+00
5.000000000000000000e-01
6.666666666666666297e-01
9.090909090909090606e-01
3.000000000000000000e+00
1.285714285714285809e+00
1.000000000000000000e+00
1.333333333333333259e+00
1.666666666666666741e+00
8.125000000000000000e-01
1.875000000000000000e+00
3.333333333333333148e-01
1.384615384615384581e+00
2.857142857142856984e-01
1.000000000000000000e+00
1.125000000000000000e+00
1.500000000000000000e+00
6.250000000000000000e-01
1.000000000000000000e+00
3.333333333333333148e-01
6.363636363636363535e-01
1.875000000000000000e+00
1.250000000000000000e-01
2.000000000000000000e+00
1.500000000000000000e+00
8.750000000000000000e-01
1.125000000000000000e+00
1.000000000000000000e+00
9.090909090909091161e-02
1.399999999999999911e+00
7.777777777777777901e-01
1.545454545454545414e+00
1.666666666666666574e-01
1.666666666666666741e+00
4.444444444444444198e-01
1.375000000000000000e+00
1.166666666666666741e+00
1.250000000000000000e+00
6.666666666666666297e-01
5.555555555555555802e-01
6.363636363636363535e-01
1.750000000000000000e+00
9.090909090909090606e-01
1.857142857142857206e+00
5.999999999999999778e-01
5.000000000000000000e-01
5.000000000000000000e-01
1.857142857142857206e+00
1.333333333333333259e+00
5.000000000000000000e-01
5.000000000000000000e-01
1.375000000000000000e+00
8.571428571428570953e-01
3.333333333333333148e-01
8.750000000000000000e-01
1.090909090909090828e+00
0.000000000000000000e+00
2.000000000000000000e+00
1.800000000000000044e+00
8.000000000000000444e-01
5.999999999999999778e-01
8.888888888888888395e-01
4.000000000000000222e-01
3.750000000000000000e-01
8.000000000000000444e-01
5.999999999999999778e-01
2.000000000000000000e+00
5.000000000000000000e-01
1.000000000000000000e+00
2.600000000000000089e+00
1.714285714285714191e+00
5.714285714285713969e-01
6.666666666666666297e-01
8.000000000000000444e-01
5.000000000000000000e-01
0.000000000000000000e+00
5.000000000000000000e-01
0.000000000000000000e+00
2.857142857142856984e-01
0.000000000000000000e+00
