1.928571428571428603e+00
1.458333333333333259e+00
7.701149425287355799e-01
7.812500000000000000e-01
9.295774647887323772e-01
1.045454545454545414e+00
1.096774193548387011e+00
9.607843137254902244e-01
8.208955223880597396e-01
7.692307692307692735e-01
1.356164383561643927e+00
1.016129032258064502e+00
8.412698412698412787e-01
7.090909090909091050e-01
1.308823529411764719e+00
1.046153846153846212e+00
9.122807017543859143e-01
6.551724137931034253e-01
7.714285714285714635e-01
9.830508474576271638e-01
1.083333333333333259e+00
1.020000000000000018e+00
7.916666666666666297e-01
9.375000000000000000e-01
7.636363636363636687e-01
1.072727272727272751e+00
8.035714285714286031e-01
1.017543859649122862e+00
1.177777777777777812e+00
1.000000000000000000e+00
6.666666666666666297e-01
1.022727272727272707e+00
1.153846153846153744e+00
6.590909090909090606e-01
9.574468085106383475e-01
1.236842105263157965e+00
8.846153846153845812e-01
9.250000000000000444e-01
6.250000000000000000e-01
9.454545454545454364e-01
8.125000000000000000e-01
1.000000000000000000e+00
8.529411764705882026e-01
1.161290322580645240e+00
1.192307692307692291e+00
8.863636363636363535e-01
1.051282051282051322e+00
1.135135135135135087e+00
5.000000000000000000e-01
9.743589743589743390e-01
9.677419354838709964e-01
8.000000000000000444e-01
6.486486486486486847e-01
9.259259259259259300e-01
6.800000000000000488e-01
7.692307692307692735e-01
9.285714285714286031e-01
1.156250000000000000e+00
8.095238095238095344e-01
7.368421052631578538e-01
9.285714285714286031e-01
5.000000000000000000e-01
9.047619047619047672e-01
2.000000000000000000e+00
1.320000000000000062e+00
1.333333333333333259e+00
1.117647058823529438e+00
1.230769230769230838e+00
1.032258064516129004e+00
6.470588235294117974e-01
9.375000000000000000e-01
1.555555555555555580e+00
1.068965517241379226e+00
5.483870967741935054e-01
8.800000000000000044e-01
7.428571428571428825e-01
1.125000000000000000e+00
4.444444444444444198e-01
1.272727272727272707e+00
1.000000000000000000e+00
1.000000000000000000e+00
7.619047619047618625e-01
8.947368421052631637e-01
4.814814814814814548e-01
8.571428571428570953e-01
8.888888888888888395e-01
8.461538461538461453e-01
1.181818181818181879e+00
1.611111111111111160e+00
7.037037037037037202e-01
7.142857142857143016e-01
1.333333333333333259e+00
1.071428571428571397e+00
9.000000000000000222e-01
3.888888888888888951e-01
8.947368421052631637e-01
1.428571428571428603e+00
5.000000000000000000e-01
9.166666666666666297e-01
1.055555555555555580e+00
1.428571428571428603e+00
7.500000000000000000e-01
1.000000000000000000e+00
8.181818181818182323e-01
1.181818181818181879e+00
2.000000000000000000e+00
1.000000000000000000e+00
9.499999999999999556e-01
1.199999999999999956e+00
8.235294117647058432e-01
1.199999999999999956e+00
6.111111111111111605e-01
5.333333333333333259e-01
8.125000000000000000e-01
7.500000000000000000e-01
7.500000000000000000e-01
1.090909090909090828e+00
1.363636363636363535e+00
1.266666666666666607e+00
1.000000000000000000e+00
8.666666666666666963e-01
8.000000000000000444e-01
4.000000000000000222e-01
7.692307692307692735e-01
2.999999999999999889e-01
1.272727272727272707e+00
5.000000000000000000e-01
6.250000000000000000e-01
4.000000000000000222e-01
1.875000000000000000e+00
1.399999999999999911e+00
1.666666666666666741e+00
2.000000000000000000e+00
1.000000000000000000e+00
1.166666666666666741e+00
7.777777777777777901e-01
1.125000000000000000e+00
5.454545454545454142e-01
1.333333333333333259e+00
8.333333333333333703e-01
3.333333333333333148e-01
1.076923076923076872e+00
1.000000000000000000e+00
7.500000000000000000e-01
1.500000000000000000e+00
7.272727272727272929e-01
1.166666666666666741e+00
1.000000000000000000e+00
3.750000000000000000e-01
7.142857142857143016e-01
5.000000000000000000e-01
2.857142857142856984e-01
1.285714285714285809e+00
6.666666666666666297e-01
1.000000000000000000e+00
8.750000000000000000e-01
2.000000000000000111e-01
5.000000000000000000e-01
3.333333333333333148e-01
3.333333333333333148e-01
5.000000000000000000e-01
1.500000000000000000e+00
nan
1.500000000000000000e+00
0.000000000000000000e+00
2.500000000000000000e-01
6.666666666666666297e-01
1.000000000000000000e+00
0.000000000000000000e+00
0.000000000000000000e+00
nan
nan
nan
nan
nan
2.500000000000000000e+00
0.000000000000000000e+00
3.333333333333333148e-01
nan
nan
nan
3.000000000000000000e+00
nan
nan
0.000000000000000000e+00
nan
nan
nan
nan
nan
nan
nan
nan
nan
nan
nan
nan
nan
nan
nan
