1.953846153846153788e+00
1.566265060240963791e+00
1.168674698795180822e+00
1.250000000000000000e+00
1.091954022988505857e+00
1.177215189873417778e+00
7.375000000000000444e-01
1.084210526315789513e+00
8.229166666666666297e-01
9.875000000000000444e-01
8.207547169811321153e-01
8.865979381443298557e-01
1.239130434782608647e+00
8.720930232558139483e-01
1.040000000000000036e+00
9.264705882352941568e-01
8.170731707317072656e-01
9.069767441860464574e-01
1.031914893617021267e+00
9.722222222222222099e-01
5.277777777777777901e-01
9.620253164556962222e-01
9.855072463768116409e-01
9.701492537313433084e-01
1.032258064516129004e+00
1.052631578947368363e+00
7.777777777777777901e-01
9.342105263157894912e-01
8.591549295774647543e-01
6.956521739130434590e-01
7.627118644067796271e-01
7.258064516129032473e-01
1.390243902439024293e+00
9.423076923076922906e-01
1.222222222222222321e+00
7.962962962962962798e-01
8.518518518518518601e-01
9.807692307692307265e-01
8.571428571428570953e-01
1.041666666666666741e+00
1.315789473684210620e+00
7.708333333333333703e-01
9.375000000000000000e-01
8.181818181818182323e-01
7.560975609756097615e-01
8.775510204081632404e-01
7.446808510638297518e-01
8.461538461538461453e-01
1.135135135135135087e+00
1.000000000000000000e+00
9.722222222222222099e-01
8.378378378378378288e-01
8.444444444444444420e-01
1.093750000000000000e+00
7.435897435897436125e-01
8.139534883720930258e-01
7.812500000000000000e-01
1.275862068965517349e+00
6.923076923076922906e-01
2.571428571428571175e-01
1.000000000000000000e+00
8.750000000000000000e-01
9.677419354838709964e-01
6.666666666666666297e-01
6.666666666666666297e-01
1.000000000000000000e+00
1.307692307692307709e+00
7.777777777777777901e-01
1.100000000000000089e+00
9.375000000000000000e-01
8.620689655172413257e-01
1.439999999999999947e+00
1.055555555555555580e+00
1.050000000000000044e+00
1.214285714285714191e+00
1.187500000000000000e+00
4.090909090909091161e-01
8.095238095238095344e-01
1.000000000000000000e+00
4.285714285714285476e-01
3.846153846153846367e-01
2.470588235294117752e+00
7.058823529411765163e-01
1.437500000000000000e+00
1.615384615384615419e+00
9.090909090909090606e-01
1.000000000000000000e+00
8.214285714285713969e-01
5.909090909090909394e-01
9.666666666666666741e-01
1.055555555555555580e+00
1.000000000000000000e+00
1.222222222222222321e+00
7.058823529411765163e-01
8.888888888888888395e-01
1.500000000000000000e+00
7.272727272727272929e-01
6.875000000000000000e-01
1.481481481481481399e+00
1.388888888888888840e+00
1.388888888888888840e+00
5.000000000000000000e-01
1.115384615384615419e+00
8.421052631578946901e-01
7.222222222222222099e-01
1.052631578947368363e+00
1.041666666666666741e+00
9.375000000000000000e-01
4.666666666666666741e-01
9.090909090909090606e-01
4.500000000000000111e-01
1.285714285714285809e+00
1.083333333333333259e+00
1.066666666666666652e+00
8.095238095238095344e-01
0.000000000000000000e+00
1.384615384615384581e+00
1.000000000000000000e+00
4.285714285714285476e-01
5.555555555555555802e-01
2.000000000000000000e+00
9.411764705882352811e-01
5.999999999999999778e-01
1.000000000000000000e+00
1.727272727272727293e+00
2.000000000000000111e-01
1.214285714285714191e+00
1.222222222222222321e+00
4.705882352941176405e-01
3.076923076923077094e-01
1.428571428571428603e+00
1.111111111111111049e-01
1.250000000000000000e+00
1.000000000000000000e+00
7.500000000000000000e-01
1.100000000000000089e+00
1.600000000000000089e+00
6.666666666666666297e-01
5.833333333333333703e-01
3.333333333333333148e-01
9.090909090909090606e-01
1.500000000000000000e+00
8.888888888888888395e-01
5.000000000000000000e-01
1.571428571428571397e+00
1.666666666666666574e-01
1.199999999999999956e+00
1.000000000000000000e+00
1.428571428571428603e+00
5.714285714285713969e-01
1.142857142857142794e+00
2.100000000000000089e+00
1.818181818181818232e-01
1.428571428571428492e-01
3.333333333333333148e-01
6.923076923076922906e-01
2.666666666666666519e+00
1.666666666666666741e+00
4.285714285714285476e-01
4.000000000000000222e-01
5.000000000000000000e-01
4.000000000000000222e-01
1.333333333333333259e+00
7.500000000000000000e-01
0.000000000000000000e+00
0.000000000000000000e+00
0.000000000000000000e+00
0.000000000000000000e+00
5.000000000000000000e-01
5.000000000000000000e-01
nan
0.000000000000000000e+00
0.000000000000000000e+00
nan
nan
0.000000000000000000e+00
nan
nan
nan
nan
nan
nan
nan
nan
nan
nan
nan
nan
nan
nan
nan
nan
nan
nan
nan
nan
nan
nan
nan
nan
