2.164444444444444393e+00
1.044444444444444509e+00
1.142857142857142794e+00
1.283950617283950546e+00
1.216981132075471761e+00
8.699999999999999956e-01
1.138211382113821113e+00
1.121495327102803641e+00
1.172727272727272618e+00
1.348314606741572996e+00
9.599999999999999645e-01
1.070175438596491224e+00
9.928057553956834980e-01
9.699248120300751896e-01
1.000000000000000000e+00
1.035211267605633756e+00
1.061068702290076438e+00
9.453125000000000000e-01
1.092198581560283710e+00
1.517730496453900679e+00
1.032258064516129004e+00
1.147651006711409405e+00
1.228187919463087141e+00
8.580645161290322287e-01
9.403973509933775121e-01
1.069930069930070005e+00
9.931034482758620552e-01
9.695121951219511924e-01
8.743455497382198738e-01
1.104166666666666741e+00
7.974683544303797778e-01
9.266666666666666385e-01
8.343558282208588528e-01
9.503105590062111974e-01
9.338235294117647189e-01
1.072463768115942129e+00
9.785714285714285365e-01
1.085271317829457294e+00
1.146788990825688082e+00
9.624060150375939315e-01
1.022222222222222143e+00
1.047297297297297369e+00
1.099337748344370924e+00
1.103448275862068950e+00
8.957055214723926850e-01
9.687500000000000000e-01
1.044303797468354444e+00
1.054421768707483054e+00
1.041095890410958846e+00
8.478260869565217295e-01
1.043165467625899234e+00
9.932885906040268553e-01
1.006172839506172867e+00
9.626865671641791078e-01
1.041666666666666741e+00
8.873239436619718701e-01
1.096774193548387011e+00
1.041379310344827669e+00
1.201492537313432862e+00
1.065789473684210620e+00
1.048611111111111160e+00
1.010928961748633892e+00
1.125000000000000000e+00
8.807947019867549132e-01
1.161290322580645240e+00
1.226993865030674868e+00
1.525641025641025550e+00
1.022222222222222143e+00
1.256983240223463749e+00
1.186528497409326421e+00
1.194871794871794846e+00
8.859649122807017330e-01
1.099137931034482651e+00
9.220779220779220520e-01
1.102564102564102644e+00
1.231111111111111045e+00
1.129870129870129913e+00
1.098445595854922185e+00
1.241803278688524692e+00
1.033333333333333437e+00
1.040740740740740744e+00
1.089700996677740896e+00
1.101503759398496207e+00
1.112676056338028241e+00
1.218518518518518556e+00
1.190789473684210620e+00
1.171617161716171696e+00
1.081761006289308158e+00
9.941002949852507653e-01
1.050991501416430607e+00
1.140350877192982448e+00
1.032786885245901676e+00
1.118598382749326214e+00
1.099722991689750629e+00
1.211302211302211385e+00
9.342857142857142749e-01
1.181818181818181879e+00
1.143564356435643470e+00
1.052256532066508266e+00
1.115384615384615419e+00
1.008247422680412342e+00
1.141876430205949644e+00
1.255369928400954738e+00
1.292841648590021597e+00
1.263598326359832713e+00
1.252873563218390718e+00
1.166071428571428648e+00
1.223684210526315708e+00
1.178929765886287617e+00
1.314238952536824767e+00
1.191044776119402959e+00
1.283625730994152114e+00
1.193939393939393856e+00
1.398084815321477326e+00
1.262886597938144284e+00
1.279702970297029729e+00
1.257174392935982432e+00
1.344364012409513975e+00
1.268218623481781382e+00
1.210221793635486875e+00
1.236086175942549437e+00
1.282735613010842268e+00
1.313624678663239065e+00
1.398006134969325132e+00
1.318114874815905724e+00
1.303822937625754630e+00
1.330368487928843768e+00
1.405518896220755876e+00
1.280730005367686442e+00
1.337459634015069954e+00
1.371763556424035135e+00
1.363472784525416204e+00
1.352586206896551735e+00
1.336131247615413908e+00
1.379049676025917881e+00
1.358703071672354934e+00
1.350649350649350655e+00
1.343063496840204651e+00
1.348707974437343804e+00
1.342857142857142749e+00
1.390829694323144183e+00
1.391837644959857290e+00
1.355328892589508838e+00
1.340248158200852968e+00
1.364730878186968921e+00
1.380897583429228970e+00
1.373546968268928747e+00
1.403338171262699552e+00
1.397183098591549211e+00
1.406944791406445239e+00
1.374971584451011530e+00
1.360079714705265452e+00
1.349139616738365355e+00
1.380595634480207279e+00
1.396468291026403019e+00
1.376724749664905767e+00
1.373465260725119208e+00
1.387921100793058971e+00
1.361861861861861867e+00
1.356135525776815509e+00
1.350830672655446651e+00
1.341973578863090433e+00
1.349687144482366374e+00
1.338735330782788058e+00
1.348660107849998013e+00
1.355042176457177616e+00
1.341691670238605472e+00
1.333464955577492672e+00
1.338262190396478424e+00
1.323860357761107887e+00
1.320237551393330211e+00
1.314085294566156747e+00
1.314313483785321424e+00
1.313880161329857188e+00
1.286751774223583222e+00
1.288358797437161085e+00
1.292773909992428472e+00
1.262132728500441559e+00
1.255826123930855243e+00
1.259007655929879732e+00
1.247857069090158033e+00
1.225602292327379939e+00
1.227246430168038582e+00
1.216054173133730432e+00
1.213872208838229438e+00
1.194151272777061568e+00
1.174991780821917908e+00
1.170778108281392837e+00
1.136917476458377152e+00
1.119702884512417063e+00
1.092532877211676023e+00
1.051837709694348533e+00
9.974043001798386099e-01
9.048409571814413077e-01
7.825416771383094661e-01
6.192745652586185701e-01
4.253322212054710394e-01
2.302121096482859508e-01
7.368113608196967534e-02
0.000000000000000000e+00
