2.171171171171171199e+00
9.537037037037037202e-01
1.070707070707070718e+00
8.936170212765957022e-01
9.368421052631579204e-01
8.536585365853658347e-01
1.244444444444444464e+00
7.341772151898734444e-01
1.199999999999999956e+00
1.062500000000000000e+00
1.187500000000000000e+00
1.345238095238095344e+00
1.157894736842105310e+00
1.107526881720430012e+00
9.752066115702479054e-01
8.782608695652174280e-01
1.103448275862068950e+00
1.104000000000000092e+00
1.029702970297029729e+00
1.162393162393162482e+00
1.271929824561403466e+00
1.035398230088495630e+00
1.380165289256198413e+00
1.151515151515151603e+00
1.028985507246376718e+00
1.134751773049645474e+00
1.144736842105263053e+00
8.451612903225806939e-01
1.000000000000000000e+00
1.036144578313253017e+00
1.111111111111111160e+00
1.045751633986928164e+00
1.071895424836601274e+00
1.222972972972973027e+00
1.088050314465408785e+00
9.935064935064935598e-01
1.110465116279069742e+00
1.073446327683615920e+00
1.005154639175257714e+00
9.717514124293785693e-01
9.649122807017543879e-01
7.763975155279503326e-01
1.294478527607362039e+00
1.135416666666666741e+00
9.532163742690058506e-01
1.048648648648648596e+00
1.109452736318407906e+00
9.499999999999999556e-01
1.060606060606060552e+00
1.070422535211267512e+00
1.052941176470588269e+00
9.705882352941176405e-01
9.170731707317073544e-01
1.000000000000000000e+00
1.114583333333333259e+00
1.157303370786516794e+00
1.198113207547169878e+00
1.089108910891089188e+00
1.014492753623188470e+00
1.154228855721393110e+00
1.281938325991189398e+00
9.066666666666666208e-01
1.078740157480315043e+00
1.072874493927125528e+00
1.221343873517786616e+00
1.135036496350364965e+00
1.073076923076923039e+00
1.091549295774647987e+00
1.085714285714285632e+00
1.007633587786259444e+00
1.045454545454545414e+00
9.742647058823529216e-01
1.011278195488721776e+00
9.102990033222591038e-01
1.013793103448275890e+00
9.905660377358490587e-01
9.709090909090909438e-01
1.146853146853146876e+00
1.024305555555555580e+00
1.206060606060606055e+00
1.003012048192771122e+00
1.037288135593220417e+00
1.089456869009584716e+00
1.108571428571428541e+00
1.072625698324022325e+00
1.239520958083832225e+00
9.693593314763231383e-01
9.088235294117646967e-01
1.136498516320474828e+00
1.008695652173912993e+00
1.087878787878787890e+00
1.319672131147541005e+00
1.135593220338983134e+00
1.086720867208672114e+00
1.011682242990654235e+00
1.072769953051643244e+00
1.249411764705882444e+00
1.359154929577464754e+00
1.052036199095022662e+00
1.285057471264367868e+00
1.215686274509803821e+00
1.244701348747591529e+00
1.177330895795246857e+00
1.153184165232358005e+00
1.339558573853989909e+00
1.231259968102073277e+00
1.239457831325301296e+00
1.195906432748538029e+00
1.218884120171673802e+00
1.196452933151432418e+00
1.182156133828996314e+00
1.417531718569780885e+00
1.398004434589800393e+00
1.327071823204419854e+00
1.327085285848172536e+00
1.326355851569933408e+00
1.333333333333333259e+00
1.401869158878504606e+00
1.366616989567809304e+00
1.337159253945480630e+00
1.270215633423180668e+00
1.364597093791281468e+00
1.423759951010410196e+00
1.384204275534441697e+00
1.361154855643044614e+00
1.285578747628083551e+00
1.349823321554770361e+00
1.407253022092538552e+00
1.342793129200896107e+00
1.398293029871977344e+00
1.377807133421400154e+00
1.357142857142857206e+00
1.362647058823529322e+00
1.390865639936271991e+00
1.423877602207173299e+00
1.434440951953300347e+00
1.355488850771869647e+00
1.333804809052333784e+00
1.349699945444626348e+00
1.402552604346326337e+00
1.392221697370492839e+00
1.386664746543778692e+00
1.377780792186652281e+00
1.335022807906740994e+00
1.402051901025950453e+00
1.387093287212193271e+00
1.374283455228306083e+00
1.349353049907578539e+00
1.386926862965201623e+00
1.350929427858694742e+00
1.337768527465992729e+00
1.339427388754742987e+00
1.403596468449753276e+00
1.337296965982224917e+00
1.346859683118659445e+00
1.356583854194022720e+00
1.345990115966139822e+00
1.362493140662154767e+00
1.354561174138585455e+00
1.356365658009689446e+00
1.354601317290355711e+00
1.345024112231477442e+00
1.326025550491108707e+00
1.331453375066438349e+00
1.319161327897495628e+00
1.312097913070767286e+00
1.321128288581502552e+00
1.287190786634259343e+00
1.305939805950562471e+00
1.281268930980170362e+00
1.283633459468710214e+00
1.277390913180386889e+00
1.271018994754799625e+00
1.259751915125484789e+00
1.250420728656548963e+00
1.239079540912465083e+00
1.234125369571703601e+00
1.212973667308927528e+00
1.203301455506956330e+00
1.198678837940582831e+00
1.198571252892709715e+00
1.171194577199003550e+00
1.161500714969086578e+00
1.148822931409093639e+00
1.139464289123503615e+00
1.118191104095087818e+00
1.112881601594347236e+00
1.092468229289154769e+00
1.073891122163930012e+00
1.056490824924234850e+00
1.022710598822896388e+00
9.819326954747387148e-01
9.245583206686930344e-01
8.416005291005290712e-01
7.255986845694069043e-01
5.733939942564614256e-01
4.002728428363253044e-01
2.121313594629743449e-01
6.626369592890221649e-02
0.000000000000000000e+00
