2.078048780487804947e+00
1.031250000000000000e+00
1.116279069767441845e+00
1.071428571428571397e+00
8.863636363636363535e-01
9.894736842105262831e-01
1.126436781609195359e+00
7.402597402597402843e-01
1.344086021505376261e+00
1.036585365853658569e+00
1.255319148936170137e+00
1.361445783132530174e+00
1.222222222222222321e+00
8.842105263157894468e-01
1.268817204301075252e+00
1.000000000000000000e+00
8.613861386138613740e-01
9.712230215827337698e-01
1.231481481481481399e+00
1.247706422018348693e+00
1.413793103448275801e+00
1.170370370370370283e+00
1.090909090909090828e+00
1.142857142857142794e+00
1.019108280254777066e+00
1.170212765957446832e+00
9.401197604790418882e-01
1.239436619718309762e+00
1.053571428571428603e+00
8.132530120481927804e-01
9.375000000000000000e-01
9.801324503311258374e-01
1.177215189873417778e+00
1.257485029940119681e+00
1.444444444444444420e+00
1.237804878048780477e+00
1.004784688995215225e+00
1.313636363636363713e+00
9.892473118279569988e-01
1.188073394495412938e+00
1.075376884422110546e+00
1.000000000000000000e+00
1.033057851239669311e+00
9.349593495934959142e-01
1.296943231441048061e+00
1.044444444444444509e+00
9.756097560975609539e-01
1.176470588235294157e+00
1.120000000000000107e+00
9.247311827956988806e-01
9.198312236286919630e-01
1.090909090909090828e+00
1.053003533568904526e+00
9.821428571428570953e-01
1.130612244897959195e+00
1.052401746724890730e+00
1.160173160173160190e+00
1.115537848605577587e+00
1.093525179856115193e+00
1.152727272727272823e+00
1.041811846689895571e+00
1.163265306122448939e+00
1.140794223826714804e+00
1.145400593471810113e+00
1.006097560975609762e+00
8.948948948948949322e-01
1.082417582417582347e+00
1.034055727554179516e+00
1.031700288184437930e+00
9.746031746031745824e-01
1.098143236074270668e+00
1.167613636363636465e+00
1.037837837837837895e+00
9.791666666666666297e-01
1.148148148148148140e+00
1.218918918918918903e+00
1.128491620111731875e+00
9.761336515513125978e-01
1.301980198019802026e+00
1.155502392344497586e+00
1.216666666666666563e+00
1.199999999999999956e+00
1.321285140562248994e+00
1.223427331887201763e+00
1.158558558558558493e+00
1.118299445471349296e+00
1.238675958188153237e+00
1.221674876847290703e+00
1.261712439418416709e+00
1.212893553223388210e+00
1.248097412480974056e+00
1.250764525993883769e+00
1.240162822252374397e+00
1.346007604562737603e+00
1.357583230579531453e+00
1.313876651982378796e+00
1.351753453772582381e+00
1.360721442885771459e+00
1.503787878787878896e+00
1.335021097046413585e+00
1.351415094339622591e+00
1.335043988269794646e+00
1.238415043653458669e+00
1.347096774193548452e+00
1.300123762376237613e+00
1.343915343915343952e+00
1.361736334405144744e+00
1.372667675239536145e+00
1.363469481413492446e+00
1.421280276816609067e+00
1.331891466771529586e+00
1.378348623853210997e+00
1.352152434721242136e+00
1.367143332224808772e+00
1.326405867970660069e+00
1.413246532691763369e+00
1.365796344647519645e+00
1.364839319470699364e+00
1.404686078252957326e+00
1.403311398853746450e+00
1.392307692307692246e+00
1.394640904119577085e+00
1.360806451612903256e+00
1.372218881539386759e+00
1.388896697118763068e+00
1.352964851086664977e+00
1.398740310077519311e+00
1.364598581240851205e+00
1.388554524125267697e+00
1.382619071293626378e+00
1.381995800237377781e+00
1.383358726934145855e+00
1.342115580647690765e+00
1.355996222851747035e+00
1.384143877138623191e+00
1.372988324392552917e+00
1.345750262329485913e+00
1.333242847060100988e+00
1.366493744278303391e+00
1.350109920950465447e+00
1.338753387533875294e+00
1.343452576304561941e+00
1.331063404124345873e+00
1.330845419172267396e+00
1.331733951025810825e+00
1.326613402700359323e+00
1.317881182323675793e+00
1.316806814458883812e+00
1.325570061815476874e+00
1.302430697473132559e+00
1.294062416167397034e+00
1.278344839269831779e+00
1.279747864179666683e+00
1.276164269963625308e+00
1.268679351755515272e+00
1.267953020134228170e+00
1.256981043026822897e+00
1.253051783315922929e+00
1.246944705580719681e+00
1.227560337462622719e+00
1.214608722311642630e+00
1.209006802391143554e+00
1.179551985597063979e+00
1.191471479441753578e+00
1.162340350988948057e+00
1.168014236925482452e+00
1.150145787002718079e+00
1.128452604399897030e+00
1.111756396170145988e+00
1.105155504742850070e+00
1.093790257999373239e+00
1.080057323112407541e+00
1.059391505740040262e+00
1.050897982916622286e+00
1.034538887629166570e+00
1.027427570837313064e+00
1.011755386565272419e+00
9.911334902304197447e-01
9.807254194295914607e-01
9.691066463008655152e-01
9.490164592533119059e-01
9.425685037250508547e-01
9.254085609353198683e-01
9.117951957497124615e-01
8.965133044960020836e-01
8.835737724179024699e-01
8.769412311906218394e-01
8.589102558429720924e-01
8.454692778861208069e-01
8.321249565078380206e-01
8.070727262037744598e-01
7.769304002592772873e-01
7.339919230891533974e-01
6.709494080600388877e-01
5.770732827934758058e-01
4.596871968962172872e-01
3.175510826471485415e-01
1.715452506011472256e-01
5.567074729457210241e-02
0.000000000000000000e+00
