2.060913705583756528e+00
1.052631578947368363e+00
8.051948051948052409e-01
1.310810810810810745e+00
9.124999999999999778e-01
8.539325842696628976e-01
8.313253012048192891e-01
9.375000000000000000e-01
1.085106382978723305e+00
1.012499999999999956e+00
1.027027027027026973e+00
9.565217391304348116e-01
1.144927536231884035e+00
9.878048780487804770e-01
8.823529411764705621e-01
9.178082191780821963e-01
1.088235294117646967e+00
1.179104477611940371e+00
5.529411764705882693e-01
8.717948717948718063e-01
9.076923076923076872e-01
8.214285714285713969e-01
9.000000000000000222e-01
7.413793103448276245e-01
1.078431372549019551e+00
8.103448275862068506e-01
1.000000000000000000e+00
1.044444444444444509e+00
8.541666666666666297e-01
9.318181818181817677e-01
9.583333333333333703e-01
5.000000000000000000e-01
1.125000000000000000e+00
8.333333333333333703e-01
9.622641509433962348e-01
1.186046511627907085e+00
1.027027027027026973e+00
6.250000000000000000e-01
8.974358974358974672e-01
9.714285714285714191e-01
8.529411764705882026e-01
1.511627906976744207e+00
1.132075471698113178e+00
8.936170212765957022e-01
8.627450980392157298e-01
9.090909090909090606e-01
1.073170731707317138e+00
1.068181818181818121e+00
1.052631578947368363e+00
6.410256410256410797e-01
5.918367346938775420e-01
8.333333333333333703e-01
1.157894736842105310e+00
6.666666666666666297e-01
9.512195121951219079e-01
9.749999999999999778e-01
1.147058823529411686e+00
1.166666666666666741e+00
8.148148148148147696e-01
1.071428571428571397e+00
1.000000000000000000e+00
7.096774193548387455e-01
3.939393939393939226e-01
9.749999999999999778e-01
5.945945945945946276e-01
8.148148148148147696e-01
9.130434782608695121e-01
9.000000000000000222e-01
6.250000000000000000e-01
1.315789473684210620e+00
8.571428571428570953e-01
9.545454545454545858e-01
1.699999999999999956e+00
9.285714285714286031e-01
7.916666666666666297e-01
9.090909090909090606e-01
9.310344827586206629e-01
1.142857142857142794e+00
1.217391304347826164e+00
1.100000000000000089e+00
2.857142857142856984e-01
1.062500000000000000e+00
1.000000000000000000e+00
1.156250000000000000e+00
5.909090909090909394e-01
1.083333333333333259e+00
8.260869565217391353e-01
8.125000000000000000e-01
6.999999999999999556e-01
4.444444444444444198e-01
1.105263157894736947e+00
3.478260869565217295e-01
6.153846153846154188e-01
1.000000000000000000e+00
2.857142857142856984e-01
1.300000000000000044e+00
7.857142857142856984e-01
1.875000000000000000e+00
1.500000000000000000e+00
1.000000000000000000e+00
8.750000000000000000e-01
8.333333333333333703e-01
6.999999999999999556e-01
5.000000000000000000e-01
1.454545454545454586e+00
1.000000000000000000e+00
2.666666666666666519e+00
1.181818181818181879e+00
1.500000000000000000e+00
8.235294117647058432e-01
5.555555555555555802e-01
5.000000000000000000e-01
1.263157894736842035e+00
5.000000000000000000e-01
1.000000000000000000e+00
6.666666666666666297e-01
2.000000000000000000e+00
9.000000000000000222e-01
1.187500000000000000e+00
2.500000000000000000e-01
6.666666666666666297e-01
1.142857142857142794e+00
8.750000000000000000e-01
1.454545454545454586e+00
1.214285714285714191e+00
6.363636363636363535e-01
7.272727272727272929e-01
8.571428571428570953e-01
7.500000000000000000e-01
6.666666666666666297e-01
4.285714285714285476e-01
0.000000000000000000e+00
1.333333333333333259e+00
1.444444444444444420e+00
5.000000000000000000e-01
3.333333333333333148e-01
8.750000000000000000e-01
1.428571428571428603e+00
9.090909090909090606e-01
1.333333333333333259e+00
7.142857142857143016e-01
8.333333333333333703e-01
1.800000000000000044e+00
7.500000000000000000e-01
1.000000000000000000e+00
8.000000000000000444e-01
5.000000000000000000e-01
1.250000000000000000e+00
1.666666666666666741e+00
1.444444444444444420e+00
7.777777777777777901e-01
7.777777777777777901e-01
9.166666666666666297e-01
1.166666666666666741e+00
8.750000000000000000e-01
1.000000000000000000e+00
1.000000000000000000e+00
6.666666666666666297e-01
0.000000000000000000e+00
5.000000000000000000e-01
6.666666666666666297e-01
1.000000000000000000e+00
5.000000000000000000e-01
2.000000000000000111e-01
0.000000000000000000e+00
5.000000000000000000e-01
1.500000000000000000e+00
0.000000000000000000e+00
0.000000000000000000e+00
nan
nan
nan
1.000000000000000000e+00
1.500000000000000000e+00
2.250000000000000000e+00
nan
0.000000000000000000e+00
1.000000000000000000e+00
2.000000000000000000e+00
2.000000000000000000e+00
1.666666666666666741e+00
2.500000000000000000e-01
0.000000000000000000e+00
1.000000000000000000e+00
0.000000000000000000e+00
1.000000000000000000e+00
1.666666666666666741e+00
2.857142857142856984e-01
0.000000000000000000e+00
1.333333333333333259e+00
2.666666666666666519e+00
0.000000000000000000e+00
nan
0.000000000000000000e+00
5.714285714285713969e-01
5.000000000000000000e-01
0.000000000000000000e+00
0.000000000000000000e+00
0.000000000000000000e+00
nan
