1.911764705882353033e+00
8.977272727272727071e-01
5.694444444444444198e-01
8.227848101265823333e-01
9.666666666666666741e-01
1.179999999999999938e+00
9.285714285714286031e-01
1.166666666666666741e+00
6.363636363636363535e-01
1.016666666666666607e+00
9.574468085106383475e-01
8.870967741935483764e-01
1.111111111111111160e+00
8.852459016393442459e-01
1.025641025641025550e+00
9.210526315789473450e-01
5.454545454545454142e-01
7.826086956521739468e-01
1.263157894736842035e+00
5.090909090909090384e-01
7.307692307692307265e-01
6.999999999999999556e-01
1.257142857142857117e+00
1.026315789473684292e+00
7.073170731707316694e-01
8.750000000000000000e-01
1.000000000000000000e+00
7.500000000000000000e-01
9.200000000000000400e-01
8.974358974358974672e-01
8.666666666666666963e-01
7.142857142857143016e-01
7.352941176470588758e-01
8.787878787878787845e-01
4.166666666666666852e-01
1.310344827586206851e+00
1.125000000000000000e+00
5.999999999999999778e-01
9.333333333333333481e-01
1.050000000000000044e+00
7.777777777777777901e-01
5.652173913043477826e-01
1.142857142857142794e+00
1.136363636363636465e+00
8.888888888888888395e-01
1.149999999999999911e+00
1.000000000000000000e+00
1.090909090909090828e+00
7.142857142857143016e-01
1.000000000000000000e+00
9.583333333333333703e-01
8.333333333333333703e-01
1.045454545454545414e+00
2.352941176470588203e-01
1.631578947368421018e+00
1.176470588235294157e+00
2.083333333333333481e+00
1.045454545454545414e+00
1.285714285714285809e+00
7.407407407407406996e-01
1.041666666666666741e+00
7.777777777777777901e-01
1.307692307692307709e+00
1.086956521739130377e+00
1.750000000000000000e+00
1.035714285714285809e+00
9.117647058823529216e-01
1.304347826086956541e+00
1.238095238095238138e+00
1.294117647058823595e+00
8.372093023255814392e-01
6.785714285714286031e-01
9.230769230769231282e-01
5.454545454545454142e-01
3.636363636363636465e-01
1.000000000000000000e+00
1.269230769230769162e+00
1.120000000000000107e+00
6.400000000000000133e-01
5.238095238095238360e-01
1.058823529411764719e+00
1.363636363636363535e+00
1.066666666666666652e+00
5.999999999999999778e-01
1.000000000000000000e+00
5.238095238095238360e-01
9.166666666666666297e-01
8.076923076923077094e-01
6.363636363636363535e-01
6.470588235294117974e-01
1.312500000000000000e+00
6.666666666666666297e-01
8.888888888888888395e-01
9.333333333333333481e-01
5.263157894736841813e-01
5.999999999999999778e-01
1.181818181818181879e+00
3.750000000000000000e-01
1.545454545454545414e+00
6.363636363636363535e-01
6.250000000000000000e-01
1.222222222222222321e+00
4.285714285714285476e-01
1.600000000000000089e+00
1.000000000000000000e+00
5.714285714285713969e-01
2.857142857142856984e-01
2.000000000000000111e-01
2.500000000000000000e-01
5.000000000000000000e-01
2.000000000000000000e+00
8.000000000000000444e-01
2.000000000000000000e+00
2.250000000000000000e+00
1.600000000000000089e+00
0.000000000000000000e+00
1.000000000000000000e+00
3.000000000000000000e+00
2.857142857142856984e-01
3.333333333333333148e-01
0.000000000000000000e+00
1.333333333333333259e+00
2.500000000000000000e-01
1.333333333333333259e+00
8.000000000000000444e-01
2.500000000000000000e+00
1.000000000000000000e+00
6.666666666666666297e-01
2.500000000000000000e-01
3.000000000000000000e+00
3.000000000000000000e+00
3.333333333333333148e-01
1.250000000000000000e+00
0.000000000000000000e+00
1.500000000000000000e+00
2.500000000000000000e-01
2.200000000000000178e+00
6.666666666666666297e-01
2.750000000000000000e+00
0.000000000000000000e+00
6.666666666666666297e-01
4.000000000000000222e-01
0.000000000000000000e+00
3.333333333333333148e-01
7.500000000000000000e-01
5.000000000000000000e-01
1.000000000000000000e+00
5.000000000000000000e-01
1.833333333333333259e+00
4.000000000000000222e-01
0.000000000000000000e+00
6.666666666666666297e-01
0.000000000000000000e+00
0.000000000000000000e+00
2.000000000000000000e+00
1.000000000000000000e+00
1.500000000000000000e+00
0.000000000000000000e+00
nan
nan
0.000000000000000000e+00
0.000000000000000000e+00
nan
nan
nan
nan
nan
nan
nan
nan
nan
nan
nan
nan
nan
nan
nan
nan
nan
nan
nan
nan
nan
nan
nan
nan
nan
nan
nan
nan
nan
nan
nan
nan
nan
nan
nan
nan
nan
nan
