2.070422535211267512e+00
9.795918367346938549e-01
1.195121951219512146e+00
9.626168224299065379e-01
9.264705882352941568e-01
1.024999999999999911e+00
1.012345679012345734e+00
9.891304347826086474e-01
7.590361445783132543e-01
1.032258064516129004e+00
9.880952380952381375e-01
1.044117647058823595e+00
1.123456790123456894e+00
1.045977011494252817e+00
1.050632911392405111e+00
1.104651162790697638e+00
9.367088607594936667e-01
9.239130434782608647e-01
1.156250000000000000e+00
9.772727272727272929e-01
1.084210526315789513e+00
1.281553398058252524e+00
9.795918367346938549e-01
8.241758241758241343e-01
1.168224299065420579e+00
1.155555555555555447e+00
9.807692307692307265e-01
9.489795918367347483e-01
1.238938053097345060e+00
9.357798165137615198e-01
8.495575221238937935e-01
1.037383177570093462e+00
1.045454545454545414e+00
1.117117117117117031e+00
1.277227722772277252e+00
9.826086956521739024e-01
9.599999999999999645e-01
1.064000000000000057e+00
1.045871559633027470e+00
1.209999999999999964e+00
7.909090909090908950e-01
1.156716417910447658e+00
1.308333333333333348e+00
1.027777777777777679e+00
1.013698630136986356e+00
8.450704225352112520e-01
8.444444444444444420e-01
9.735099337748344128e-01
1.095652173913043370e+00
9.465648854961832281e-01
1.066176470588235281e+00
8.750000000000000000e-01
8.888888888888888395e-01
1.140495867768595017e+00
1.274509803921568540e+00
1.042553191489361764e+00
1.087301587301587213e+00
9.687500000000000000e-01
9.761904761904761640e-01
9.562043795620438491e-01
1.008130081300812941e+00
9.612403100775194220e-01
1.084745762711864403e+00
1.110169491525423657e+00
1.195312500000000000e+00
9.830508474576271638e-01
1.041666666666666741e+00
1.186991869918699205e+00
8.954248366013072280e-01
1.066176470588235281e+00
1.034482758620689724e+00
9.030303030303030720e-01
1.054794520547945202e+00
7.954545454545454142e-01
1.007092198581560183e+00
1.043165467625899234e+00
1.256944444444444420e+00
1.143884892086330929e+00
9.922480620155038622e-01
9.428571428571428381e-01
1.045161290322580649e+00
6.815286624203821253e-01
1.094890510948905105e+00
9.426751592356688025e-01
1.033613445378151363e+00
1.054421768707483054e+00
8.156028368794325800e-01
9.439999999999999503e-01
1.329268292682926900e+00
1.006410256410256387e+00
1.094936708860759556e+00
1.128378378378378288e+00
9.142857142857142572e-01
1.128654970760234022e+00
1.131313131313131271e+00
9.207317073170732113e-01
9.200000000000000400e-01
1.253333333333333410e+00
7.790697674418605168e-01
1.000000000000000000e+00
1.019480519480519431e+00
9.506172839506172867e-01
1.110429447852760765e+00
9.562500000000000444e-01
1.212765957446808596e+00
1.021505376344086002e+00
8.809523809523809312e-01
9.567901234567901536e-01
1.184971098265895861e+00
9.622641509433962348e-01
1.117647058823529438e+00
9.483870967741935276e-01
1.191860465116278966e+00
9.444444444444444198e-01
1.161676646706586880e+00
1.085858585858585856e+00
1.159203980099502429e+00
1.214611872146118765e+00
1.015075376884422065e+00
1.101604278074866272e+00
1.040000000000000036e+00
9.761904761904761640e-01
1.171052631578947345e+00
1.090476190476190377e+00
1.185950413223140432e+00
1.075892857142857206e+00
1.059360730593607247e+00
1.298804780876493981e+00
9.599999999999999645e-01
1.060150375939849621e+00
1.120437956204379581e+00
1.157088122605363978e+00
1.069930069930070005e+00
9.402985074626866169e-01
1.151515151515151603e+00
1.126315789473684159e+00
1.063545150501672198e+00
1.145962732919254767e+00
9.931972789115646183e-01
1.099099099099099197e+00
1.219941348973607065e+00
1.123028391167192330e+00
1.008219178082191858e+00
1.135278514588859311e+00
1.002610966057441155e+00
1.034229828850855792e+00
9.760638297872340496e-01
1.236413043478260976e+00
9.908814589665653205e-01
1.186893203883495174e+00
9.439024390243901941e-01
1.251162790697674332e+00
1.072941176470588287e+00
1.098130841121495394e+00
1.127499999999999947e+00
1.204176334106728641e+00
1.216768916155419156e+00
1.339583333333333348e+00
1.206967213114754189e+00
1.197080291970803012e+00
1.289108910891089144e+00
1.282608695652173836e+00
1.195723684210526327e+00
1.247244094488189070e+00
1.283604135893648523e+00
1.368045649072753278e+00
1.266576454668470797e+00
1.240196078431372584e+00
1.254275940706955472e+00
1.463414634146341431e+00
1.274809160305343525e+00
1.400985221674876824e+00
1.325987144168962351e+00
1.359540636042402717e+00
1.398443579766536882e+00
1.293691080493110990e+00
1.370648464163822577e+00
1.302504816955684097e+00
1.396204033214709428e+00
1.297007340485601290e+00
1.404862579281183965e+00
1.426407950780880229e+00
1.355524079320113318e+00
1.364379084967320299e+00
1.395294117647058796e+00
1.363766559255281008e+00
1.408431237042156114e+00
1.377411325451151303e+00
1.363636363636363535e+00
1.285523146909285597e+00
1.279368213228035511e+00
1.253249767873723330e+00
1.227232537577365168e+00
1.140166092768887918e+00
9.805498410323545411e-01
7.844660194174757351e-01
5.283454185893210475e-01
2.784177023340406176e-01
9.764689305340285008e-02
0.000000000000000000e+00
