1.780000000000000027e+00
1.026315789473684292e+00
1.271604938271605034e+00
1.109589041095890405e+00
7.586206896551723755e-01
7.636363636363636687e-01
4.736842105263157632e-01
8.676470588235294379e-01
1.040000000000000036e+00
7.413793103448276245e-01
9.183673469387755306e-01
1.090909090909090828e+00
9.361702127659574657e-01
7.450980392156862919e-01
1.024999999999999911e+00
1.156862745098039325e+00
8.076923076923077094e-01
8.750000000000000000e-01
5.641025641025640969e-01
6.190476190476190688e-01
5.384615384615384359e-01
8.518518518518518601e-01
9.714285714285714191e-01
9.285714285714286031e-01
1.060606060606060552e+00
5.185185185185184897e-01
7.931034482758620996e-01
5.999999999999999778e-01
8.000000000000000444e-01
5.789473684210526550e-01
8.387096774193548709e-01
1.199999999999999956e+00
1.157894736842105310e+00
6.923076923076922906e-01
6.666666666666666297e-01
3.333333333333333148e-01
1.090909090909090828e+00
1.159999999999999920e+00
1.000000000000000000e+00
1.050000000000000044e+00
8.499999999999999778e-01
1.125000000000000000e+00
7.692307692307692735e-01
1.789473684210526327e+00
6.250000000000000000e-01
1.615384615384615419e+00
1.578947368421052655e+00
6.666666666666666297e-01
6.250000000000000000e-01
4.000000000000000222e-01
7.500000000000000000e-01
9.599999999999999645e-01
3.636363636363636465e-01
6.923076923076922906e-01
3.846153846153846367e-01
1.333333333333333259e+00
1.399999999999999911e+00
6.111111111111111605e-01
1.250000000000000000e+00
6.153846153846154188e-01
1.000000000000000000e+00
1.090909090909090828e+00
1.272727272727272707e+00
2.222222222222222099e-01
1.307692307692307709e+00
4.000000000000000222e-01
2.857142857142856984e-01
4.545454545454545303e-01
1.166666666666666741e+00
5.000000000000000000e-01
0.000000000000000000e+00
8.333333333333333703e-01
1.285714285714285809e+00
1.500000000000000000e+00
1.142857142857142794e+00
2.250000000000000000e+00
3.333333333333333148e-01
1.142857142857142794e+00
2.500000000000000000e+00
1.666666666666666574e-01
1.250000000000000000e+00
1.000000000000000000e+00
1.000000000000000000e+00
5.000000000000000000e-01
2.000000000000000000e+00
0.000000000000000000e+00
3.750000000000000000e-01
1.000000000000000000e+00
0.000000000000000000e+00
2.750000000000000000e+00
5.000000000000000000e-01
1.166666666666666741e+00
4.000000000000000000e+00
1.000000000000000000e+00
6.666666666666666297e-01
1.600000000000000089e+00
4.000000000000000222e-01
2.285714285714285587e+00
6.666666666666666297e-01
1.555555555555555580e+00
5.000000000000000000e-01
1.000000000000000000e+00
1.500000000000000000e+00
1.250000000000000000e+00
1.000000000000000000e+00
1.916666666666666741e+00
1.000000000000000000e+00
8.333333333333333703e-01
0.000000000000000000e+00
9.166666666666666297e-01
0.000000000000000000e+00
7.777777777777777901e-01
8.333333333333333703e-01
2.000000000000000111e-01
1.100000000000000089e+00
6.666666666666666297e-01
1.428571428571428492e-01
2.000000000000000111e-01
0.000000000000000000e+00
nan
1.000000000000000000e+00
0.000000000000000000e+00
0.000000000000000000e+00
3.000000000000000000e+00
nan
1.500000000000000000e+00
nan
1.000000000000000000e+00
nan
3.000000000000000000e+00
1.500000000000000000e+00
2.000000000000000000e+00
1.000000000000000000e+00
3.000000000000000000e+00
0.000000000000000000e+00
nan
0.000000000000000000e+00
1.666666666666666741e+00
5.000000000000000000e+00
nan
nan
2.500000000000000000e+00
1.600000000000000089e+00
1.250000000000000000e+00
1.000000000000000000e+00
4.000000000000000222e-01
8.571428571428570953e-01
5.000000000000000000e-01
4.000000000000000000e+00
1.250000000000000000e+00
5.000000000000000000e-01
0.000000000000000000e+00
1.333333333333333259e+00
1.666666666666666741e+00
1.000000000000000000e+00
2.000000000000000000e+00
1.000000000000000000e+00
0.000000000000000000e+00
5.000000000000000000e-01
4.000000000000000222e-01
0.000000000000000000e+00
5.999999999999999778e-01
5.000000000000000000e-01
2.000000000000000000e+00
0.000000000000000000e+00
8.333333333333333703e-01
0.000000000000000000e+00
3.333333333333333148e-01
0.000000000000000000e+00
5.000000000000000000e-01
0.000000000000000000e+00
2.000000000000000000e+00
nan
nan
0.000000000000000000e+00
1.000000000000000000e+00
nan
nan
nan
0.000000000000000000e+00
nan
nan
nan
nan
nan
nan
nan
nan
nan
nan
nan
nan
nan
nan
nan
nan
nan
nan
nan
nan
