1.953125000000000000e+00
1.213333333333333375e+00
9.285714285714286031e-01
8.800000000000000044e-01
9.753086419753086433e-01
1.227272727272727293e+00
9.016393442622950838e-01
1.387096774193548487e+00
1.087912087912087822e+00
8.915662650602409478e-01
1.197802197802197766e+00
8.780487804878048808e-01
7.746478873239436291e-01
1.215189873417721556e+00
9.852941176470588758e-01
7.199999999999999734e-01
1.033707865168539408e+00
1.011904761904761862e+00
9.431818181818182323e-01
9.000000000000000222e-01
1.000000000000000000e+00
9.850746268656715987e-01
8.717948717948718063e-01
9.342105263157894912e-01
9.710144927536231707e-01
8.539325842696628976e-01
8.783783783783783994e-01
9.841269841269840724e-01
1.000000000000000000e+00
6.111111111111111605e-01
1.347222222222222321e+00
8.125000000000000000e-01
1.030769230769230660e+00
1.327868852459016313e+00
7.142857142857143016e-01
7.777777777777777901e-01
7.460317460317460458e-01
1.075471698113207530e+00
9.615384615384615641e-01
8.269230769230768718e-01
1.179999999999999938e+00
8.727272727272726849e-01
9.799999999999999822e-01
9.122807017543859143e-01
7.741935483870967527e-01
9.772727272727272929e-01
6.458333333333333703e-01
9.056603773584905870e-01
8.666666666666666963e-01
9.591836734693877098e-01
7.380952380952381375e-01
8.235294117647058432e-01
9.375000000000000000e-01
8.857142857142856762e-01
7.826086956521739468e-01
8.965517241379310498e-01
8.285714285714286254e-01
8.292682926829267887e-01
1.296296296296296280e+00
8.518518518518518601e-01
1.350000000000000089e+00
1.205128205128205066e+00
7.058823529411765163e-01
5.000000000000000000e-01
5.666666666666666519e-01
1.379310344827586299e+00
1.000000000000000000e+00
7.500000000000000000e-01
9.117647058823529216e-01
8.064516129032257563e-01
9.583333333333333703e-01
1.000000000000000000e+00
8.076923076923077094e-01
1.142857142857142794e+00
1.041666666666666741e+00
7.307692307692307265e-01
1.347826086956521729e+00
1.045454545454545414e+00
6.818181818181817677e-01
1.199999999999999956e+00
1.037037037037036979e+00
5.882352941176470784e-01
1.250000000000000000e+00
1.086956521739130377e+00
7.199999999999999734e-01
1.318181818181818121e+00
1.041666666666666741e+00
9.565217391304348116e-01
9.642857142857143016e-01
7.083333333333333703e-01
1.000000000000000000e+00
1.000000000000000000e+00
1.199999999999999956e+00
5.555555555555555802e-01
6.250000000000000000e-01
1.000000000000000000e+00
1.090909090909090828e+00
4.375000000000000000e-01
7.142857142857143016e-01
1.166666666666666741e+00
8.499999999999999778e-01
1.000000000000000000e+00
5.384615384615384359e-01
1.058823529411764719e+00
1.111111111111111160e+00
1.266666666666666607e+00
6.666666666666666297e-01
7.826086956521739468e-01
1.000000000000000000e+00
9.499999999999999556e-01
2.000000000000000111e-01
7.777777777777777901e-01
4.000000000000000222e-01
1.272727272727272707e+00
2.000000000000000111e-01
5.999999999999999778e-01
1.857142857142857206e+00
1.000000000000000000e+00
2.000000000000000000e+00
1.625000000000000000e+00
2.153846153846153744e+00
1.043478260869565188e+00
1.000000000000000000e+00
8.125000000000000000e-01
6.470588235294117974e-01
9.090909090909091161e-02
8.333333333333333703e-01
1.583333333333333259e+00
8.571428571428570953e-01
7.894736842105263275e-01
3.333333333333333148e-01
6.250000000000000000e-01
7.142857142857143016e-01
8.888888888888888395e-01
1.333333333333333259e+00
2.000000000000000111e-01
6.666666666666666297e-01
8.888888888888888395e-01
5.000000000000000000e-01
1.285714285714285809e+00
1.000000000000000000e+00
2.500000000000000000e-01
8.571428571428570953e-01
4.285714285714285476e-01
1.000000000000000000e+00
6.666666666666666297e-01
2.399999999999999911e+00
1.000000000000000000e+00
1.333333333333333259e+00
2.000000000000000111e-01
6.666666666666666297e-01
8.333333333333333703e-01
0.000000000000000000e+00
0.000000000000000000e+00
3.333333333333333148e-01
4.000000000000000222e-01
2.000000000000000000e+00
0.000000000000000000e+00
3.333333333333333148e-01
2.000000000000000000e+00
nan
3.000000000000000000e+00
0.000000000000000000e+00
nan
2.000000000000000000e+00
0.000000000000000000e+00
0.000000000000000000e+00
0.000000000000000000e+00
0.000000000000000000e+00
2.000000000000000000e+00
nan
nan
nan
nan
nan
nan
0.000000000000000000e+00
nan
3.000000000000000000e+00
nan
0.000000000000000000e+00
nan
nan
nan
nan
nan
nan
nan
nan
nan
nan
nan
nan
nan
nan
nan
nan
nan
nan
nan
