2.125581395348837166e+00
1.033057851239669311e+00
1.386363636363636465e+00
7.904761904761904434e-01
9.247311827956988806e-01
1.186813186813186816e+00
1.191489361702127603e+00
1.110091743119266061e+00
9.569892473118279952e-01
8.514851485148514643e-01
9.891304347826086474e-01
1.398058252427184511e+00
1.419047619047619113e+00
1.035087719298245723e+00
1.016260162601626105e+00
8.288288288288288008e-01
7.500000000000000000e-01
1.015037593984962516e+00
1.324561403508771829e+00
1.172413793103448176e+00
1.062992125984252079e+00
1.162601626016260159e+00
9.406779661016949623e-01
1.250000000000000000e+00
1.037878787878787845e+00
1.141843971631205656e+00
9.160305343511450094e-01
9.851851851851851638e-01
1.134920634920634885e+00
1.037037037037036979e+00
1.142857142857142794e+00
1.103896103896103931e+00
1.102409638554216809e+00
1.198757763975155211e+00
1.126666666666666705e+00
1.074074074074074181e+00
1.269607843137254832e+00
1.150259067357513043e+00
1.250000000000000000e+00
1.156682027649769573e+00
1.047393364928909998e+00
1.063636363636363713e+00
8.743961352657004804e-01
1.091370558375634570e+00
1.119266055045871511e+00
8.916256157635468194e-01
1.138095238095238049e+00
1.195219123505976144e+00
1.057692307692307709e+00
9.961240310077519311e-01
1.210743801652892637e+00
9.879999999999999893e-01
1.241509433962264097e+00
1.008438818565400741e+00
1.014598540145985384e+00
1.136363636363636465e+00
1.091216216216216228e+00
1.057915057915058021e+00
1.072463768115942129e+00
1.165016501650165015e+00
8.181818181818182323e-01
1.105442176870748305e+00
1.072847682119205226e+00
9.377162629757785917e-01
1.120915032679738577e+00
1.146103896103896069e+00
1.176848874598070749e+00
1.198813056379822051e+00
1.089230769230769225e+00
1.160120845921450261e+00
1.131428571428571450e+00
1.065491183879093251e+00
9.813829787234042978e-01
1.146529562982005146e+00
1.137305699481865329e+00
1.150900900900900803e+00
1.131386861313868675e+00
1.144230769230769162e+00
1.270742358078602585e+00
1.076586433260393827e+00
1.221505376344085958e+00
1.056338028169014009e+00
1.372277227722772386e+00
1.251439539347408925e+00
1.195211786372007312e+00
1.265377855887521941e+00
1.210702341137123828e+00
1.348837209302325535e+00
1.100828729281768004e+00
1.303030303030302983e+00
1.284908321579689705e+00
1.226063829787233939e+00
1.390300230946882154e+00
1.362301101591187225e+00
1.202447163515016682e+00
1.337398373983739841e+00
1.348677766895200802e+00
1.289224952741020891e+00
1.364875701684041598e+00
1.346215780998389677e+00
1.318042813455657436e+00
1.350853242320819048e+00
1.316250842886041772e+00
1.343034055727554188e+00
1.345444382336500766e+00
1.411854879918242212e+00
1.386475814412635676e+00
1.406405051871898904e+00
1.375830564784053189e+00
1.377182770663562206e+00
1.406521739130434767e+00
1.403638814016172409e+00
1.357255272269436652e+00
1.402932551319648002e+00
1.368861024033437790e+00
1.410098522167487767e+00
1.364689527340129827e+00
1.417559769167353600e+00
1.349470795766366082e+00
1.390081154192966739e+00
1.359453151050350028e+00
1.367783545697656145e+00
1.364755900894297103e+00
1.354606068852905132e+00
1.378959135511116596e+00
1.402652825836216754e+00
1.376136855781723733e+00
1.374723506937462369e+00
1.391756337771293150e+00
1.381202816184578852e+00
1.373187525313892321e+00
1.376672897196261625e+00
1.403828875526988762e+00
1.377911012937835356e+00
1.357910906298003040e+00
1.331581301722209787e+00
1.369028091039573569e+00
1.352164929088006007e+00
1.344182948490231011e+00
1.350192114934847920e+00
1.350873808880830307e+00
1.342662793169418167e+00
1.324483874195377275e+00
1.335025064607528789e+00
1.305311270539227131e+00
1.289288289787540842e+00
1.306586702512666731e+00
1.298346967012161013e+00
1.312430519318465327e+00
1.294540874057943158e+00
1.293238205940117735e+00
1.265055467511885912e+00
1.274077942659559204e+00
1.274988639614925034e+00
1.257940159279119285e+00
1.247937207709034491e+00
1.233544015487985313e+00
1.227669948809379186e+00
1.204982069672131173e+00
1.203874009208710349e+00
1.198558762231092478e+00
1.185147155660219331e+00
1.178000021461300006e+00
1.169149067302161171e+00
1.148915422885572246e+00
1.140490967686408119e+00
1.120724271611106548e+00
1.110352203179624464e+00
1.095819317635752022e+00
1.070883101625220268e+00
1.073219451144209247e+00
1.052032640220223136e+00
1.041334118805329334e+00
1.019602857392589490e+00
1.015181429886178543e+00
9.889369476281190119e-01
9.846137066554483397e-01
9.728490859739833407e-01
9.483045264907933314e-01
9.397385012348991040e-01
9.209774323008604879e-01
9.147522722502946513e-01
9.048140945349066877e-01
8.906162359461201605e-01
8.788210073195937833e-01
8.631042762809421065e-01
8.491897685572067367e-01
8.356777073056143035e-01
8.268036218479213328e-01
8.144244636967856721e-01
7.915225913586345641e-01
7.643011082059752992e-01
7.176856320719027238e-01
6.586177985387471345e-01
5.654607336442707410e-01
4.520669827231318938e-01
3.129147452480036118e-01
1.674726769895144574e-01
5.406895248295087719e-02
0.000000000000000000e+00
