1.935828877005347559e+00
9.285714285714286031e-01
1.220588235294117752e+00
8.688524590163934080e-01
7.222222222222222099e-01
8.461538461538461453e-01
1.119402985074626766e+00
1.014925373134328401e+00
9.375000000000000000e-01
1.030303030303030276e+00
9.538461538461538991e-01
1.020000000000000018e+00
1.105263157894736947e+00
8.305084745762711940e-01
7.692307692307692735e-01
9.830508474576271638e-01
9.649122807017543879e-01
8.947368421052631637e-01
1.056603773584905648e+00
7.460317460317460458e-01
8.965517241379310498e-01
8.035714285714286031e-01
6.734693877551020114e-01
1.348837209302325535e+00
1.333333333333333259e+00
8.627450980392157298e-01
1.105263157894736947e+00
8.372093023255814392e-01
1.000000000000000000e+00
1.125000000000000000e+00
1.078431372549019551e+00
7.142857142857143016e-01
1.285714285714285809e+00
6.250000000000000000e-01
8.493150684931506378e-01
9.166666666666666297e-01
1.034482758620689724e+00
1.285714285714285809e+00
5.806451612903226200e-01
1.128205128205128194e+00
8.604651162790697416e-01
1.000000000000000000e+00
1.138888888888888840e+00
9.473684210526315264e-01
1.020833333333333259e+00
9.024390243902439268e-01
7.627118644067796271e-01
9.387755102040816757e-01
8.139534883720930258e-01
1.189189189189189255e+00
8.750000000000000000e-01
9.777777777777777457e-01
8.750000000000000000e-01
9.736842105263158187e-01
7.096774193548387455e-01
1.047619047619047672e+00
1.024390243902439046e+00
6.176470588235294379e-01
8.333333333333333703e-01
8.444444444444444420e-01
6.875000000000000000e-01
1.090909090909090828e+00
4.799999999999999822e-01
1.037037037037036979e+00
5.000000000000000000e-01
7.407407407407406996e-01
6.774193548387096309e-01
9.473684210526315264e-01
1.312500000000000000e+00
1.857142857142857206e+00
1.043478260869565188e+00
8.181818181818182323e-01
1.388888888888888840e+00
1.500000000000000000e+00
1.086956521739130377e+00
7.500000000000000000e-01
6.896551724137931494e-01
1.000000000000000000e+00
5.666666666666666519e-01
1.035714285714285809e+00
1.105263157894736947e+00
4.500000000000000111e-01
2.500000000000000000e-01
8.333333333333333703e-01
5.789473684210526550e-01
1.388888888888888840e+00
4.000000000000000222e-01
1.818181818181818121e+00
9.444444444444444198e-01
1.000000000000000000e+00
9.090909090909090606e-01
1.449999999999999956e+00
1.294117647058823595e+00
7.894736842105263275e-01
5.384615384615384359e-01
1.133333333333333304e+00
9.583333333333333703e-01
8.947368421052631637e-01
1.090909090909090828e+00
9.166666666666666297e-01
5.555555555555555802e-01
7.647058823529411242e-01
1.000000000000000000e+00
1.100000000000000089e+00
1.090909090909090828e+00
5.333333333333333259e-01
0.000000000000000000e+00
1.050000000000000044e+00
8.181818181818182323e-01
7.500000000000000000e-01
5.999999999999999778e-01
5.999999999999999778e-01
8.571428571428570953e-01
1.428571428571428603e+00
2.222222222222222099e-01
1.666666666666666741e+00
1.333333333333333259e+00
2.500000000000000000e-01
1.199999999999999956e+00
5.000000000000000000e-01
1.800000000000000044e+00
6.666666666666666297e-01
1.600000000000000089e+00
7.142857142857143016e-01
8.750000000000000000e-01
4.615384615384615641e-01
1.857142857142857206e+00
8.000000000000000444e-01
2.000000000000000111e-01
8.000000000000000444e-01
6.666666666666666297e-01
1.000000000000000000e+00
0.000000000000000000e+00
7.500000000000000000e-01
1.600000000000000089e+00
1.428571428571428603e+00
1.333333333333333259e+00
1.000000000000000000e+00
6.666666666666666297e-01
5.000000000000000000e-01
0.000000000000000000e+00
1.600000000000000089e+00
1.000000000000000000e+00
2.000000000000000000e+00
7.777777777777777901e-01
2.857142857142856984e-01
3.333333333333333148e-01
0.000000000000000000e+00
1.250000000000000000e+00
7.500000000000000000e-01
3.000000000000000000e+00
1.000000000000000000e+00
0.000000000000000000e+00
1.500000000000000000e+00
1.000000000000000000e+00
nan
3.333333333333333148e-01
2.000000000000000000e+00
2.666666666666666519e+00
2.000000000000000000e+00
0.000000000000000000e+00
1.000000000000000000e+00
2.000000000000000000e+00
0.000000000000000000e+00
1.428571428571428492e-01
0.000000000000000000e+00
1.000000000000000000e+00
0.000000000000000000e+00
nan
5.000000000000000000e-01
5.000000000000000000e+00
5.000000000000000000e-01
0.000000000000000000e+00
3.000000000000000000e+00
nan
2.200000000000000178e+00
0.000000000000000000e+00
1.333333333333333259e+00
1.000000000000000000e+00
0.000000000000000000e+00
1.000000000000000000e+00
2.200000000000000178e+00
0.000000000000000000e+00
1.000000000000000000e+00
2.000000000000000000e+00
2.000000000000000111e-01
0.000000000000000000e+00
1.857142857142857206e+00
1.600000000000000089e+00
0.000000000000000000e+00
1.285714285714285809e+00
7.142857142857143016e-01
1.166666666666666741e+00
7.500000000000000000e-01
0.000000000000000000e+00
5.714285714285713969e-01
2.500000000000000000e-01
2.000000000000000111e-01
0.000000000000000000e+00
0.000000000000000000e+00
