1.957446808510638236e+00
1.000000000000000000e+00
1.055555555555555580e+00
1.026666666666666616e+00
8.235294117647058432e-01
7.027027027027027417e-01
1.065573770491803351e+00
6.571428571428571397e-01
8.965517241379310498e-01
6.607142857142856984e-01
9.038461538461538547e-01
9.000000000000000222e-01
8.490566037735849392e-01
1.035714285714285809e+00
7.272727272727272929e-01
1.104477611940298587e+00
9.000000000000000222e-01
1.139999999999999902e+00
9.772727272727272929e-01
6.500000000000000222e-01
5.757575757575758013e-01
1.142857142857142794e+00
1.199999999999999956e+00
9.189189189189189699e-01
8.333333333333333703e-01
8.936170212765957022e-01
1.038461538461538547e+00
6.896551724137931494e-01
4.634146341463414864e-01
8.648648648648649129e-01
9.772727272727272929e-01
8.800000000000000044e-01
1.128205128205128194e+00
1.214285714285714191e+00
9.729729729729730270e-01
8.965517241379310498e-01
6.666666666666666297e-01
4.444444444444444198e-01
1.107142857142857206e+00
1.370370370370370461e+00
8.421052631578946901e-01
7.368421052631578538e-01
1.037037037037036979e+00
7.037037037037037202e-01
8.108108108108108558e-01
1.280000000000000027e+00
5.789473684210526550e-01
1.600000000000000089e+00
1.136363636363636465e+00
8.461538461538461453e-01
1.080000000000000071e+00
9.583333333333333703e-01
9.047619047619047672e-01
4.799999999999999822e-01
1.428571428571428603e+00
1.000000000000000000e+00
5.357142857142856984e-01
6.500000000000000222e-01
1.100000000000000089e+00
9.444444444444444198e-01
4.000000000000000222e-01
1.470588235294117752e+00
9.333333333333333481e-01
9.411764705882352811e-01
9.411764705882352811e-01
6.666666666666666297e-01
1.294117647058823595e+00
6.999999999999999556e-01
8.000000000000000444e-01
1.875000000000000000e+00
1.250000000000000000e+00
1.125000000000000000e+00
1.230769230769230838e+00
7.500000000000000000e-01
1.611111111111111160e+00
8.666666666666666963e-01
6.250000000000000000e-01
2.000000000000000000e+00
4.761904761904761640e-01
5.833333333333333703e-01
1.086956521739130377e+00
1.055555555555555580e+00
1.086956521739130377e+00
1.250000000000000000e+00
1.095238095238095344e+00
8.235294117647058432e-01
9.375000000000000000e-01
1.619047619047619069e+00
3.888888888888888951e-01
3.703703703703703498e-01
7.368421052631578538e-01
3.333333333333333148e-01
1.250000000000000000e+00
1.100000000000000089e+00
5.454545454545454142e-01
1.300000000000000044e+00
1.066666666666666652e+00
2.222222222222222099e-01
9.000000000000000222e-01
1.166666666666666741e+00
7.142857142857143016e-01
7.692307692307692735e-01
1.666666666666666741e+00
1.375000000000000000e+00
3.750000000000000000e-01
0.000000000000000000e+00
1.000000000000000000e+00
0.000000000000000000e+00
6.363636363636363535e-01
1.000000000000000000e+00
8.333333333333333703e-01
5.999999999999999778e-01
5.000000000000000000e-01
0.000000000000000000e+00
1.000000000000000000e+00
5.000000000000000000e-01
1.750000000000000000e+00
1.750000000000000000e+00
1.666666666666666741e+00
6.666666666666666297e-01
7.500000000000000000e-01
3.333333333333333148e-01
1.285714285714285809e+00
0.000000000000000000e+00
7.500000000000000000e-01
1.333333333333333259e+00
8.333333333333333703e-01
5.000000000000000000e-01
2.857142857142856984e-01
nan
0.000000000000000000e+00
1.500000000000000000e+00
0.000000000000000000e+00
1.000000000000000000e+00
0.000000000000000000e+00
5.000000000000000000e-01
2.000000000000000000e+00
nan
2.666666666666666519e+00
nan
2.666666666666666519e+00
1.428571428571428603e+00
1.000000000000000000e+00
5.000000000000000000e-01
8.750000000000000000e-01
3.333333333333333148e-01
2.333333333333333481e+00
1.666666666666666741e+00
2.000000000000000000e+00
1.000000000000000000e+00
1.666666666666666741e+00
1.000000000000000000e+00
0.000000000000000000e+00
0.000000000000000000e+00
nan
1.333333333333333259e+00
1.000000000000000000e+00
0.000000000000000000e+00
0.000000000000000000e+00
0.000000000000000000e+00
nan
0.000000000000000000e+00
nan
nan
nan
nan
nan
nan
nan
nan
nan
nan
nan
nan
nan
nan
nan
nan
nan
nan
nan
nan
nan
nan
nan
nan
nan
nan
nan
nan
nan
nan
nan
nan
nan
nan
nan
nan
nan
nan
