2.032786885245901676e+00
1.062500000000000000e+00
9.868421052631578538e-01
9.305555555555555802e-01
8.307692307692308153e-01
1.151515151515151603e+00
1.084337349397590300e+00
6.923076923076922906e-01
1.086956521739130377e+00
8.235294117647058432e-01
1.000000000000000000e+00
6.515151515151514916e-01
1.030303030303030276e+00
1.045454545454545414e+00
7.272727272727272929e-01
9.423076923076922906e-01
7.397260273972602329e-01
8.627450980392157298e-01
9.166666666666666297e-01
9.038461538461538547e-01
1.074999999999999956e+00
8.181818181818182323e-01
9.148936170212765839e-01
1.071428571428571397e+00
8.409090909090909394e-01
9.000000000000000222e-01
1.192982456140350811e+00
9.756097560975609539e-01
1.714285714285714191e+00
6.491228070175438791e-01
4.749999999999999778e-01
7.500000000000000000e-01
8.636363636363636465e-01
1.173913043478260976e+00
1.317073170731707377e+00
1.063829787234042534e+00
1.142857142857142794e+00
9.189189189189189699e-01
8.823529411764705621e-01
8.510638297872340496e-01
1.156862745098039325e+00
9.318181818181817677e-01
1.600000000000000089e+00
1.162790697674418672e+00
1.333333333333333259e+00
8.813559322033898136e-01
7.450980392156862919e-01
1.085714285714285632e+00
5.581395348837209225e-01
9.636363636363636243e-01
8.000000000000000444e-01
9.777777777777777457e-01
4.285714285714285476e-01
8.604651162790697416e-01
1.363636363636363535e+00
1.085106382978723305e+00
1.024999999999999911e+00
7.647058823529411242e-01
7.045454545454545858e-01
1.217391304347826164e+00
1.058823529411764719e+00
8.620689655172413257e-01
8.205128205128204844e-01
1.545454545454545414e+00
6.296296296296296502e-01
1.280000000000000027e+00
7.948717948717948234e-01
5.517241379310344751e-01
8.333333333333333703e-01
1.176470588235294157e+00
9.459459459459459429e-01
1.115384615384615419e+00
6.944444444444444198e-01
9.655172413793103869e-01
1.031250000000000000e+00
3.913043478260869734e-01
9.523809523809523281e-01
8.076923076923077094e-01
7.027027027027027417e-01
4.074074074074073848e-01
1.285714285714285809e+00
1.117647058823529438e+00
5.714285714285713969e-01
1.611111111111111160e+00
1.500000000000000000e+00
1.428571428571428603e+00
8.125000000000000000e-01
1.535714285714285809e+00
1.222222222222222321e+00
9.583333333333333703e-01
1.000000000000000000e+00
1.538461538461538547e+00
1.166666666666666741e+00
9.285714285714286031e-01
1.444444444444444420e+00
6.666666666666666297e-01
8.648648648648649129e-01
7.222222222222222099e-01
7.857142857142856984e-01
1.107142857142857206e+00
9.062500000000000000e-01
8.148148148148147696e-01
1.043478260869565188e+00
7.083333333333333703e-01
6.521739130434782705e-01
9.259259259259259300e-01
5.909090909090909394e-01
7.142857142857143016e-01
3.571428571428571508e-01
8.888888888888888395e-01
1.352941176470588314e+00
7.500000000000000000e-01
7.333333333333332815e-01
1.529411764705882248e+00
1.888888888888888840e+00
8.823529411764705621e-01
5.909090909090909394e-01
5.555555555555555802e-01
5.882352941176470784e-01
1.615384615384615419e+00
1.250000000000000000e+00
1.055555555555555580e+00
1.285714285714285809e+00
1.333333333333333259e+00
7.142857142857143016e-01
9.629629629629629095e-01
1.227272727272727293e+00
7.692307692307692735e-01
1.333333333333333259e+00
6.470588235294117974e-01
1.230769230769230838e+00
1.142857142857142794e+00
7.500000000000000000e-01
6.470588235294117974e-01
2.727272727272727071e-01
1.176470588235294157e+00
8.823529411764705621e-01
1.166666666666666741e+00
1.600000000000000089e+00
9.375000000000000000e-01
1.307692307692307709e+00
4.210526315789473450e-01
9.333333333333333481e-01
1.250000000000000000e+00
3.333333333333333148e-01
1.000000000000000000e+00
1.000000000000000000e+00
1.000000000000000000e+00
5.555555555555555802e-01
5.833333333333333703e-01
1.111111111111111160e+00
7.272727272727272929e-01
5.833333333333333703e-01
1.142857142857142794e+00
2.000000000000000000e+00
5.999999999999999778e-01
0.000000000000000000e+00
5.714285714285713969e-01
3.333333333333333148e-01
5.714285714285713969e-01
2.500000000000000000e-01
1.000000000000000000e+00
2.000000000000000000e+00
1.250000000000000000e+00
2.000000000000000000e+00
1.199999999999999956e+00
5.000000000000000000e-01
4.000000000000000222e-01
0.000000000000000000e+00
3.333333333333333148e-01
0.000000000000000000e+00
0.000000000000000000e+00
3.000000000000000000e+00
0.000000000000000000e+00
5.000000000000000000e+00
5.000000000000000000e+00
2.000000000000000000e+00
0.000000000000000000e+00
4.500000000000000000e+00
2.250000000000000000e+00
1.000000000000000000e+00
0.000000000000000000e+00
1.666666666666666741e+00
2.500000000000000000e+00
6.666666666666666297e-01
2.500000000000000000e+00
1.250000000000000000e-01
1.000000000000000000e+00
1.666666666666666741e+00
2.500000000000000000e-01
7.142857142857143016e-01
2.857142857142856984e-01
2.500000000000000000e+00
1.666666666666666574e-01
1.000000000000000000e+00
0.000000000000000000e+00
0.000000000000000000e+00
0.000000000000000000e+00
nan
nan
