2.248847926267281139e+00
1.108108108108108114e+00
8.095238095238095344e-01
1.126315789473684159e+00
1.159090909090909172e+00
1.096153846153846256e+00
9.818181818181818121e-01
9.090909090909090606e-01
1.059405940594059459e+00
1.097087378640776656e+00
1.285714285714285809e+00
1.141414141414141437e+00
9.052631578947368807e-01
1.026315789473684292e+00
8.623853211009174791e-01
1.232558139534883690e+00
1.199999999999999956e+00
1.000000000000000000e+00
1.284313725490196179e+00
9.523809523809523281e-01
1.015873015873015817e+00
9.399999999999999467e-01
8.762886597938144284e-01
9.319727891156462940e-01
1.008000000000000007e+00
1.031007751937984551e+00
1.071428571428571397e+00
1.161764705882353033e+00
1.109375000000000000e+00
8.698630136986301720e-01
9.084507042253521236e-01
1.043478260869565188e+00
1.000000000000000000e+00
1.251851851851851771e+00
1.094890510948905105e+00
1.093525179856115193e+00
1.138554216867469826e+00
8.208955223880597396e-01
9.882352941176471006e-01
8.881987577639751663e-01
1.007462686567164090e+00
1.064516129032258007e+00
1.028776978417266230e+00
1.225000000000000089e+00
1.404907975460122804e+00
9.536423841059602502e-01
8.662420382165605393e-01
1.017543859649122862e+00
1.016666666666666607e+00
1.064935064935064846e+00
7.833333333333333259e-01
1.105820105820105814e+00
8.888888888888888395e-01
1.134831460674157411e+00
6.896551724137931494e-01
1.153333333333333321e+00
1.198757763975155211e+00
1.164062500000000000e+00
7.833333333333333259e-01
1.360946745562130245e+00
1.278195488721804551e+00
1.006134969325153339e+00
1.055555555555555580e+00
1.151162790697674465e+00
1.153005464480874265e+00
1.067708333333333259e+00
8.595744680851064023e-01
1.160714285714285809e+00
9.158878504672897103e-01
9.547738693467336946e-01
1.178571428571428603e+00
1.121827411167512611e+00
1.114155251141552450e+00
9.644444444444444375e-01
1.103773584905660465e+00
1.173913043478260976e+00
1.100000000000000089e+00
9.340101522842639836e-01
1.215767634854771684e+00
1.239837398373983657e+00
1.272727272727272707e+00
1.056224899598393607e+00
1.000000000000000000e+00
1.075085324232081918e+00
1.127737226277372162e+00
8.213058419243985941e-01
1.003401360544217580e+00
1.020477815699658786e+00
1.123333333333333295e+00
1.035335689045936425e+00
9.480968858131487709e-01
1.031358885017421567e+00
1.006557377049180246e+00
1.226950354609929184e+00
9.458598726114649802e-01
1.066246056782334417e+00
1.160883280757097902e+00
9.924528301886792470e-01
1.074766355140186924e+00
1.022082018927444880e+00
1.220064724919093901e+00
1.131097560975609762e+00
1.030985915492957705e+00
1.103174603174603252e+00
1.021563342318059231e+00
1.299251870324189539e+00
1.152709359605911255e+00
1.208651399491094125e+00
1.160633484162896023e+00
1.094091903719912384e+00
1.173170731707317005e+00
1.075471698113207530e+00
1.172147001934235933e+00
1.171189979123173242e+00
1.205284552845528490e+00
1.207692307692307621e+00
1.241054613935969941e+00
1.237191650853890046e+00
1.157212317666126422e+00
1.224014336917562673e+00
1.255485893416927956e+00
1.223076923076923173e+00
1.281593406593406703e+00
1.308695652173913038e+00
1.263368983957219305e+00
1.251237623762376128e+00
1.450721153846153744e+00
1.284552845528455389e+00
1.325128205128205172e+00
1.365758754863813262e+00
1.297178130511463801e+00
1.341666666666666563e+00
1.331302361005331392e+00
1.247893258426966190e+00
1.403236682400539337e+00
1.372048500319080988e+00
1.328544659587757693e+00
1.265987549518958755e+00
1.378548895899053717e+00
1.389274156264447502e+00
1.323342415985467646e+00
1.384042086804033289e+00
1.362880886426592886e+00
1.396745027124773886e+00
1.441048034934497846e+00
1.387138681390061690e+00
1.360759493670886000e+00
1.369980614788147255e+00
1.391814324931370139e+00
1.384850623382733570e+00
1.378521499682270779e+00
1.356867518766484038e+00
1.382104877154382017e+00
1.369279326670173491e+00
1.388237184637634680e+00
1.377239199157007432e+00
1.355576739752144988e+00
1.423835934476976650e+00
1.384506710619260561e+00
1.355158302821451555e+00
1.395967659400266125e+00
1.375414338479022724e+00
1.371626420454545414e+00
1.398557333554431681e+00
1.360256019506248082e+00
1.341592796817198341e+00
1.363529871144084415e+00
1.364194928016384534e+00
1.362767953602092463e+00
1.360208541787350622e+00
1.359098701934851716e+00
1.357083716651333871e+00
1.343755288542900717e+00
1.341743393519072125e+00
1.344763875545044618e+00
1.354921658038193755e+00
1.344501187262141073e+00
1.329817052955182488e+00
1.330113304195317481e+00
1.304683238525675915e+00
1.312828280360589295e+00
1.312435125596844498e+00
1.288486750198800657e+00
1.283317800559179878e+00
1.281227049319247469e+00
1.286610465011773563e+00
1.261325390414647307e+00
1.243894252285659530e+00
1.229557706537003803e+00
1.212736199120854064e+00
1.189281006672192831e+00
1.147882314904623335e+00
1.077794376959247735e+00
9.893224593699544434e-01
8.536797318496280873e-01
6.799152780479370550e-01
4.664163624294722643e-01
2.505119996818642725e-01
8.090546041753289563e-02
0.000000000000000000e+00
