1.912820512820512908e+00
1.176470588235294157e+00
8.933333333333333126e-01
9.146341463414634498e-01
1.087719298245614086e+00
8.028169014084507449e-01
7.631578947368421462e-01
1.025974025974025983e+00
9.333333333333333481e-01
9.830508474576271638e-01
9.154929577464788748e-01
1.058823529411764719e+00
6.607142857142856984e-01
8.524590163934425702e-01
8.387096774193548709e-01
1.074999999999999956e+00
1.253968253968253954e+00
1.309090909090909083e+00
9.838709677419354982e-01
6.721311475409835756e-01
1.474576271186440746e+00
1.044444444444444509e+00
1.000000000000000000e+00
8.983050847457627608e-01
6.612903225806451291e-01
1.403225806451612989e+00
8.793103448275861878e-01
1.611111111111111160e+00
1.000000000000000000e+00
9.499999999999999556e-01
7.894736842105263275e-01
7.538461538461538325e-01
1.100000000000000089e+00
9.000000000000000222e-01
7.468354430379746667e-01
8.076923076923077094e-01
9.827586206896551380e-01
8.333333333333333703e-01
1.215686274509803821e+00
8.750000000000000000e-01
7.800000000000000266e-01
7.636363636363636687e-01
1.035714285714285809e+00
1.021739130434782705e+00
1.181818181818181879e+00
5.227272727272727071e-01
8.399999999999999689e-01
5.999999999999999778e-01
5.945945945945946276e-01
1.187500000000000000e+00
9.250000000000000444e-01
7.428571428571428825e-01
9.354838709677418818e-01
1.392857142857142794e+00
1.466666666666666563e+00
1.128205128205128194e+00
1.108108108108108114e+00
9.772727272727272929e-01
1.161290322580645240e+00
9.756097560975609539e-01
6.976744186046511809e-01
1.515151515151515138e+00
1.000000000000000000e+00
7.142857142857143016e-01
1.050000000000000044e+00
8.000000000000000444e-01
1.125000000000000000e+00
9.000000000000000222e-01
1.052631578947368363e+00
6.875000000000000000e-01
9.117647058823529216e-01
8.510638297872340496e-01
1.416666666666666741e+00
1.119047619047619069e+00
7.428571428571428825e-01
1.052631578947368363e+00
8.800000000000000044e-01
9.696969696969697239e-01
1.236842105263157965e+00
8.823529411764705621e-01
6.976744186046511809e-01
8.043478260869565410e-01
7.428571428571428825e-01
1.315789473684210620e+00
1.218750000000000000e+00
6.428571428571429047e-01
8.775510204081632404e-01
8.965517241379310498e-01
6.785714285714286031e-01
9.642857142857143016e-01
4.687500000000000000e-01
1.285714285714285809e+00
1.000000000000000000e+00
7.241379310344827624e-01
1.227272727272727293e+00
1.080000000000000071e+00
6.250000000000000000e-01
1.423076923076923128e+00
6.190476190476190688e-01
8.888888888888888395e-01
6.111111111111111605e-01
7.368421052631578538e-01
1.296296296296296280e+00
1.199999999999999956e+00
1.149999999999999911e+00
5.200000000000000178e-01
1.185185185185185119e+00
1.214285714285714191e+00
1.357142857142857206e+00
5.769230769230768718e-01
1.031250000000000000e+00
8.181818181818182323e-01
7.500000000000000000e-01
9.000000000000000222e-01
8.571428571428570953e-01
8.181818181818182323e-01
1.159999999999999920e+00
9.375000000000000000e-01
1.235294117647058876e+00
1.000000000000000000e+00
4.347826086956521618e-01
9.000000000000000222e-01
8.000000000000000444e-01
1.000000000000000000e+00
1.111111111111111160e+00
3.125000000000000000e-01
1.000000000000000000e+00
8.888888888888888395e-01
8.571428571428570953e-01
3.333333333333333148e-01
1.500000000000000000e+00
1.166666666666666741e+00
5.000000000000000000e-01
9.375000000000000000e-01
1.636363636363636465e+00
1.000000000000000000e+00
1.142857142857142794e+00
4.285714285714285476e-01
1.466666666666666563e+00
4.545454545454545303e-01
6.666666666666666297e-01
6.666666666666666297e-01
5.714285714285713969e-01
3.846153846153846367e-01
1.100000000000000089e+00
2.222222222222222099e-01
5.999999999999999778e-01
1.428571428571428492e-01
2.000000000000000111e-01
6.666666666666666297e-01
6.666666666666666297e-01
nan
2.000000000000000000e+00
0.000000000000000000e+00
0.000000000000000000e+00
0.000000000000000000e+00
2.000000000000000000e+00
1.000000000000000000e+00
nan
nan
0.000000000000000000e+00
0.000000000000000000e+00
nan
nan
nan
nan
nan
nan
nan
nan
nan
nan
nan
nan
nan
nan
nan
nan
nan
nan
nan
nan
nan
nan
nan
nan
nan
nan
nan
nan
nan
nan
nan
nan
nan
nan
nan
nan
nan
nan
