1.857142857142857206e+00
1.000000000000000000e+00
1.407407407407407440e+00
9.393939393939394478e-01
7.464788732394366244e-01
7.659574468085106336e-01
8.688524590163934080e-01
1.033898305084745672e+00
7.283950617283950768e-01
1.125000000000000000e+00
1.142857142857142794e+00
1.079365079365079305e+00
8.399999999999999689e-01
5.322580645161290036e-01
6.666666666666666297e-01
5.937500000000000000e-01
7.966101694915254106e-01
8.139534883720930258e-01
1.162162162162162060e+00
5.999999999999999778e-01
8.181818181818182323e-01
1.235294117647058876e+00
9.189189189189189699e-01
7.608695652173913526e-01
1.058823529411764719e+00
7.058823529411765163e-01
5.806451612903226200e-01
1.416666666666666741e+00
8.571428571428570953e-01
1.300000000000000044e+00
7.307692307692307265e-01
2.800000000000000266e-01
5.925925925925925597e-01
5.294117647058823595e-01
1.133333333333333304e+00
6.500000000000000222e-01
8.518518518518518601e-01
1.066666666666666652e+00
1.090909090909090828e+00
1.062500000000000000e+00
6.842105263157894912e-01
9.444444444444444198e-01
1.000000000000000000e+00
1.125000000000000000e+00
7.894736842105263275e-01
8.947368421052631637e-01
1.368421052631578982e+00
1.235294117647058876e+00
1.733333333333333393e+00
7.058823529411765163e-01
8.000000000000000444e-01
9.545454545454545858e-01
1.148148148148148140e+00
6.666666666666666297e-01
6.153846153846154188e-01
8.125000000000000000e-01
4.705882352941176405e-01
1.142857142857142794e+00
8.571428571428570953e-01
5.999999999999999778e-01
1.153846153846153744e+00
1.052631578947368363e+00
7.857142857142856984e-01
1.272727272727272707e+00
1.866666666666666696e+00
6.428571428571429047e-01
2.666666666666666630e-01
1.272727272727272707e+00
2.000000000000000000e+00
3.157894736842105088e-01
5.999999999999999778e-01
6.956521739130434590e-01
5.833333333333333703e-01
8.000000000000000444e-01
1.000000000000000000e+00
0.000000000000000000e+00
2.727272727272727071e-01
1.500000000000000000e+00
6.666666666666666297e-01
1.375000000000000000e+00
1.199999999999999956e+00
1.500000000000000000e+00
1.142857142857142794e+00
1.857142857142857206e+00
7.777777777777777901e-01
5.000000000000000000e-01
2.500000000000000000e-01
1.250000000000000000e+00
9.230769230769231282e-01
8.333333333333333703e-01
8.750000000000000000e-01
1.125000000000000000e+00
2.000000000000000000e+00
1.000000000000000000e+00
1.375000000000000000e+00
2.000000000000000000e+00
1.000000000000000000e+00
1.000000000000000000e+00
5.833333333333333703e-01
1.111111111111111160e+00
1.000000000000000056e-01
1.142857142857142794e+00
0.000000000000000000e+00
4.444444444444444198e-01
1.500000000000000000e+00
5.000000000000000000e-01
5.000000000000000000e-01
1.000000000000000000e+00
2.000000000000000000e+00
1.000000000000000000e+00
1.125000000000000000e+00
1.000000000000000000e+00
2.000000000000000000e+00
4.285714285714285476e-01
1.333333333333333259e+00
1.000000000000000000e+00
1.333333333333333259e+00
2.166666666666666519e+00
7.272727272727272929e-01
1.454545454545454586e+00
2.500000000000000000e-01
5.000000000000000000e-01
1.000000000000000000e+00
8.000000000000000444e-01
1.199999999999999956e+00
0.000000000000000000e+00
1.111111111111111049e-01
2.000000000000000111e-01
1.199999999999999956e+00
2.333333333333333481e+00
0.000000000000000000e+00
1.000000000000000000e+00
2.500000000000000000e-01
2.333333333333333481e+00
0.000000000000000000e+00
2.000000000000000000e+00
0.000000000000000000e+00
2.333333333333333481e+00
1.000000000000000000e+00
2.000000000000000000e+00
2.500000000000000000e-01
1.666666666666666741e+00
5.000000000000000000e-01
nan
0.000000000000000000e+00
0.000000000000000000e+00
2.000000000000000000e+00
2.000000000000000000e+00
1.428571428571428603e+00
0.000000000000000000e+00
5.000000000000000000e-01
2.000000000000000000e+00
1.000000000000000000e+00
6.666666666666666297e-01
1.000000000000000000e+00
0.000000000000000000e+00
1.000000000000000000e+00
3.333333333333333148e-01
1.666666666666666741e+00
3.333333333333333148e-01
5.000000000000000000e-01
2.500000000000000000e-01
nan
0.000000000000000000e+00
1.000000000000000000e+00
0.000000000000000000e+00
1.000000000000000000e+00
0.000000000000000000e+00
nan
nan
nan
nan
nan
nan
nan
nan
nan
nan
nan
nan
nan
nan
nan
nan
nan
nan
nan
nan
nan
nan
nan
nan
nan
nan
nan
nan
nan
nan
nan
nan
