1.800947867298578142e+00
1.511627906976744207e+00
9.534883720930232842e-01
1.178082191780821963e+00
9.384615384615384581e-01
7.702702702702702853e-01
1.087499999999999911e+00
9.021739130434782705e-01
9.894736842105262831e-01
7.027027027027027417e-01
8.433734939759036653e-01
7.014925373134328623e-01
1.040000000000000036e+00
1.107692307692307754e+00
1.270833333333333259e+00
1.245901639344262346e+00
1.239999999999999991e+00
1.333333333333333259e+00
1.238095238095238138e+00
1.130952380952380931e+00
8.452380952380952328e-01
1.036585365853658569e+00
8.717948717948718063e-01
9.130434782608695121e-01
5.999999999999999778e-01
7.323943661971831220e-01
1.095238095238095344e+00
1.033898305084745672e+00
8.666666666666666963e-01
8.450704225352112520e-01
9.523809523809523281e-01
1.000000000000000000e+00
9.864864864864865135e-01
1.226415094339622591e+00
1.046875000000000000e+00
1.217391304347826164e+00
7.187500000000000000e-01
7.142857142857143016e-01
9.146341463414634498e-01
1.117647058823529438e+00
9.705882352941176405e-01
1.016949152542372836e+00
7.627118644067796271e-01
7.600000000000000089e-01
1.415094339622641417e+00
9.107142857142856984e-01
9.305555555555555802e-01
7.368421052631578538e-01
1.017543859649122862e+00
9.032258064516128782e-01
7.755102040816326259e-01
1.399999999999999911e+00
1.125000000000000000e+00
7.111111111111111382e-01
8.888888888888888395e-01
1.531914893617021267e+00
9.552238805970149071e-01
9.433962264150943522e-01
5.915492957746478764e-01
7.708333333333333703e-01
9.736842105263158187e-01
7.500000000000000000e-01
9.512195121951219079e-01
1.069767441860465018e+00
8.599999999999999867e-01
4.888888888888888729e-01
1.024999999999999911e+00
9.200000000000000400e-01
9.696969696969697239e-01
7.777777777777777901e-01
1.066666666666666652e+00
1.000000000000000000e+00
1.149999999999999911e+00
8.000000000000000444e-01
1.314285714285714279e+00
6.562500000000000000e-01
8.181818181818182323e-01
8.750000000000000000e-01
8.888888888888888395e-01
1.048780487804878092e+00
4.482758620689655249e-01
7.692307692307692735e-01
1.333333333333333259e+00
8.000000000000000444e-01
1.088235294117646967e+00
1.166666666666666741e+00
4.166666666666666852e-01
8.399999999999999689e-01
1.000000000000000000e+00
2.352941176470588203e-01
6.842105263157894912e-01
1.117647058823529438e+00
1.294117647058823595e+00
7.142857142857143016e-01
1.055555555555555580e+00
9.285714285714286031e-01
1.090909090909090828e+00
8.461538461538461453e-01
6.190476190476190688e-01
1.117647058823529438e+00
4.500000000000000111e-01
1.125000000000000000e+00
1.666666666666666741e+00
2.000000000000000000e+00
4.285714285714285476e-01
7.333333333333332815e-01
5.999999999999999778e-01
3.076923076923077094e-01
0.000000000000000000e+00
8.333333333333333703e-01
3.333333333333333148e-01
2.333333333333333481e+00
4.000000000000000222e-01
5.999999999999999778e-01
1.333333333333333259e+00
0.000000000000000000e+00
5.000000000000000000e-01
3.333333333333333148e-01
1.000000000000000000e+00
5.999999999999999778e-01
1.500000000000000000e+00
0.000000000000000000e+00
3.333333333333333148e-01
2.000000000000000000e+00
5.000000000000000000e-01
1.333333333333333259e+00
2.333333333333333481e+00
nan
1.500000000000000000e+00
2.000000000000000000e+00
8.000000000000000444e-01
1.000000000000000000e+00
3.333333333333333148e-01
1.199999999999999956e+00
1.000000000000000000e+00
5.000000000000000000e-01
1.833333333333333259e+00
nan
7.500000000000000000e-01
2.857142857142856984e-01
0.000000000000000000e+00
6.250000000000000000e-01
0.000000000000000000e+00
5.999999999999999778e-01
3.000000000000000000e+00
0.000000000000000000e+00
4.000000000000000000e+00
nan
2.000000000000000000e+00
3.000000000000000000e+00
4.500000000000000000e+00
5.000000000000000000e-01
1.500000000000000000e+00
0.000000000000000000e+00
6.666666666666666297e-01
1.000000000000000000e+00
6.666666666666666297e-01
0.000000000000000000e+00
1.000000000000000000e+00
2.000000000000000000e+00
1.333333333333333259e+00
0.000000000000000000e+00
5.000000000000000000e-01
0.000000000000000000e+00
1.666666666666666741e+00
1.000000000000000000e+00
1.000000000000000000e+00
0.000000000000000000e+00
nan
0.000000000000000000e+00
nan
1.000000000000000000e+00
nan
nan
2.000000000000000000e+00
nan
nan
0.000000000000000000e+00
1.500000000000000000e+00
nan
1.000000000000000000e+00
2.000000000000000000e+00
0.000000000000000000e+00
1.500000000000000000e+00
1.000000000000000000e+00
0.000000000000000000e+00
0.000000000000000000e+00
nan
2.000000000000000000e+00
2.000000000000000000e+00
0.000000000000000000e+00
0.000000000000000000e+00
nan
1.000000000000000000e+00
nan
1.000000000000000000e+00
nan
0.000000000000000000e+00
nan
nan
