2.034825870646766344e+00
9.523809523809523281e-01
9.876543209876542662e-01
8.620689655172413257e-01
1.027777777777777679e+00
1.141025641025640969e+00
6.315789473684210176e-01
7.714285714285714635e-01
9.078947368421053099e-01
8.051948051948052409e-01
5.000000000000000000e-01
8.552631578947368363e-01
1.088888888888888795e+00
1.080000000000000071e+00
9.016393442622950838e-01
9.069767441860464574e-01
8.750000000000000000e-01
6.923076923076922906e-01
9.565217391304348116e-01
7.166666666666666741e-01
6.904761904761904656e-01
8.285714285714286254e-01
7.073170731707316694e-01
8.055555555555555802e-01
1.314285714285714279e+00
8.333333333333333703e-01
1.285714285714285809e+00
1.030303030303030276e+00
1.529411764705882248e+00
7.750000000000000222e-01
9.677419354838709964e-01
1.090909090909090828e+00
9.743589743589743390e-01
6.857142857142857206e-01
1.103448275862068950e+00
1.166666666666666741e+00
8.260869565217391353e-01
9.687500000000000000e-01
8.199999999999999512e-01
1.055555555555555580e+00
7.812500000000000000e-01
9.200000000000000400e-01
1.115384615384615419e+00
7.241379310344827624e-01
7.777777777777777901e-01
7.333333333333332815e-01
1.187500000000000000e+00
6.153846153846154188e-01
1.269230769230769162e+00
1.550000000000000044e+00
7.333333333333332815e-01
3.809523809523809312e-01
6.190476190476190688e-01
1.148148148148148140e+00
5.500000000000000444e-01
6.666666666666666297e-01
6.500000000000000222e-01
8.125000000000000000e-01
9.000000000000000222e-01
5.294117647058823595e-01
5.454545454545454142e-01
1.533333333333333437e+00
7.647058823529411242e-01
1.538461538461538547e+00
1.000000000000000000e+00
1.066666666666666652e+00
8.461538461538461453e-01
1.199999999999999956e+00
1.000000000000000000e+00
8.750000000000000000e-01
1.199999999999999956e+00
1.230769230769230838e+00
3.333333333333333148e-01
1.470588235294117752e+00
3.076923076923077094e-01
1.000000000000000000e+00
1.000000000000000000e+00
1.500000000000000000e+00
1.071428571428571397e+00
1.000000000000000000e+00
8.333333333333333703e-01
1.000000000000000000e+00
6.363636363636363535e-01
1.000000000000000000e+00
1.000000000000000000e+00
8.000000000000000444e-01
9.285714285714286031e-01
1.000000000000000000e+00
5.714285714285713969e-01
1.083333333333333259e+00
1.384615384615384581e+00
2.000000000000000111e-01
2.307692307692307820e-01
1.909090909090909172e+00
3.750000000000000000e-01
1.111111111111111160e+00
8.571428571428570953e-01
9.166666666666666297e-01
1.000000000000000000e+00
3.333333333333333148e-01
1.444444444444444420e+00
5.000000000000000000e-01
2.000000000000000000e+00
1.250000000000000000e+00
1.272727272727272707e+00
5.000000000000000000e-01
1.000000000000000000e+00
8.181818181818182323e-01
1.428571428571428492e-01
2.000000000000000111e-01
1.285714285714285809e+00
7.500000000000000000e-01
1.125000000000000000e+00
5.000000000000000000e-01
1.750000000000000000e+00
1.454545454545454586e+00
1.000000000000000000e+00
1.000000000000000000e+00
1.000000000000000000e+00
1.166666666666666741e+00
5.000000000000000000e-01
1.399999999999999911e+00
5.384615384615384359e-01
6.666666666666666297e-01
1.199999999999999956e+00
2.666666666666666519e+00
1.600000000000000089e+00
1.000000000000000000e+00
2.500000000000000000e-01
1.166666666666666741e+00
1.166666666666666741e+00
2.000000000000000111e-01
5.999999999999999778e-01
1.800000000000000044e+00
1.571428571428571397e+00
8.888888888888888395e-01
1.125000000000000000e+00
1.222222222222222321e+00
1.909090909090909172e+00
1.285714285714285809e+00
1.818181818181818232e-01
8.571428571428570953e-01
3.750000000000000000e-01
6.999999999999999556e-01
2.307692307692307820e-01
5.000000000000000000e-01
0.000000000000000000e+00
1.000000000000000000e+00
0.000000000000000000e+00
1.000000000000000000e+00
4.000000000000000000e+00
1.250000000000000000e+00
0.000000000000000000e+00
1.000000000000000000e+00
1.000000000000000000e+00
0.000000000000000000e+00
0.000000000000000000e+00
2.000000000000000000e+00
2.000000000000000000e+00
2.000000000000000000e+00
3.000000000000000000e+00
1.500000000000000000e+00
1.000000000000000000e+00
1.000000000000000000e+00
3.000000000000000000e+00
2.857142857142856984e-01
1.199999999999999956e+00
0.000000000000000000e+00
1.125000000000000000e+00
8.571428571428570953e-01
1.500000000000000000e+00
1.285714285714285809e+00
2.857142857142856984e-01
1.142857142857142794e+00
1.666666666666666741e+00
1.300000000000000044e+00
1.222222222222222321e+00
3.333333333333333148e-01
2.000000000000000111e-01
6.999999999999999556e-01
7.142857142857143016e-01
8.571428571428570953e-01
0.000000000000000000e+00
3.500000000000000000e+00
2.500000000000000000e-01
3.000000000000000000e+00
1.000000000000000000e+00
8.000000000000000444e-01
2.250000000000000000e+00
5.000000000000000000e-01
6.666666666666666297e-01
9.000000000000000222e-01
0.000000000000000000e+00
2.500000000000000000e-01
5.000000000000000000e-01
0.000000000000000000e+00
1.500000000000000000e+00
1.250000000000000000e+00
0.000000000000000000e+00
0.000000000000000000e+00
