1.834170854271356843e+00
8.985507246376811530e-01
1.028169014084507005e+00
4.931506849315068219e-01
1.105263157894736947e+00
6.666666666666666297e-01
1.076923076923076872e+00
9.661016949152542166e-01
9.122807017543859143e-01
1.226415094339622591e+00
7.118644067796610075e-01
1.036363636363636376e+00
1.020000000000000018e+00
1.155555555555555447e+00
9.200000000000000400e-01
1.098039215686274606e+00
1.033333333333333437e+00
7.358490566037735325e-01
9.038461538461538547e-01
1.122807017543859587e+00
6.111111111111111605e-01
7.674418604651163101e-01
8.043478260869565410e-01
1.425000000000000044e+00
1.307692307692307709e+00
5.918367346938775420e-01
1.000000000000000000e+00
7.241379310344827624e-01
8.857142857142856762e-01
5.714285714285713969e-01
1.071428571428571397e+00
1.064516129032258007e+00
7.647058823529411242e-01
6.153846153846154188e-01
7.187500000000000000e-01
1.120000000000000107e+00
9.000000000000000222e-01
5.500000000000000444e-01
9.032258064516128782e-01
5.882352941176470784e-01
6.363636363636363535e-01
4.375000000000000000e-01
9.583333333333333703e-01
1.352941176470588314e+00
8.333333333333332871e-02
1.300000000000000044e+00
9.166666666666666297e-01
5.238095238095238360e-01
7.500000000000000000e-01
1.083333333333333259e+00
8.666666666666666963e-01
5.000000000000000000e-01
1.000000000000000000e+00
1.166666666666666741e+00
1.333333333333333259e+00
1.833333333333333259e+00
8.750000000000000000e-01
1.076923076923076872e+00
1.066666666666666652e+00
7.272727272727272929e-01
6.470588235294117974e-01
8.000000000000000444e-01
1.000000000000000000e+00
5.384615384615384359e-01
1.399999999999999911e+00
1.600000000000000089e+00
1.307692307692307709e+00
7.272727272727272929e-01
1.875000000000000000e+00
7.368421052631578538e-01
2.000000000000000111e-01
8.888888888888888395e-01
9.000000000000000222e-01
7.272727272727272929e-01
8.000000000000000444e-01
0.000000000000000000e+00
1.222222222222222321e+00
2.200000000000000178e+00
5.999999999999999778e-01
7.500000000000000000e-01
4.000000000000000222e-01
5.000000000000000000e-01
8.000000000000000444e-01
5.999999999999999778e-01
3.666666666666666519e+00
4.285714285714285476e-01
3.000000000000000000e+00
2.000000000000000000e+00
2.000000000000000111e-01
1.250000000000000000e+00
1.800000000000000044e+00
8.000000000000000444e-01
1.777777777777777679e+00
1.600000000000000089e+00
3.750000000000000000e-01
2.857142857142856984e-01
2.142857142857142794e+00
1.166666666666666741e+00
1.416666666666666741e+00
1.699999999999999956e+00
1.000000000000000000e+00
1.071428571428571397e+00
9.090909090909090606e-01
8.750000000000000000e-01
1.357142857142857206e+00
4.000000000000000222e-01
1.000000000000000000e+00
5.555555555555555802e-01
6.923076923076922906e-01
6.153846153846154188e-01
1.111111111111111160e+00
7.142857142857143016e-01
5.999999999999999778e-01
8.000000000000000444e-01
5.000000000000000000e-01
8.571428571428570953e-01
8.750000000000000000e-01
2.500000000000000000e+00
1.444444444444444420e+00
2.500000000000000000e-01
3.333333333333333148e-01
2.142857142857142794e+00
5.000000000000000000e-01
9.000000000000000222e-01
8.461538461538461453e-01
1.285714285714285809e+00
1.307692307692307709e+00
7.500000000000000000e-01
1.384615384615384581e+00
1.285714285714285809e+00
1.625000000000000000e+00
1.285714285714285809e+00
6.250000000000000000e-01
1.086956521739130377e+00
1.199999999999999956e+00
9.499999999999999556e-01
7.857142857142856984e-01
9.230769230769231282e-01
5.999999999999999778e-01
1.368421052631578982e+00
8.125000000000000000e-01
3.750000000000000000e-01
6.250000000000000000e-01
1.666666666666666741e+00
5.999999999999999778e-01
1.250000000000000000e+00
2.166666666666666519e+00
5.555555555555555802e-01
1.625000000000000000e+00
1.625000000000000000e+00
8.125000000000000000e-01
8.000000000000000444e-01
8.750000000000000000e-01
1.000000000000000000e+00
1.444444444444444420e+00
1.214285714285714191e+00
1.399999999999999911e+00
1.000000000000000000e+00
1.071428571428571397e+00
1.000000000000000000e+00
1.588235294117646967e+00
5.714285714285713969e-01
1.000000000000000000e+00
1.399999999999999911e+00
5.999999999999999778e-01
6.315789473684210176e-01
1.666666666666666574e-01
7.894736842105263275e-01
8.750000000000000000e-01
6.666666666666666297e-01
1.166666666666666741e+00
1.000000000000000000e+00
2.000000000000000000e+00
3.333333333333333148e-01
1.222222222222222321e+00
1.307692307692307709e+00
8.571428571428570953e-01
1.250000000000000000e+00
2.941176470588235392e-01
5.000000000000000000e-01
1.000000000000000000e+00
5.000000000000000000e-01
1.250000000000000000e+00
1.833333333333333259e+00
7.777777777777777901e-01
2.799999999999999822e+00
5.714285714285713969e-01
1.199999999999999956e+00
1.333333333333333259e+00
7.142857142857143016e-01
1.800000000000000044e+00
6.666666666666666297e-01
1.000000000000000000e+00
2.727272727272727071e-01
3.333333333333333148e-01
1.545454545454545414e+00
0.000000000000000000e+00
2.500000000000000000e-01
0.000000000000000000e+00
0.000000000000000000e+00
