2.144859813084112332e+00
1.133333333333333304e+00
1.408163265306122458e+00
1.199999999999999956e+00
9.200000000000000400e-01
7.888888888888888618e-01
1.050000000000000044e+00
1.030303030303030276e+00
1.054054054054053946e+00
8.791208791208791062e-01
9.213483146067416030e-01
1.000000000000000000e+00
9.620253164556962222e-01
8.645833333333333703e-01
1.236842105263157965e+00
1.302083333333333259e+00
1.209999999999999964e+00
1.232142857142857206e+00
1.252173913043478359e+00
9.469026548672566657e-01
1.145161290322580738e+00
1.265151515151515138e+00
9.907407407407406996e-01
1.106870229007633544e+00
1.155555555555555447e+00
9.470198675496688256e-01
9.577464788732393819e-01
9.193548387096773800e-01
1.070063694267515908e+00
9.618320610687023375e-01
8.740740740740741144e-01
1.158823529411764808e+00
1.141104294478527681e+00
1.225165562913907324e+00
1.236111111111111160e+00
9.341317365269461437e-01
1.065934065934065922e+00
1.346153846153846256e+00
1.265060240963855387e+00
1.033783783783783772e+00
1.147368421052631593e+00
1.171428571428571486e+00
1.080188679245283057e+00
1.073170731707317138e+00
1.101321585903083600e+00
1.219047619047619158e+00
1.179591836734693810e+00
8.427419354838709964e-01
9.653679653679653194e-01
1.188596491228070207e+00
9.624060150375939315e-01
1.129870129870129913e+00
1.079831932773109182e+00
1.132841328413284110e+00
1.064516129032258007e+00
1.137681159420289800e+00
1.119834710743801587e+00
9.767441860465115866e-01
1.133116883116883189e+00
1.088028169014084501e+00
1.026936026936027035e+00
1.067567567567567544e+00
1.206451612903225890e+00
9.273927392739274023e-01
1.115384615384615419e+00
1.082840236686390512e+00
9.655172413793103869e-01
1.189701897018970111e+00
1.121874999999999956e+00
1.169753086419753174e+00
1.062841530054644767e+00
1.172205438066465266e+00
1.178743961352656910e+00
1.044665012406947868e+00
1.296758104738154671e+00
1.104895104895104785e+00
1.019607843137254832e+00
1.158241758241758346e+00
1.123667377398720690e+00
1.104545454545454497e+00
1.278160919540229923e+00
1.192982456140350811e+00
1.171026156941649798e+00
1.085066162570888393e+00
1.325301204819277157e+00
1.227522935779816526e+00
1.260162601626016343e+00
1.293159609120521081e+00
1.287610619469026441e+00
1.280000000000000027e+00
1.333333333333333259e+00
1.312109862671660521e+00
1.338327091136079838e+00
1.260674157303370846e+00
1.146113989637305597e+00
1.340155945419103212e+00
1.439093484419263547e+00
1.338793103448275845e+00
1.298850574712643757e+00
1.367762128325508586e+00
1.334267694463910248e+00
1.276553106212424904e+00
1.357645553422904605e+00
1.322120866590649868e+00
1.300110132158590392e+00
1.375342465753424559e+00
1.386025768087215004e+00
1.361135758651286665e+00
1.380334728033472791e+00
1.358073430714567653e+00
1.358148148148148104e+00
1.374409182984470013e+00
1.407082419304293230e+00
1.394962962962962960e+00
1.371443764956128630e+00
1.372801585335645225e+00
1.373888628919045285e+00
1.391558149977548231e+00
1.371802618328298085e+00
1.359138214350922080e+00
1.348642649820727346e+00
1.410965473145780136e+00
1.433595488944947371e+00
1.364691081912216886e+00
1.372511485451761049e+00
1.398109864146485526e+00
1.380735473836240512e+00
1.371693121693121631e+00
1.409663470577176225e+00
1.378719331825300154e+00
1.372909016727866138e+00
1.396123917192776398e+00
1.335264958458423523e+00
1.403693254680687286e+00
1.373802297208831735e+00
1.353607499581496620e+00
1.364442589597788080e+00
1.360568297531881798e+00
1.351558325912733727e+00
1.337991954547339546e+00
1.357417550402051143e+00
1.334707337180544018e+00
1.345311337975796162e+00
1.335769412505906528e+00
1.337065115185707587e+00
1.312544842430597658e+00
1.309223026754994024e+00
1.306620040998432319e+00
1.302624118300786948e+00
1.302828265670120667e+00
1.275461010003615669e+00
1.284978749695755651e+00
1.277843885978154681e+00
1.270296515813618576e+00
1.258899163921965991e+00
1.249321125966375234e+00
1.238110735358623593e+00
1.227353629976580818e+00
1.219786933445339727e+00
1.205596490377623731e+00
1.198315760169816002e+00
1.192592510105678016e+00
1.174496786646022084e+00
1.168908758382442681e+00
1.139065170835216190e+00
1.146307328605201015e+00
1.126474329060181079e+00
1.111185033398089272e+00
1.097237512040732055e+00
1.078460244005048363e+00
1.057804137611567441e+00
1.047397694384711198e+00
1.040122795744984563e+00
1.026757504723526671e+00
1.005815533452905086e+00
9.967627239698164665e-01
9.771088624829805669e-01
9.624020645639844718e-01
9.481645997219914079e-01
9.355607659241891305e-01
9.225459456471090114e-01
9.095787345995892670e-01
9.006631148475813253e-01
8.834522339022073956e-01
8.707438101522929630e-01
8.648130898609817097e-01
8.493205182687004751e-01
8.372773870098773052e-01
8.295106368583330392e-01
8.077077559545327023e-01
7.913545273318643991e-01
7.614088820826953041e-01
7.141279347801334776e-01
6.497986447707926327e-01
5.709607124412702239e-01
4.488200530942756949e-01
3.135135135135135309e-01
1.668401177485058506e-01
5.107226584011202719e-02
0.000000000000000000e+00
