2.015151515151515138e+00
1.108695652173913082e+00
1.506024096385542244e+00
1.125000000000000000e+00
9.740259740259740173e-01
8.333333333333333703e-01
1.000000000000000000e+00
7.710843373493976305e-01
9.518072289156626065e-01
9.892473118279569988e-01
1.185714285714285721e+00
7.916666666666666297e-01
1.056818181818181879e+00
9.780219780219779890e-01
1.000000000000000000e+00
1.321428571428571397e+00
1.445783132530120474e+00
1.000000000000000000e+00
9.722222222222222099e-01
1.137499999999999956e+00
1.089285714285714191e+00
1.022222222222222143e+00
1.120879120879120894e+00
1.066666666666666652e+00
7.563025210084033390e-01
1.261682242990654235e+00
1.363636363636363535e+00
8.943089430894308745e-01
1.000000000000000000e+00
1.130841121495327117e+00
1.016393442622950838e+00
1.291970802919708117e+00
1.224806201550387552e+00
1.039370078740157410e+00
1.008000000000000007e+00
1.286885245901639330e+00
9.383561643835616195e-01
1.269736842105263053e+00
1.316901408450704247e+00
1.181286549707602385e+00
1.169491525423728806e+00
9.006211180124223947e-01
1.040697674418604723e+00
1.105527638190954676e+00
1.075268817204301008e+00
1.165803108808290078e+00
1.120689655172413701e+00
9.004524886877828260e-01
9.655172413793103869e-01
9.948186528497409142e-01
1.093457943925233655e+00
1.120772946859903474e+00
1.318181818181818121e+00
1.039647577092511099e+00
1.078947368421052655e+00
1.086776859504132275e+00
1.117154811715481255e+00
1.103139013452914874e+00
1.105042016806722760e+00
1.222222222222222321e+00
9.638989169675090674e-01
1.201365187713310689e+00
1.068702290076335881e+00
1.113636363636363535e+00
1.040590405904058935e+00
8.273615635179153438e-01
1.007017543859649145e+00
9.200000000000000400e-01
9.932885906040268553e-01
1.144366197183098510e+00
1.159999999999999920e+00
1.171617161716171696e+00
1.111538461538461586e+00
1.088135593220338926e+00
1.030303030303030276e+00
1.070234113712374535e+00
1.095744680851063801e+00
1.063829787234042534e+00
1.145658263305322055e+00
1.190751445086705163e+00
1.029239766081871288e+00
1.219251336898395710e+00
1.069053708439897665e+00
9.098143236074270890e-01
1.245370370370370461e+00
1.163366336633663289e+00
1.132034632034631949e+00
1.216517857142857206e+00
1.051502145922746712e+00
1.277056277056277001e+00
1.363070539419087179e+00
1.146938775510204067e+00
1.269083969465648831e+00
1.353166986564299457e+00
1.363793103448275756e+00
1.314785373608903019e+00
1.203438395415472817e+00
1.283540802213001486e+00
1.347066167290886352e+00
1.194587628865979356e+00
1.333726415094339535e+00
1.318757192174913717e+00
1.290109890109890189e+00
1.344364012409513975e+00
1.240963855421686857e+00
1.430988423864648196e+00
1.392857142857142794e+00
1.353618421052631637e+00
1.404795486600846299e+00
1.406334231805929980e+00
1.331736526946107890e+00
1.350311262026032910e+00
1.317989417989418044e+00
1.378297660527625590e+00
1.390632544664413217e+00
1.349671772428884031e+00
1.392549019607843164e+00
1.307145529367751635e+00
1.377171215880893307e+00
1.415555555555555456e+00
1.357629629629629520e+00
1.373967530618057431e+00
1.388329460366640955e+00
1.373212583412773968e+00
1.397376028463420017e+00
1.369510135135135087e+00
1.425047438330170779e+00
1.377621145374449352e+00
1.429804181878526315e+00
1.338908981314044677e+00
1.379824063564131675e+00
1.337068521380731623e+00
1.366492146596858692e+00
1.348387821593079350e+00
1.360793938747198784e+00
1.382716049382715973e+00
1.360110294117647056e+00
1.332931968693558122e+00
1.351422215159701290e+00
1.367018528087399432e+00
1.345986610532127870e+00
1.366095069978565224e+00
1.378690782775348955e+00
1.384026197480157538e+00
1.363101631630095678e+00
1.361055348437052004e+00
1.329642810069856296e+00
1.372928630024610408e+00
1.325749423520368842e+00
1.332106617121623593e+00
1.346370954273689913e+00
1.344655470098885530e+00
1.312083674184877813e+00
1.315048002393320425e+00
1.316219459266256386e+00
1.314940821313910657e+00
1.308920208933717522e+00
1.301066465129949279e+00
1.293171417817310154e+00
1.277569211991196996e+00
1.272371296215365710e+00
1.262765063516385844e+00
1.267226916863427366e+00
1.243793827854543288e+00
1.243407991499594578e+00
1.221783437802308470e+00
1.216632147116048390e+00
1.203308783775665969e+00
1.193770789931055232e+00
1.184634941690156484e+00
1.170410999284120068e+00
1.148987298317885264e+00
1.150384064955167984e+00
1.137333370910013297e+00
1.123313483896343890e+00
1.107329097478064295e+00
1.097621886935932656e+00
1.073900179545320466e+00
1.065363649756912112e+00
1.046894741957430375e+00
1.034528997653369142e+00
1.016309019644955569e+00
1.006045402845078707e+00
9.915654625441476799e-01
9.755513763036416375e-01
9.635420312852465141e-01
9.526651126651126678e-01
9.345739903247664015e-01
9.119299104920959298e-01
8.916538225029747577e-01
8.739078812691913889e-01
8.371181411676208439e-01
7.871434214367905025e-01
7.185035389282102836e-01
6.176585801350082949e-01
4.870912381720480799e-01
3.400038914291273473e-01
1.833277610609606589e-01
5.806825363387402295e-02
0.000000000000000000e+00
