1.916256157635467972e+00
1.086419753086419693e+00
9.696969696969697239e-01
9.428571428571428381e-01
8.169014084507042472e-01
9.861111111111111605e-01
1.049180327868852514e+00
1.000000000000000000e+00
8.157894736842105088e-01
8.507462686567164312e-01
9.661016949152542166e-01
6.716417910447761708e-01
1.258620689655172376e+00
1.046153846153846212e+00
1.105263157894736947e+00
1.086956521739130377e+00
8.064516129032257563e-01
1.145161290322580738e+00
9.696969696969697239e-01
1.016393442622950838e+00
8.260869565217391353e-01
1.060606060606060552e+00
1.175438596491228171e+00
7.230769230769230616e-01
5.999999999999999778e-01
6.851851851851852304e-01
9.868421052631578538e-01
7.073170731707316694e-01
9.552238805970149071e-01
1.023255813953488413e+00
6.315789473684210176e-01
9.787234042553191182e-01
8.750000000000000000e-01
8.085106382978722861e-01
8.157894736842105088e-01
1.088888888888888795e+00
1.111111111111111160e+00
1.324324324324324342e+00
1.315789473684210620e+00
7.567567567567567988e-01
1.256410256410256387e+00
8.095238095238095344e-01
5.999999999999999778e-01
8.387096774193548709e-01
1.000000000000000000e+00
8.249999999999999556e-01
6.585365853658536883e-01
8.518518518518518601e-01
7.297297297297297147e-01
1.066666666666666652e+00
9.090909090909090606e-01
1.114285714285714324e+00
7.142857142857143016e-01
1.343750000000000000e+00
6.333333333333333037e-01
1.107142857142857206e+00
6.666666666666666297e-01
1.037037037037036979e+00
1.314285714285714279e+00
8.000000000000000444e-01
1.066666666666666652e+00
1.416666666666666741e+00
9.642857142857143016e-01
1.086956521739130377e+00
7.777777777777777901e-01
6.944444444444444198e-01
1.107142857142857206e+00
8.333333333333333703e-01
9.259259259259259300e-01
6.818181818181817677e-01
5.588235294117647189e-01
1.000000000000000000e+00
7.647058823529411242e-01
9.545454545454545858e-01
1.086956521739130377e+00
1.000000000000000000e+00
6.923076923076922906e-01
1.666666666666666741e+00
7.777777777777777901e-01
9.333333333333333481e-01
1.000000000000000000e+00
1.176470588235294157e+00
1.181818181818181879e+00
1.350000000000000089e+00
1.000000000000000000e+00
1.230769230769230838e+00
9.615384615384615641e-01
6.818181818181817677e-01
1.260869565217391353e+00
1.040000000000000036e+00
8.333333333333333703e-01
7.500000000000000000e-01
1.043478260869565188e+00
1.000000000000000000e+00
1.125000000000000000e+00
1.322580645161290258e+00
1.105263157894736947e+00
1.000000000000000000e+00
1.100000000000000089e+00
8.846153846153845812e-01
7.391304347826086474e-01
1.000000000000000000e+00
1.416666666666666741e+00
1.250000000000000000e+00
1.157894736842105310e+00
9.047619047619047672e-01
9.230769230769231282e-01
1.342857142857142749e+00
9.333333333333333481e-01
1.000000000000000000e+00
9.285714285714286031e-01
9.062500000000000000e-01
8.571428571428570953e-01
1.111111111111111160e+00
7.741935483870967527e-01
8.709677419354838745e-01
1.225806451612903247e+00
1.100000000000000089e+00
9.000000000000000222e-01
6.923076923076922906e-01
1.125000000000000000e+00
8.846153846153845812e-01
9.375000000000000000e-01
1.034482758620689724e+00
8.125000000000000000e-01
1.035714285714285809e+00
7.407407407407406996e-01
6.551724137931034253e-01
1.300000000000000044e+00
1.214285714285714191e+00
5.555555555555555802e-01
8.000000000000000444e-01
5.000000000000000000e-01
8.181818181818182323e-01
6.363636363636363535e-01
1.333333333333333259e+00
1.000000000000000000e+00
5.999999999999999778e-01
1.375000000000000000e+00
1.692307692307692291e+00
1.125000000000000000e+00
6.315789473684210176e-01
1.470588235294117752e+00
1.000000000000000000e+00
1.066666666666666652e+00
1.294117647058823595e+00
1.833333333333333259e+00
1.000000000000000000e+00
9.523809523809523281e-01
1.560000000000000053e+00
7.391304347826086474e-01
7.777777777777777901e-01
1.333333333333333259e+00
5.217391304347825942e-01
6.774193548387096309e-01
1.441176470588235281e+00
9.047619047619047672e-01
1.199999999999999956e+00
8.095238095238095344e-01
6.666666666666666297e-01
7.894736842105263275e-01
1.225806451612903247e+00
1.333333333333333259e+00
7.307692307692307265e-01
1.269230769230769162e+00
1.520000000000000018e+00
1.333333333333333259e+00
7.916666666666666297e-01
8.333333333333333703e-01
1.108108108108108114e+00
1.142857142857142794e+00
1.105263157894736947e+00
8.928571428571429047e-01
4.615384615384615641e-01
1.034482758620689724e+00
8.000000000000000444e-01
7.391304347826086474e-01
1.222222222222222321e+00
1.041666666666666741e+00
1.235294117647058876e+00
1.038461538461538547e+00
1.318181818181818121e+00
9.687500000000000000e-01
1.190476190476190466e+00
8.787878787878787845e-01
6.333333333333333037e-01
1.107142857142857206e+00
9.583333333333333703e-01
7.391304347826086474e-01
1.739130434782608647e-01
9.000000000000000222e-01
1.949999999999999956e+00
4.736842105263157632e-01
3.571428571428571508e-01
1.428571428571428603e+00
7.777777777777777901e-01
6.111111111111111605e-01
3.225806451612903136e-01
4.166666666666666435e-02
0.000000000000000000e+00
