2.261061946902654718e+00
1.011235955056179803e+00
1.321100917431192734e+00
1.026785714285714191e+00
1.058823529411764719e+00
1.125000000000000000e+00
1.123966942148760362e+00
1.126984126984126977e+00
1.184615384615384626e+00
9.203539823008849430e-01
9.318181818181817677e-01
8.888888888888888395e-01
1.151999999999999913e+00
1.140186915887850372e+00
1.112068965517241326e+00
9.669421487603305776e-01
8.321678321678321888e-01
1.085470085470085388e+00
1.045454545454545414e+00
1.160714285714285809e+00
1.388429752066115741e+00
1.015625000000000000e+00
1.234042553191489366e+00
1.262820512820512775e+00
1.063291139240506222e+00
9.934210526315789824e-01
1.170212765957446832e+00
1.170588235294117707e+00
1.155440414507772129e+00
1.108571428571428541e+00
1.025380710659898442e+00
1.102222222222222214e+00
1.029126213592232997e+00
1.113636363636363535e+00
1.174358974358974406e+00
1.218487394957983083e+00
8.333333333333333703e-01
1.008230452674897082e+00
1.099173553719008156e+00
1.238738738738738743e+00
1.334782608695652240e+00
1.032028469750889688e+00
1.229249011857707519e+00
1.221088435374149572e+00
9.539007092198581450e-01
9.142857142857142572e-01
1.079861111111111160e+00
9.740259740259740173e-01
9.570552147239264063e-01
1.003448275862068861e+00
1.201807228915662717e+00
1.047430830039525640e+00
1.214723926380368191e+00
1.212543554006968671e+00
1.105105105105105068e+00
1.085294117647058743e+00
1.119480519480519520e+00
1.128947368421052699e+00
1.117073170731707421e+00
1.111392405063291067e+00
1.068126520681265124e+00
1.015384615384615330e+00
1.101485148514851575e+00
1.028132992327365658e+00
1.143203883495145678e+00
1.252358490566037652e+00
1.116336633663366440e+00
1.211920529801324475e+00
1.156521739130434767e+00
1.219399538106235470e+00
1.115234375000000000e+00
1.187984496124030898e+00
1.195312500000000000e+00
1.433898305084745806e+00
1.149911816578483181e+00
1.308799999999999963e+00
1.316666666666666652e+00
1.288159771754636251e+00
1.266304347826086918e+00
1.290123456790123413e+00
1.367749419953596224e+00
1.327887981330221789e+00
1.303418803418803451e+00
1.276703967446592092e+00
1.280651340996168619e+00
1.297912713472485713e+00
1.305227655986509250e+00
1.292332268370607107e+00
1.351173020527859148e+00
1.358259687287559414e+00
1.331384015594542003e+00
1.308787128712871395e+00
1.336853807670928207e+00
1.384449244060475204e+00
1.338021094927172250e+00
1.406390639063906489e+00
1.397877984084880731e+00
1.323332017370706604e+00
1.315928868709799415e+00
1.361904761904761951e+00
1.313511727783283733e+00
1.367673179396092342e+00
1.349846067730198662e+00
1.392530686863410860e+00
1.407944041968523630e+00
1.411737943585077426e+00
1.403769633507853332e+00
1.388997650743931001e+00
1.358120273676629353e+00
1.356130520764667002e+00
1.361343187660668308e+00
1.385277658200602779e+00
1.391868396415674836e+00
1.364574269732753198e+00
1.356286043829296517e+00
1.363236398755231171e+00
1.371459912245712065e+00
1.388530867656673218e+00
1.350836550836550742e+00
1.362336403296170673e+00
1.339371617558628991e+00
1.391742338251986455e+00
1.354996505939902063e+00
1.378473486227399514e+00
1.366330600487480673e+00
1.345025576782545196e+00
1.368928777116529050e+00
1.369003853479204391e+00
1.352786474639949832e+00
1.367439869230170357e+00
1.336585365853658613e+00
1.336074207468315622e+00
1.341828617774589061e+00
1.318566262249183385e+00
1.328698997114988289e+00
1.317384288312287044e+00
1.316112335857375637e+00
1.313825123097331238e+00
1.293147688554242114e+00
1.301550341313909342e+00
1.286413276032073894e+00
1.263573337058833790e+00
1.271184204014977892e+00
1.254066023172043742e+00
1.244833896186976485e+00
1.237452415401255834e+00
1.221483633854767881e+00
1.220858508773036366e+00
1.214009661835748766e+00
1.201276777174727250e+00
1.177078973455226274e+00
1.170955360429044578e+00
1.165219596307941918e+00
1.143729900393927856e+00
1.130286455396413592e+00
1.118599318478727511e+00
1.111999858115777506e+00
1.088574058303871661e+00
1.079320256589650473e+00
1.059924264778203895e+00
1.044747302668938005e+00
1.032901803830454268e+00
1.015435519108381035e+00
1.009371800182902623e+00
9.963102790643365569e-01
9.775376763594902929e-01
9.633328168577626194e-01
9.477902217213339808e-01
9.310640237672320740e-01
9.273075425674762728e-01
9.087962328352913177e-01
8.973328192043580342e-01
8.868181666165011467e-01
8.751481424228371164e-01
8.566489104966169554e-01
8.495827285921625505e-01
8.513649202818989181e-01
8.356864156928376364e-01
8.220477062734660167e-01
8.122720084343700853e-01
8.039235059061169419e-01
8.014700791581085282e-01
7.870326891818674175e-01
7.776323148101073057e-01
7.750299699626890249e-01
7.652933305162334943e-01
7.590260661737247005e-01
7.567992878828821990e-01
7.416210756670313931e-01
7.291484618814088048e-01
7.187905627242879847e-01
6.920127537635710757e-01
6.494196340743655371e-01
6.050443587718891125e-01
5.217542898413568553e-01
4.189511482702253931e-01
2.878339132185064875e-01
1.550945136007376712e-01
4.814888403205510453e-02
0.000000000000000000e+00
