1.940860215053763493e+00
9.506172839506172867e-01
1.210526315789473673e+00
9.594594594594594295e-01
1.256097560975609762e+00
6.266666666666667052e-01
9.733333333333333837e-01
6.923076923076922906e-01
1.064516129032258007e+00
1.000000000000000000e+00
7.837837837837837718e-01
8.135593220338983578e-01
1.035714285714285809e+00
5.322580645161290036e-01
9.655172413793103869e-01
1.016393442622950838e+00
9.523809523809523281e-01
1.020408163265306145e+00
9.218750000000000000e-01
7.692307692307692735e-01
6.590909090909090606e-01
1.090909090909090828e+00
5.999999999999999778e-01
9.749999999999999778e-01
8.499999999999999778e-01
1.190476190476190466e+00
1.149999999999999911e+00
9.696969696969697239e-01
1.108695652173913082e+00
8.974358974358974672e-01
8.181818181818182323e-01
1.153846153846153744e+00
6.400000000000000133e-01
1.080000000000000071e+00
1.238095238095238138e+00
9.302325581395348708e-01
1.074999999999999956e+00
1.029411764705882248e+00
1.428571428571428603e+00
9.714285714285714191e-01
1.000000000000000000e+00
1.100000000000000089e+00
9.347826086956522174e-01
1.137931034482758674e+00
1.309523809523809534e+00
1.375000000000000000e+00
6.153846153846154188e-01
1.192307692307692291e+00
9.491525423728813804e-01
1.108108108108108114e+00
9.193548387096773800e-01
1.062500000000000000e+00
9.242424242424241987e-01
1.416666666666666741e+00
8.421052631578946901e-01
1.014705882352941124e+00
8.947368421052631637e-01
8.421052631578946901e-01
9.661016949152542166e-01
7.619047619047618625e-01
9.799999999999999822e-01
8.750000000000000000e-01
6.956521739130434590e-01
1.023255813953488413e+00
5.588235294117647189e-01
1.173913043478260976e+00
8.372093023255814392e-01
9.375000000000000000e-01
8.333333333333333703e-01
9.142857142857142572e-01
7.058823529411765163e-01
9.736842105263158187e-01
1.214285714285714191e+00
9.200000000000000400e-01
6.071428571428570953e-01
7.878787878787878451e-01
1.088235294117646967e+00
9.655172413793103869e-01
8.888888888888888395e-01
5.217391304347825942e-01
7.199999999999999734e-01
1.000000000000000000e+00
7.272727272727272929e-01
1.363636363636363535e+00
7.727272727272727071e-01
1.000000000000000000e+00
5.909090909090909394e-01
9.473684210526315264e-01
6.315789473684210176e-01
1.214285714285714191e+00
1.263157894736842035e+00
8.571428571428570953e-01
1.130434782608695565e+00
5.500000000000000444e-01
1.142857142857142794e+00
6.923076923076922906e-01
4.736842105263157632e-01
5.000000000000000000e-01
8.750000000000000000e-01
9.000000000000000222e-01
1.153846153846153744e+00
8.666666666666666963e-01
7.272727272727272929e-01
8.333333333333333703e-01
5.000000000000000000e-01
9.090909090909090606e-01
6.250000000000000000e-01
2.000000000000000111e-01
5.999999999999999778e-01
1.250000000000000000e+00
0.000000000000000000e+00
6.666666666666666297e-01
2.666666666666666519e+00
4.444444444444444198e-01
1.333333333333333259e+00
1.250000000000000000e+00
0.000000000000000000e+00
1.111111111111111049e-01
0.000000000000000000e+00
6.666666666666666297e-01
0.000000000000000000e+00
2.000000000000000000e+00
0.000000000000000000e+00
1.199999999999999956e+00
0.000000000000000000e+00
7.142857142857143016e-01
2.000000000000000000e+00
2.000000000000000000e+00
0.000000000000000000e+00
1.000000000000000000e+00
8.000000000000000444e-01
2.000000000000000000e+00
2.000000000000000000e+00
0.000000000000000000e+00
1.250000000000000000e+00
1.666666666666666741e+00
2.500000000000000000e-01
0.000000000000000000e+00
2.500000000000000000e+00
3.333333333333333148e-01
0.000000000000000000e+00
1.000000000000000000e+00
0.000000000000000000e+00
1.500000000000000000e+00
nan
5.000000000000000000e-01
0.000000000000000000e+00
1.000000000000000000e+00
1.000000000000000000e+00
0.000000000000000000e+00
0.000000000000000000e+00
nan
nan
0.000000000000000000e+00
nan
0.000000000000000000e+00
nan
nan
nan
nan
nan
nan
nan
nan
nan
nan
nan
nan
nan
nan
nan
nan
nan
nan
nan
nan
nan
nan
nan
nan
nan
nan
nan
nan
nan
nan
nan
nan
nan
nan
nan
nan
nan
nan
nan
nan
nan
nan
nan
nan
