2.078048780487804947e+00
7.419354838709677491e-01
1.262499999999999956e+00
9.090909090909090606e-01
7.701149425287355799e-01
7.611940298507462455e-01
9.186046511627906641e-01
1.114285714285714324e+00
7.432432432432432012e-01
9.365079365079365115e-01
7.656250000000000000e-01
6.271186440677966045e-01
7.966101694915254106e-01
9.411764705882352811e-01
1.109090909090909127e+00
8.148148148148147696e-01
8.095238095238095344e-01
1.063829787234042534e+00
9.193548387096773800e-01
1.130434782608695565e+00
8.857142857142856762e-01
8.867924528301887044e-01
8.222222222222221877e-01
8.750000000000000000e-01
9.545454545454545858e-01
6.500000000000000222e-01
8.181818181818182323e-01
4.545454545454545303e-01
8.249999999999999556e-01
1.361111111111111160e+00
7.812500000000000000e-01
5.937500000000000000e-01
1.230769230769230838e+00
1.344827586206896575e+00
1.055555555555555580e+00
1.000000000000000000e+00
8.387096774193548709e-01
6.875000000000000000e-01
1.194444444444444420e+00
1.590909090909090828e+00
1.068965517241379226e+00
1.000000000000000000e+00
8.333333333333333703e-01
7.777777777777777901e-01
9.268292682926829729e-01
6.176470588235294379e-01
8.666666666666666963e-01
8.787878787878787845e-01
5.384615384615384359e-01
1.093750000000000000e+00
1.500000000000000000e+00
4.000000000000000222e-01
7.500000000000000000e-01
1.239999999999999991e+00
5.999999999999999778e-01
8.235294117647058432e-01
8.000000000000000444e-01
9.200000000000000400e-01
9.499999999999999556e-01
1.142857142857142794e+00
8.000000000000000444e-01
1.142857142857142794e+00
1.142857142857142794e+00
8.800000000000000044e-01
1.857142857142857206e+00
5.833333333333333703e-01
1.545454545454545414e+00
7.142857142857143016e-01
7.857142857142856984e-01
5.454545454545454142e-01
1.142857142857142794e+00
5.333333333333333259e-01
7.777777777777777901e-01
1.058823529411764719e+00
6.923076923076922906e-01
9.411764705882352811e-01
9.629629629629629095e-01
2.999999999999999889e-01
2.307692307692307820e-01
1.000000000000000000e+00
8.181818181818182323e-01
1.000000000000000000e+00
9.090909090909090606e-01
0.000000000000000000e+00
1.600000000000000089e+00
1.000000000000000000e+00
2.333333333333333481e+00
1.090909090909090828e+00
1.714285714285714191e+00
1.000000000000000000e+00
1.363636363636363535e+00
9.166666666666666297e-01
1.818181818181818232e-01
8.888888888888888395e-01
2.100000000000000089e+00
4.000000000000000222e-01
4.285714285714285476e-01
8.888888888888888395e-01
9.000000000000000222e-01
8.000000000000000444e-01
1.000000000000000000e+00
1.000000000000000000e+00
4.615384615384615641e-01
3.333333333333333148e-01
1.111111111111111160e+00
1.250000000000000000e+00
1.428571428571428603e+00
2.000000000000000000e+00
4.166666666666666852e-01
2.000000000000000000e+00
1.272727272727272707e+00
6.666666666666666297e-01
4.000000000000000222e-01
2.000000000000000000e+00
3.000000000000000000e+00
0.000000000000000000e+00
3.000000000000000000e+00
2.285714285714285587e+00
8.750000000000000000e-01
1.777777777777777679e+00
8.888888888888888395e-01
1.100000000000000089e+00
8.181818181818182323e-01
3.125000000000000000e-01
5.999999999999999778e-01
8.181818181818182323e-01
1.636363636363636465e+00
1.000000000000000000e+00
1.000000000000000000e+00
1.230769230769230838e+00
5.000000000000000000e-01
2.000000000000000111e-01
5.000000000000000000e-01
7.500000000000000000e-01
4.285714285714285476e-01
1.111111111111111160e+00
5.000000000000000000e-01
1.333333333333333259e+00
1.000000000000000000e+00
1.250000000000000000e+00
5.833333333333333703e-01
1.199999999999999956e+00
1.399999999999999911e+00
1.000000000000000000e+00
0.000000000000000000e+00
0.000000000000000000e+00
0.000000000000000000e+00
nan
2.333333333333333481e+00
5.999999999999999778e-01
0.000000000000000000e+00
0.000000000000000000e+00
0.000000000000000000e+00
1.333333333333333259e+00
0.000000000000000000e+00
2.500000000000000000e+00
0.000000000000000000e+00
0.000000000000000000e+00
nan
0.000000000000000000e+00
nan
nan
nan
0.000000000000000000e+00
0.000000000000000000e+00
0.000000000000000000e+00
nan
nan
nan
nan
nan
nan
nan
nan
nan
nan
nan
nan
nan
nan
nan
nan
nan
nan
nan
nan
nan
nan
nan
nan
nan
nan
nan
nan
nan
nan
nan
nan
nan
nan
