2.092165898617511566e+00
1.263157894736842035e+00
1.179775280898876400e+00
1.048192771084337283e+00
1.081395348837209225e+00
7.500000000000000000e-01
1.009900990099009910e+00
1.010869565217391353e+00
9.761904761904761640e-01
8.737864077669902363e-01
1.159574468085106336e+00
1.299065420560747697e+00
1.189473684210526239e+00
9.747899159663865332e-01
1.105769230769230838e+00
1.148514851485148425e+00
8.415841584158415545e-01
8.932038834951456785e-01
1.111111111111111160e+00
1.370370370370370461e+00
9.369369369369369149e-01
1.044247787610619538e+00
1.019607843137254832e+00
1.127118644067796716e+00
9.818181818181818121e-01
1.065040650406503975e+00
9.854014598540146164e-01
1.007575757575757569e+00
1.114754098360655643e+00
1.256198347107438051e+00
7.920000000000000373e-01
1.039370078740157410e+00
1.015384615384615330e+00
1.063380281690140761e+00
1.067226890756302504e+00
9.632352941176470784e-01
1.062500000000000000e+00
1.027272727272727337e+00
9.794520547945205768e-01
1.095890410958904049e+00
1.104166666666666741e+00
1.251655629139072801e+00
1.120805369127516826e+00
1.019607843137254832e+00
1.035294117647058920e+00
1.061728395061728447e+00
8.692810457516340072e-01
1.123595505617977608e+00
9.813664596273291574e-01
9.620253164556962222e-01
8.901734104046242768e-01
1.221428571428571530e+00
1.047619047619047672e+00
1.063218390804597790e+00
9.316770186335403547e-01
1.194285714285714395e+00
8.541666666666666297e-01
8.404907975460123026e-01
1.177142857142857046e+00
1.222972972972973027e+00
1.156976744186046568e+00
1.045454545454545414e+00
1.097938144329897003e+00
1.035294117647058920e+00
1.225988700564971667e+00
9.534883720930232842e-01
1.093137254901960675e+00
1.170103092783505216e+00
1.024630541871921263e+00
9.431279620853080248e-01
1.386138613861386037e+00
1.083333333333333259e+00
1.084291187739463647e+00
1.073469387755102034e+00
1.161572052401746769e+00
1.148148148148148140e+00
1.266666666666666607e+00
8.996655518394648388e-01
1.113725490196078471e+00
1.100386100386100408e+00
1.076923076923076872e+00
1.038194444444444420e+00
1.094890510948905105e+00
1.184738955823293249e+00
9.626168224299065379e-01
9.722222222222222099e-01
1.217125382262997046e+00
1.157894736842105310e+00
1.014925373134328401e+00
1.006711409395973256e+00
1.078431372549019551e+00
1.185567010309278357e+00
1.130790190735694756e+00
1.068493150684931559e+00
9.577464788732393819e-01
1.135999999999999899e+00
1.094999999999999973e+00
1.069306930693069368e+00
1.132211538461538547e+00
1.028639618138424749e+00
1.113475177304964481e+00
1.122401847575057676e+00
1.208816705336426933e+00
1.064315352697095429e+00
1.175771971496436974e+00
1.259179265658747271e+00
1.239828693790149927e+00
1.159392789373814070e+00
1.117647058823529438e+00
1.186507936507936511e+00
1.241635687732342008e+00
1.286219081272084841e+00
1.209756097560975574e+00
1.230633802816901490e+00
1.118309859154929642e+00
1.273624823695345576e+00
1.260273972602739656e+00
1.362533692722371903e+00
1.295774647887323994e+00
1.474358974358974450e+00
1.269024651661307512e+00
1.287894201424211627e+00
1.411214953271028083e+00
1.297909407665505332e+00
1.298429319371727786e+00
1.401465798045602673e+00
1.354838709677419262e+00
1.377150722642807912e+00
1.370393900889453676e+00
1.412173913043478279e+00
1.318632855567805962e+00
1.355769230769230838e+00
1.420608899297423955e+00
1.386968085106383031e+00
1.422574257425742505e+00
1.386661671037841881e+00
1.349655172413793069e+00
1.359335038363171266e+00
1.302318578741342936e+00
1.373517786561264886e+00
1.419100838201676318e+00
1.391654465592972123e+00
1.363108049935428223e+00
1.392022562449637402e+00
1.316852635629088164e+00
1.428169014084507138e+00
1.380077998050048826e+00
1.360608365019011501e+00
1.403418803418803318e+00
1.389282493881231373e+00
1.329853101857472408e+00
1.372841444270015643e+00
1.357643312101910915e+00
1.358343862377296096e+00
1.373761251022820318e+00
1.368153298287264619e+00
1.371108834423516498e+00
1.379212460877793145e+00
1.373517786561264886e+00
1.353925515853044770e+00
1.374360465116279073e+00
1.355748135146994215e+00
1.355415617128463479e+00
1.342750233863423848e+00
1.342148034263123124e+00
1.328329357571769398e+00
1.354896368130823259e+00
1.335977985061291617e+00
1.315198186485315279e+00
1.337111540138257393e+00
1.317726436311592808e+00
1.336195185567570443e+00
1.300620925978409392e+00
1.297043010752688241e+00
1.290358819960905068e+00
1.285868164825648918e+00
1.275072429257451345e+00
1.293569660437255520e+00
1.269137976578321725e+00
1.263124392776977523e+00
1.249520761711633288e+00
1.244565136300562536e+00
1.236859520423536640e+00
1.221707026172257127e+00
1.206588626623168903e+00
1.200472709014536399e+00
1.186538193314426559e+00
1.180452476512926285e+00
1.169288887934920362e+00
1.143035197412469950e+00
1.106709031882456173e+00
1.070195759345235142e+00
1.005257166128300739e+00
9.176900755540782217e-01
7.980137656348263997e-01
6.343489123668704099e-01
4.316936238470792664e-01
2.313969684555509942e-01
7.370262578705084888e-02
0.000000000000000000e+00
