1.923076923076923128e+00
1.142857142857142794e+00
5.131578947368421462e-01
6.268656716417910779e-01
9.361702127659574657e-01
1.000000000000000000e+00
8.000000000000000444e-01
8.333333333333333703e-01
9.821428571428570953e-01
1.129629629629629539e+00
1.387755102040816313e+00
9.148936170212765839e-01
9.019607843137255054e-01
8.518518518518518601e-01
8.245614035087719396e-01
1.096774193548387011e+00
1.000000000000000000e+00
8.125000000000000000e-01
1.023255813953488413e+00
5.000000000000000000e-01
8.857142857142856762e-01
1.361702127659574435e+00
1.159999999999999920e+00
9.148936170212765839e-01
1.142857142857142794e+00
1.000000000000000000e+00
8.000000000000000444e-01
9.655172413793103869e-01
6.829268292682927344e-01
8.125000000000000000e-01
8.039215686274510109e-01
8.048780487804878536e-01
6.341463414634146423e-01
1.069767441860465018e+00
7.368421052631578538e-01
4.285714285714285476e-01
1.285714285714285809e+00
7.307692307692307265e-01
8.666666666666666963e-01
7.500000000000000000e-01
1.074074074074074181e+00
9.705882352941176405e-01
1.148148148148148140e+00
1.030303030303030276e+00
1.037037037037036979e+00
8.333333333333333703e-01
7.142857142857143016e-01
6.153846153846154188e-01
1.413793103448275801e+00
7.222222222222222099e-01
7.142857142857143016e-01
1.210526315789473673e+00
1.227272727272727293e+00
1.125000000000000000e+00
7.307692307692307265e-01
1.033333333333333437e+00
8.095238095238095344e-01
1.312500000000000000e+00
1.090909090909090828e+00
1.000000000000000000e+00
7.857142857142856984e-01
7.222222222222222099e-01
1.360000000000000098e+00
1.347826086956521729e+00
8.260869565217391353e-01
8.095238095238095344e-01
1.275862068965517349e+00
1.272727272727272707e+00
1.159999999999999920e+00
1.250000000000000000e+00
1.161290322580645240e+00
7.428571428571428825e-01
8.666666666666666963e-01
5.862068965517240882e-01
9.444444444444444198e-01
6.896551724137931494e-01
1.041666666666666741e+00
1.166666666666666741e+00
1.416666666666666741e+00
9.130434782608695121e-01
6.363636363636363535e-01
8.750000000000000000e-01
1.136363636363636465e+00
1.000000000000000000e+00
1.263157894736842035e+00
1.285714285714285809e+00
1.000000000000000000e+00
1.000000000000000000e+00
1.269230769230769162e+00
8.666666666666666963e-01
6.800000000000000488e-01
3.928571428571428492e-01
5.454545454545454142e-01
6.071428571428570953e-01
1.461538461538461453e+00
6.923076923076922906e-01
1.000000000000000000e+00
1.000000000000000000e+00
7.857142857142856984e-01
6.666666666666666297e-01
8.888888888888888395e-01
1.055555555555555580e+00
1.199999999999999956e+00
4.000000000000000222e-01
7.333333333333332815e-01
6.428571428571429047e-01
7.272727272727272929e-01
1.583333333333333259e+00
9.285714285714286031e-01
1.666666666666666574e-01
9.000000000000000222e-01
5.454545454545454142e-01
2.000000000000000111e-01
1.000000000000000000e+00
1.750000000000000000e+00
1.000000000000000000e+00
0.000000000000000000e+00
1.428571428571428603e+00
2.166666666666666519e+00
1.000000000000000000e+00
1.375000000000000000e+00
1.600000000000000089e+00
1.250000000000000000e+00
5.000000000000000000e-01
2.857142857142856984e-01
6.250000000000000000e-01
1.285714285714285809e+00
1.500000000000000000e+00
8.333333333333333703e-01
1.800000000000000044e+00
8.333333333333333703e-01
1.857142857142857206e+00
5.999999999999999778e-01
5.714285714285713969e-01
8.333333333333333703e-01
6.666666666666666297e-01
6.250000000000000000e-01
1.199999999999999956e+00
1.000000000000000056e-01
1.399999999999999911e+00
8.000000000000000444e-01
1.428571428571428492e-01
1.428571428571428603e+00
1.399999999999999911e+00
3.000000000000000000e+00
7.500000000000000000e-01
5.000000000000000000e-01
1.000000000000000000e+00
6.666666666666666297e-01
1.777777777777777679e+00
2.000000000000000000e+00
7.777777777777777901e-01
1.444444444444444420e+00
1.538461538461538547e+00
6.666666666666666297e-01
1.181818181818181879e+00
9.090909090909090606e-01
5.882352941176470784e-01
1.333333333333333259e+00
8.571428571428570953e-01
1.166666666666666741e+00
1.222222222222222321e+00
5.555555555555555802e-01
3.636363636363636465e-01
6.666666666666666297e-01
8.888888888888888395e-01
3.250000000000000000e+00
5.000000000000000000e-01
1.399999999999999911e+00
2.333333333333333481e+00
1.199999999999999956e+00
1.000000000000000000e+00
6.666666666666666297e-01
1.384615384615384581e+00
7.500000000000000000e-01
1.375000000000000000e+00
1.230769230769230838e+00
1.285714285714285809e+00
6.250000000000000000e-01
4.545454545454545303e-01
4.444444444444444198e-01
1.250000000000000000e+00
5.000000000000000000e-01
2.000000000000000111e-01
1.333333333333333259e+00
1.714285714285714191e+00
1.833333333333333259e+00
1.833333333333333259e+00
1.076923076923076872e+00
5.000000000000000000e-01
1.166666666666666741e+00
4.615384615384615641e-01
5.555555555555555802e-01
6.250000000000000000e-01
5.999999999999999778e-01
2.727272727272727071e-01
6.666666666666666297e-01
0.000000000000000000e+00
0.000000000000000000e+00
0.000000000000000000e+00
