2.048458149779735837e+00
1.300000000000000044e+00
1.548780487804878092e+00
1.070796460176991260e+00
8.490566037735849392e-01
1.122448979591836649e+00
9.719626168224299034e-01
1.048543689320388328e+00
1.087719298245614086e+00
1.508620689655172376e+00
8.230088495575220708e-01
1.104761904761904834e+00
7.656250000000000000e-01
1.214953271028037296e+00
1.306306306306306286e+00
8.916666666666667185e-01
8.040540540540540571e-01
1.224137931034482651e+00
1.184873949579831942e+00
9.327731092436974958e-01
1.646551724137931050e+00
9.403973509933775121e-01
1.014598540145985384e+00
9.918032786885245811e-01
8.666666666666666963e-01
1.150943396226415061e+00
1.227272727272727293e+00
1.086956521739130377e+00
8.895348837209302584e-01
1.011834319526627279e+00
8.300653594771242316e-01
1.018987341772152000e+00
1.023076923076922995e+00
6.878980891719744806e-01
1.361702127659574435e+00
9.749999999999999778e-01
9.345238095238095344e-01
1.250000000000000000e+00
1.019354838709677358e+00
1.104838709677419262e+00
1.128378378378378288e+00
9.432624113475177596e-01
9.939393939393939004e-01
1.019108280254777066e+00
9.675324675324675772e-01
1.140540540540540437e+00
8.795180722891565717e-01
8.971428571428571308e-01
1.076923076923076872e+00
8.795180722891565717e-01
9.200000000000000400e-01
1.014084507042253502e+00
9.156626506024095891e-01
1.101910828025477684e+00
1.203821656050955369e+00
1.121951219512195230e+00
1.019354838709677358e+00
1.075144508670520249e+00
1.041450777202072464e+00
1.148148148148148140e+00
1.120000000000000107e+00
1.234285714285714208e+00
1.020942408376963373e+00
8.385416666666666297e-01
1.042105263157894646e+00
9.435897435897435681e-01
1.200956937799043001e+00
1.009708737864077666e+00
1.078048780487804947e+00
1.278606965174129417e+00
1.222222222222222321e+00
1.063291139240506222e+00
1.004464285714285809e+00
1.185328185328185402e+00
1.233606557377049162e+00
1.149999999999999911e+00
1.120689655172413701e+00
1.204633204633204668e+00
1.252873563218390718e+00
1.060810810810810745e+00
9.645161290322580294e-01
1.053691275167785157e+00
1.042944785276073594e+00
9.852941176470588758e-01
1.053872053872053849e+00
8.466453674121405815e-01
9.292035398230088505e-01
1.196141479099678495e+00
1.081504702194357348e+00
1.022012578616352307e+00
1.055865921787709549e+00
1.016085790884718509e+00
1.068656716417910379e+00
1.241007194244604372e+00
1.076294277929155330e+00
1.130030959752321928e+00
1.094955489614243271e+00
1.193069306930693019e+00
1.037533512064343189e+00
1.122615803814713820e+00
1.170157068062827266e+00
1.161057692307692291e+00
9.672544080604533745e-01
1.151898734177215111e+00
1.225512528473804208e+00
1.100671140939597281e+00
1.104783599088838164e+00
1.223849372384937295e+00
1.148305084745762761e+00
1.259332023575638448e+00
1.195266272189349221e+00
1.224043715846994562e+00
1.290434782608695707e+00
1.355263157894736947e+00
1.256821829855537809e+00
1.223175965665236120e+00
1.267882187938288885e+00
1.388219544846050812e+00
1.225419664268585063e+00
1.366828087167070160e+00
1.416575790621592112e+00
1.338144329896907125e+00
1.341440598690364805e+00
1.299379982285208124e+00
1.342147435897435903e+00
1.394509803921568647e+00
1.378040305767894269e+00
1.381502890173410325e+00
1.304773561811505500e+00
1.344320188346086020e+00
1.415766738660907187e+00
1.359618282270215861e+00
1.375173050299953958e+00
1.405002193944712596e+00
1.343859649122806976e+00
1.299132402866842728e+00
1.391810801270737752e+00
1.398093359631821242e+00
1.390199081163859152e+00
1.360729312762973375e+00
1.380865484880083427e+00
1.380319148936170137e+00
1.401913875598086223e+00
1.391966173361522285e+00
1.358070141445456347e+00
1.364453056191650582e+00
1.350446428571428603e+00
1.367796610169491611e+00
1.384638153026491070e+00
1.382131039046988752e+00
1.349370277078085545e+00
1.348297574626865725e+00
1.372156697556865979e+00
1.417971887550200760e+00
1.394368772282658320e+00
1.340956340956340975e+00
1.380011158045747921e+00
1.352326615293420353e+00
1.359692818596928143e+00
1.341095628936820106e+00
1.373874142558902500e+00
1.356525113648963332e+00
1.350532809871003881e+00
1.335510517721640644e+00
1.360508397639582423e+00
1.348628428927680867e+00
1.346134112167975738e+00
1.335970252633881472e+00
1.322475570032573211e+00
1.324578696343402306e+00
1.320270867069041731e+00
1.322640774538170527e+00
1.305735634877242424e+00
1.302842715995436107e+00
1.290960710687791835e+00
1.314223951578037175e+00
1.299188969991889708e+00
1.293386773547094082e+00
1.279349918026944088e+00
1.262708556104350288e+00
1.259304932735425986e+00
1.242336689088528789e+00
1.242220831674156756e+00
1.226741506006128191e+00
1.214587751429856644e+00
1.212997054491899762e+00
1.188235568295695543e+00
1.179813854985231059e+00
1.168027729189693886e+00
1.139712632414981108e+00
1.107368901410686224e+00
1.072558334764275978e+00
1.005317809062666212e+00
9.260915049042837133e-01
7.991636902169177992e-01
6.293554378013664907e-01
4.351863470949930979e-01
2.301476962331735765e-01
7.533986849005606945e-02
0.000000000000000000e+00
