2.004975124378109541e+00
9.506172839506172867e-01
9.047619047619047672e-01
1.000000000000000000e+00
7.384615384615385025e-01
8.552631578947368363e-01
8.488372093023255349e-01
9.565217391304348116e-01
1.147540983606557319e+00
8.405797101449274944e-01
1.032786885245901676e+00
7.671232876712328341e-01
1.027777777777777679e+00
6.515151515151514916e-01
1.148148148148148140e+00
7.500000000000000000e-01
1.062500000000000000e+00
9.508196721311474864e-01
1.175000000000000044e+00
7.551020408163264808e-01
1.098360655737705027e+00
8.253968253968253510e-01
1.176470588235294157e+00
9.591836734693877098e-01
1.150943396226415061e+00
9.090909090909090606e-01
7.719298245614034659e-01
8.800000000000000044e-01
1.018518518518518601e+00
6.739130434782608647e-01
1.020000000000000018e+00
9.565217391304348116e-01
1.052631578947368363e+00
8.499999999999999778e-01
7.954545454545454142e-01
1.000000000000000000e+00
9.555555555555556024e-01
8.181818181818182323e-01
9.722222222222222099e-01
9.354838709677418818e-01
1.000000000000000000e+00
7.714285714285714635e-01
8.750000000000000000e-01
6.250000000000000000e-01
1.000000000000000000e+00
7.941176470588234837e-01
9.615384615384615641e-01
4.516129032258064391e-01
1.312500000000000000e+00
1.095238095238095344e+00
1.108108108108108114e+00
7.199999999999999734e-01
9.047619047619047672e-01
5.384615384615384359e-01
1.310344827586206851e+00
1.230769230769230838e+00
1.130434782608695565e+00
7.857142857142856984e-01
1.071428571428571397e+00
6.250000000000000000e-01
7.619047619047618625e-01
7.777777777777777901e-01
1.136363636363636465e+00
1.000000000000000000e+00
8.636363636363636465e-01
1.439999999999999947e+00
6.875000000000000000e-01
8.399999999999999689e-01
5.200000000000000178e-01
7.391304347826086474e-01
1.000000000000000000e+00
1.736842105263157965e+00
1.333333333333333259e+00
1.266666666666666607e+00
1.000000000000000000e+00
7.500000000000000000e-01
8.965517241379310498e-01
1.266666666666666607e+00
5.999999999999999778e-01
8.750000000000000000e-01
1.000000000000000000e+00
1.210526315789473673e+00
7.727272727272727071e-01
1.000000000000000000e+00
6.666666666666666297e-01
7.692307692307692735e-01
9.545454545454545858e-01
8.800000000000000044e-01
1.000000000000000000e+00
1.277777777777777679e+00
1.000000000000000000e+00
1.320000000000000062e+00
6.250000000000000000e-01
1.642857142857142794e+00
5.000000000000000000e-01
5.714285714285713969e-01
5.999999999999999778e-01
1.000000000000000000e+00
1.375000000000000000e+00
2.500000000000000000e-01
1.000000000000000000e+00
3.076923076923077094e-01
2.727272727272727071e-01
1.250000000000000000e-01
3.333333333333333148e-01
5.833333333333333703e-01
2.000000000000000000e+00
2.857142857142856984e-01
1.199999999999999956e+00
5.000000000000000000e+00
2.000000000000000000e+00
2.000000000000000000e+00
1.000000000000000000e+00
5.999999999999999778e-01
8.888888888888888395e-01
0.000000000000000000e+00
1.111111111111111160e+00
5.000000000000000000e-01
2.500000000000000000e-01
5.000000000000000000e-01
3.333333333333333148e-01
0.000000000000000000e+00
1.600000000000000089e+00
4.000000000000000000e+00
5.999999999999999778e-01
3.333333333333333148e-01
1.500000000000000000e+00
1.000000000000000000e+00
1.750000000000000000e+00
1.142857142857142794e+00
0.000000000000000000e+00
7.500000000000000000e-01
2.500000000000000000e-01
1.333333333333333259e+00
4.000000000000000222e-01
2.000000000000000000e+00
1.333333333333333259e+00
5.000000000000000000e-01
1.250000000000000000e+00
1.142857142857142794e+00
nan
0.000000000000000000e+00
2.333333333333333481e+00
0.000000000000000000e+00
8.571428571428570953e-01
2.166666666666666519e+00
7.777777777777777901e-01
5.000000000000000000e-01
1.000000000000000000e+00
0.000000000000000000e+00
0.000000000000000000e+00
1.000000000000000000e+00
0.000000000000000000e+00
2.500000000000000000e-01
2.000000000000000000e+00
0.000000000000000000e+00
5.000000000000000000e-01
nan
0.000000000000000000e+00
nan
nan
nan
nan
nan
nan
nan
nan
nan
nan
nan
nan
nan
nan
nan
nan
nan
nan
nan
nan
nan
nan
nan
nan
nan
nan
nan
nan
nan
nan
nan
nan
nan
nan
nan
nan
nan
nan
nan
nan
nan
