1.822335025380710682e+00
9.239130434782608647e-01
9.032258064516128782e-01
1.350000000000000089e+00
1.041666666666666741e+00
7.741935483870967527e-01
7.500000000000000000e-01
7.826086956521739468e-01
9.772727272727272929e-01
7.692307692307692735e-01
1.129629629629629539e+00
8.928571428571429047e-01
7.971014492753623060e-01
7.741935483870967527e-01
8.936170212765957022e-01
1.115384615384615419e+00
9.615384615384615641e-01
7.272727272727272929e-01
1.139999999999999902e+00
7.368421052631578538e-01
9.347826086956522174e-01
9.756097560975609539e-01
1.156862745098039325e+00
9.024390243902439268e-01
1.073170731707317138e+00
1.302325581395348930e+00
1.446808510638297962e+00
7.500000000000000000e-01
8.536585365853658347e-01
8.048780487804878536e-01
9.814814814814815103e-01
9.795918367346938549e-01
9.499999999999999556e-01
5.000000000000000000e-01
1.214285714285714191e+00
9.473684210526315264e-01
8.723404255319149314e-01
7.872340425531915153e-01
6.666666666666666297e-01
7.187500000000000000e-01
1.192307692307692291e+00
9.393939393939394478e-01
8.461538461538461453e-01
7.058823529411765163e-01
7.241379310344827624e-01
7.307692307692307265e-01
8.800000000000000044e-01
8.000000000000000444e-01
1.166666666666666741e+00
6.666666666666666297e-01
9.565217391304348116e-01
1.038461538461538547e+00
8.333333333333333703e-01
1.466666666666666563e+00
1.411764705882353033e+00
7.058823529411765163e-01
9.499999999999999556e-01
8.095238095238095344e-01
8.000000000000000444e-01
5.600000000000000533e-01
1.000000000000000000e+00
9.545454545454545858e-01
7.333333333333332815e-01
1.111111111111111160e+00
1.294117647058823595e+00
8.750000000000000000e-01
1.000000000000000000e+00
7.777777777777777901e-01
7.058823529411765163e-01
1.055555555555555580e+00
6.250000000000000000e-01
2.500000000000000000e-01
6.666666666666666297e-01
1.399999999999999911e+00
5.714285714285713969e-01
4.444444444444444198e-01
1.199999999999999956e+00
8.333333333333333703e-01
6.666666666666666297e-01
1.500000000000000000e+00
6.999999999999999556e-01
1.111111111111111160e+00
0.000000000000000000e+00
1.333333333333333259e+00
0.000000000000000000e+00
1.285714285714285809e+00
7.500000000000000000e-01
6.250000000000000000e-01
1.375000000000000000e+00
3.750000000000000000e-01
2.727272727272727071e-01
1.250000000000000000e+00
5.714285714285713969e-01
1.199999999999999956e+00
0.000000000000000000e+00
1.666666666666666574e-01
nan
4.000000000000000222e-01
0.000000000000000000e+00
3.500000000000000000e+00
1.000000000000000000e+00
1.250000000000000000e+00
5.000000000000000000e-01
0.000000000000000000e+00
3.000000000000000000e+00
nan
1.333333333333333259e+00
0.000000000000000000e+00
0.000000000000000000e+00
1.500000000000000000e+00
2.000000000000000000e+00
nan
0.000000000000000000e+00
0.000000000000000000e+00
5.000000000000000000e+00
nan
0.000000000000000000e+00
2.500000000000000000e+00
0.000000000000000000e+00
1.000000000000000000e+00
nan
0.000000000000000000e+00
0.000000000000000000e+00
6.666666666666666297e-01
1.500000000000000000e+00
nan
nan
nan
0.000000000000000000e+00
0.000000000000000000e+00
nan
nan
nan
nan
nan
nan
nan
nan
nan
nan
nan
nan
nan
nan
nan
nan
nan
nan
nan
nan
nan
nan
nan
nan
nan
nan
nan
nan
nan
nan
nan
nan
nan
nan
nan
nan
nan
nan
nan
nan
nan
nan
nan
nan
nan
nan
nan
nan
nan
nan
nan
nan
nan
nan
nan
nan
nan
nan
nan
nan
nan
nan
nan
nan
nan
nan
nan
nan
nan
nan
