1.887755102040816313e+00
9.000000000000000222e-01
9.010989010989011172e-01
7.096774193548387455e-01
7.368421052631578538e-01
9.375000000000000000e-01
8.620689655172413257e-01
1.166666666666666741e+00
7.719298245614034659e-01
7.600000000000000089e-01
9.056603773584905870e-01
6.734693877551020114e-01
1.191489361702127603e+00
8.260869565217391353e-01
7.894736842105263275e-01
6.829268292682927344e-01
8.684210526315789824e-01
1.026315789473684292e+00
8.857142857142856762e-01
6.764705882352941568e-01
1.000000000000000000e+00
9.268292682926829729e-01
6.562500000000000000e-01
1.518518518518518601e+00
1.125000000000000000e+00
1.030303030303030276e+00
7.241379310344827624e-01
8.181818181818182323e-01
1.102564102564102644e+00
1.218750000000000000e+00
8.918918918918918859e-01
6.052631578947368363e-01
1.060606060606060552e+00
8.666666666666666963e-01
5.714285714285713969e-01
1.133333333333333304e+00
7.666666666666667185e-01
4.642857142857143016e-01
5.238095238095238360e-01
1.600000000000000089e+00
1.260869565217391353e+00
6.111111111111111605e-01
6.666666666666666297e-01
1.421052631578947345e+00
8.000000000000000444e-01
1.095238095238095344e+00
5.000000000000000000e-01
5.714285714285713969e-01
1.684210526315789380e+00
1.166666666666666741e+00
1.800000000000000044e+00
1.050000000000000044e+00
9.090909090909090606e-01
1.592592592592592560e+00
5.909090909090909394e-01
9.333333333333333481e-01
6.666666666666666297e-01
7.333333333333332815e-01
9.655172413793103869e-01
2.111111111111111160e+00
1.428571428571428603e+00
1.333333333333333259e+00
8.846153846153845812e-01
1.259259259259259300e+00
1.055555555555555580e+00
1.171428571428571486e+00
8.249999999999999556e-01
1.175000000000000044e+00
1.035714285714285809e+00
7.777777777777777901e-01
7.666666666666667185e-01
6.999999999999999556e-01
9.000000000000000222e-01
1.142857142857142794e+00
6.206896551724138122e-01
5.714285714285713969e-01
9.666666666666666741e-01
6.923076923076922906e-01
1.040000000000000036e+00
1.533333333333333437e+00
5.999999999999999778e-01
1.416666666666666741e+00
7.777777777777777901e-01
1.000000000000000000e+00
1.800000000000000044e+00
1.100000000000000089e+00
9.545454545454545858e-01
7.586206896551723755e-01
6.521739130434782705e-01
5.833333333333333703e-01
1.172413793103448176e+00
7.500000000000000000e-01
8.181818181818182323e-01
1.699999999999999956e+00
1.050000000000000044e+00
6.999999999999999556e-01
1.117647058823529438e+00
1.111111111111111160e+00
9.166666666666666297e-01
5.500000000000000444e-01
9.200000000000000400e-01
7.142857142857143016e-01
1.043478260869565188e+00
8.333333333333333703e-01
5.333333333333333259e-01
3.125000000000000000e-01
7.222222222222222099e-01
8.461538461538461453e-01
1.066666666666666652e+00
6.666666666666666297e-01
1.000000000000000000e+00
1.199999999999999956e+00
6.923076923076922906e-01
1.000000000000000000e+00
0.000000000000000000e+00
7.500000000000000000e-01
1.666666666666666574e-01
2.111111111111111160e+00
9.090909090909090606e-01
7.142857142857143016e-01
1.444444444444444420e+00
6.250000000000000000e-01
7.500000000000000000e-01
2.999999999999999889e-01
0.000000000000000000e+00
1.000000000000000000e+00
3.333333333333333148e-01
5.714285714285713969e-01
3.333333333333333148e-01
2.600000000000000089e+00
1.000000000000000000e+00
5.000000000000000000e-01
2.857142857142856984e-01
3.000000000000000000e+00
0.000000000000000000e+00
1.666666666666666741e+00
3.333333333333333148e-01
0.000000000000000000e+00
0.000000000000000000e+00
2.000000000000000000e+00
0.000000000000000000e+00
1.000000000000000000e+00
nan
1.000000000000000000e+00
nan
nan
nan
nan
nan
2.000000000000000000e+00
nan
0.000000000000000000e+00
4.000000000000000000e+00
nan
nan
1.000000000000000000e+00
0.000000000000000000e+00
2.000000000000000000e+00
0.000000000000000000e+00
2.000000000000000000e+00
0.000000000000000000e+00
nan
nan
0.000000000000000000e+00
nan
nan
nan
nan
nan
nan
nan
nan
nan
nan
nan
nan
nan
nan
nan
nan
nan
nan
nan
nan
nan
nan
nan
nan
nan
nan
nan
nan
nan
nan
nan
nan
nan
nan
nan
nan
