1.867346938775510168e+00
1.268292682926829285e+00
7.073170731707316694e-01
1.036144578313253017e+00
8.194444444444444198e-01
1.226415094339622591e+00
7.777777777777777901e-01
8.493150684931506378e-01
8.253968253968253510e-01
9.615384615384615641e-01
1.058823529411764719e+00
9.090909090909090606e-01
8.627450980392157298e-01
8.269230769230768718e-01
6.481481481481481399e-01
7.735849056603774088e-01
1.166666666666666741e+00
9.607843137254902244e-01
1.113207547169811296e+00
6.862745098039215730e-01
1.080000000000000071e+00
9.399999999999999467e-01
5.777777777777777235e-01
8.936170212765957022e-01
1.000000000000000000e+00
9.250000000000000444e-01
8.928571428571429047e-01
1.080000000000000071e+00
9.268292682926829729e-01
5.945945945945946276e-01
9.722222222222222099e-01
6.279069767441860517e-01
5.600000000000000533e-01
1.074074074074074181e+00
1.129032258064516236e+00
1.088235294117646967e+00
1.517241379310344751e+00
6.923076923076922906e-01
1.043478260869565188e+00
9.714285714285714191e-01
1.304347826086956541e+00
6.551724137931034253e-01
8.928571428571429047e-01
1.162162162162162060e+00
1.344827586206896575e+00
1.085714285714285632e+00
1.027777777777777679e+00
7.307692307692307265e-01
9.117647058823529216e-01
1.333333333333333259e+00
8.333333333333333703e-01
8.181818181818182323e-01
7.307692307692307265e-01
1.136363636363636465e+00
7.692307692307692735e-01
6.818181818181817677e-01
1.333333333333333259e+00
9.642857142857143016e-01
6.896551724137931494e-01
8.387096774193548709e-01
1.156250000000000000e+00
1.045454545454545414e+00
1.375000000000000000e+00
9.285714285714286031e-01
6.896551724137931494e-01
1.125000000000000000e+00
8.000000000000000444e-01
5.769230769230768718e-01
6.400000000000000133e-01
9.310344827586206629e-01
4.705882352941176405e-01
8.666666666666666963e-01
1.352941176470588314e+00
1.000000000000000000e+00
6.451612903225806273e-01
7.272727272727272929e-01
6.315789473684210176e-01
1.687500000000000000e+00
1.272727272727272707e+00
1.000000000000000000e+00
1.307692307692307709e+00
1.222222222222222321e+00
6.800000000000000488e-01
7.777777777777777901e-01
9.285714285714286031e-01
5.882352941176470784e-01
1.357142857142857206e+00
9.375000000000000000e-01
8.888888888888888395e-01
1.000000000000000000e+00
6.842105263157894912e-01
3.913043478260869734e-01
6.428571428571429047e-01
1.153846153846153744e+00
8.750000000000000000e-01
1.222222222222222321e+00
6.315789473684210176e-01
8.571428571428570953e-01
1.125000000000000000e+00
1.699999999999999956e+00
8.000000000000000444e-01
1.250000000000000000e+00
8.750000000000000000e-01
8.750000000000000000e-01
1.000000000000000000e+00
1.714285714285714191e+00
9.230769230769231282e-01
2.000000000000000000e+00
9.090909090909090606e-01
7.142857142857143016e-01
7.500000000000000000e-01
1.307692307692307709e+00
7.777777777777777901e-01
1.300000000000000044e+00
0.000000000000000000e+00
2.000000000000000111e-01
7.500000000000000000e-01
1.777777777777777679e+00
1.000000000000000000e+00
3.571428571428571508e-01
5.555555555555555802e-01
0.000000000000000000e+00
1.625000000000000000e+00
7.777777777777777901e-01
7.500000000000000000e-01
1.571428571428571397e+00
1.142857142857142794e+00
1.428571428571428603e+00
7.500000000000000000e-01
3.333333333333333148e-01
1.285714285714285809e+00
1.199999999999999956e+00
1.500000000000000000e+00
2.500000000000000000e-01
9.090909090909090606e-01
5.000000000000000000e-01
1.000000000000000000e+00
0.000000000000000000e+00
3.000000000000000000e+00
1.100000000000000089e+00
1.000000000000000000e+00
1.750000000000000000e+00
9.000000000000000222e-01
3.333333333333333148e-01
1.250000000000000000e+00
7.142857142857143016e-01
1.199999999999999956e+00
0.000000000000000000e+00
5.000000000000000000e-01
2.000000000000000000e+00
8.000000000000000444e-01
6.666666666666666297e-01
0.000000000000000000e+00
0.000000000000000000e+00
3.000000000000000000e+00
0.000000000000000000e+00
0.000000000000000000e+00
7.500000000000000000e-01
6.666666666666666297e-01
1.000000000000000000e+00
3.333333333333333481e+00
0.000000000000000000e+00
5.000000000000000000e-01
nan
1.000000000000000000e+00
nan
1.250000000000000000e+00
0.000000000000000000e+00
0.000000000000000000e+00
0.000000000000000000e+00
8.000000000000000444e-01
2.000000000000000000e+00
5.000000000000000000e-01
1.333333333333333259e+00
0.000000000000000000e+00
5.999999999999999778e-01
5.000000000000000000e-01
1.500000000000000000e+00
0.000000000000000000e+00
nan
1.250000000000000000e+00
nan
3.000000000000000000e+00
2.000000000000000000e+00
0.000000000000000000e+00
0.000000000000000000e+00
1.000000000000000000e+00
nan
0.000000000000000000e+00
1.500000000000000000e+00
nan
nan
nan
0.000000000000000000e+00
0.000000000000000000e+00
4.000000000000000000e+00
1.000000000000000000e+00
0.000000000000000000e+00
3.333333333333333148e-01
0.000000000000000000e+00
