2.037914691943127909e+00
1.076923076923076872e+00
7.228915662650602370e-01
1.086956521739130377e+00
1.232876712328767166e+00
1.196969696969697017e+00
9.302325581395348708e-01
9.714285714285714191e-01
1.009708737864077666e+00
1.180722891566265087e+00
8.095238095238095344e-01
9.387755102040816757e-01
1.062500000000000000e+00
8.461538461538461453e-01
6.933333333333333570e-01
7.066666666666666652e-01
7.222222222222222099e-01
8.888888888888888395e-01
9.777777777777777457e-01
8.688524590163934080e-01
1.000000000000000000e+00
6.538461538461538547e-01
1.086206896551724199e+00
1.035087719298245723e+00
8.333333333333333703e-01
1.100000000000000089e+00
1.437500000000000000e+00
9.803921568627450567e-01
8.863636363636363535e-01
9.264705882352941568e-01
9.333333333333333481e-01
8.548387096774193727e-01
9.821428571428570953e-01
8.870967741935483764e-01
1.081081081081081141e+00
1.035087719298245723e+00
1.145454545454545503e+00
8.000000000000000444e-01
1.024999999999999911e+00
5.283018867924528239e-01
1.019230769230769162e+00
8.809523809523809312e-01
7.083333333333333703e-01
6.181818181818181657e-01
6.756756756756756577e-01
1.000000000000000000e+00
1.000000000000000000e+00
8.750000000000000000e-01
8.604651162790697416e-01
6.666666666666666297e-01
8.378378378378378288e-01
9.000000000000000222e-01
2.380952380952380820e-01
6.086956521739130821e-01
8.888888888888888395e-01
9.565217391304348116e-01
9.583333333333333703e-01
8.333333333333333703e-01
1.833333333333333259e+00
8.000000000000000444e-01
1.199999999999999956e+00
1.250000000000000000e+00
7.647058823529411242e-01
1.058823529411764719e+00
1.407407407407407440e+00
1.750000000000000000e+00
6.666666666666666297e-01
7.368421052631578538e-01
6.923076923076922906e-01
1.206896551724137900e+00
5.500000000000000444e-01
9.200000000000000400e-01
1.433333333333333348e+00
7.777777777777777901e-01
8.518518518518518601e-01
1.080000000000000071e+00
5.909090909090909394e-01
1.588235294117646967e+00
1.031250000000000000e+00
8.636363636363636465e-01
6.956521739130434590e-01
7.586206896551723755e-01
6.999999999999999556e-01
2.307692307692307820e-01
7.647058823529411242e-01
1.153846153846153744e+00
1.750000000000000000e+00
6.250000000000000000e-01
2.857142857142856984e-01
7.647058823529411242e-01
1.000000000000000000e+00
1.222222222222222321e+00
8.333333333333333703e-01
1.588235294117646967e+00
1.000000000000000000e+00
1.235294117647058876e+00
8.823529411764705621e-01
4.000000000000000222e-01
1.071428571428571397e+00
6.428571428571429047e-01
1.285714285714285809e+00
3.571428571428571508e-01
5.714285714285713969e-01
2.000000000000000000e+00
8.888888888888888395e-01
1.300000000000000044e+00
1.333333333333333259e+00
6.923076923076922906e-01
6.666666666666666297e-01
8.181818181818182323e-01
1.312500000000000000e+00
7.857142857142856984e-01
9.090909090909090606e-01
1.071428571428571397e+00
1.272727272727272707e+00
1.363636363636363535e+00
3.750000000000000000e-01
1.142857142857142794e+00
1.214285714285714191e+00
1.157894736842105310e+00
1.500000000000000000e+00
7.142857142857143016e-01
3.333333333333333148e-01
1.937500000000000000e+00
1.000000000000000000e+00
2.200000000000000178e+00
6.250000000000000000e-01
2.999999999999999889e-01
7.500000000000000000e-01
1.066666666666666652e+00
8.333333333333333703e-01
3.125000000000000000e-01
8.181818181818182323e-01
1.777777777777777679e+00
4.000000000000000222e-01
1.166666666666666741e+00
9.166666666666666297e-01
1.428571428571428603e+00
3.333333333333333148e-01
1.857142857142857206e+00
1.625000000000000000e+00
6.500000000000000222e-01
4.375000000000000000e-01
2.500000000000000000e-01
1.888888888888888840e+00
8.888888888888888395e-01
1.571428571428571397e+00
9.285714285714286031e-01
2.222222222222222099e-01
8.461538461538461453e-01
6.842105263157894912e-01
1.444444444444444420e+00
1.071428571428571397e+00
1.500000000000000000e+00
5.000000000000000000e-01
1.000000000000000000e+00
1.272727272727272707e+00
1.666666666666666574e-01
7.857142857142856984e-01
1.500000000000000000e+00
8.750000000000000000e-01
7.777777777777777901e-01
1.428571428571428603e+00
8.000000000000000444e-01
1.857142857142857206e+00
2.000000000000000111e-01
6.999999999999999556e-01
0.000000000000000000e+00
1.000000000000000000e+00
7.500000000000000000e-01
1.428571428571428603e+00
2.000000000000000000e+00
0.000000000000000000e+00
6.250000000000000000e-01
6.250000000000000000e-01
1.800000000000000044e+00
1.399999999999999911e+00
1.000000000000000000e+00
6.666666666666666297e-01
4.444444444444444198e-01
1.000000000000000000e+00
8.333333333333333703e-01
1.500000000000000000e+00
5.714285714285713969e-01
1.285714285714285809e+00
1.333333333333333259e+00
1.833333333333333259e+00
0.000000000000000000e+00
1.428571428571428492e-01
8.333333333333333703e-01
1.000000000000000000e+00
0.000000000000000000e+00
7.500000000000000000e-01
1.250000000000000000e+00
5.000000000000000000e-01
2.500000000000000000e-01
1.500000000000000000e+00
2.000000000000000111e-01
0.000000000000000000e+00
0.000000000000000000e+00
