2.125000000000000000e+00
1.049382716049382713e+00
9.885057471264367956e-01
9.124999999999999778e-01
9.770114942528735913e-01
1.379310344827586299e+00
8.876404494382021948e-01
1.262295081967213184e+00
7.721518987341772222e-01
8.316831683168316447e-01
7.816091954022988952e-01
6.923076923076922906e-01
9.452054794520547976e-01
1.078947368421052655e+00
7.719298245614034659e-01
1.014084507042253502e+00
7.368421052631578538e-01
9.090909090909090606e-01
1.000000000000000000e+00
9.365079365079365115e-01
8.727272727272726849e-01
8.965517241379310498e-01
1.117647058823529438e+00
9.545454545454545858e-01
1.272727272727272707e+00
9.130434782608695121e-01
9.642857142857143016e-01
9.591836734693877098e-01
8.571428571428570953e-01
1.000000000000000000e+00
1.113207547169811296e+00
1.034482758620689724e+00
7.959183673469387710e-01
9.210526315789473450e-01
1.057692307692307709e+00
9.200000000000000400e-01
7.727272727272727071e-01
9.473684210526315264e-01
1.140625000000000000e+00
1.054054054054053946e+00
1.324999999999999956e+00
1.269230769230769162e+00
8.292682926829267887e-01
9.259259259259259300e-01
8.409090909090909394e-01
7.894736842105263275e-01
7.399999999999999911e-01
7.301587301587301182e-01
9.574468085106383475e-01
1.297872340425531901e+00
9.069767441860464574e-01
6.428571428571429047e-01
8.421052631578946901e-01
6.666666666666666297e-01
8.571428571428570953e-01
8.620689655172413257e-01
7.368421052631578538e-01
1.100000000000000089e+00
8.484848484848485084e-01
1.000000000000000000e+00
7.586206896551723755e-01
8.214285714285713969e-01
1.699999999999999956e+00
5.769230769230768718e-01
7.058823529411765163e-01
1.285714285714285809e+00
7.241379310344827624e-01
4.347826086956521618e-01
8.181818181818182323e-01
1.071428571428571397e+00
7.826086956521739468e-01
8.750000000000000000e-01
1.250000000000000000e+00
8.000000000000000444e-01
1.142857142857142794e+00
7.857142857142856984e-01
8.571428571428570953e-01
7.894736842105263275e-01
8.571428571428570953e-01
6.875000000000000000e-01
1.055555555555555580e+00
6.250000000000000000e-01
5.333333333333333259e-01
1.100000000000000089e+00
1.333333333333333259e+00
1.384615384615384581e+00
5.714285714285713969e-01
1.357142857142857206e+00
1.399999999999999911e+00
1.461538461538461453e+00
8.333333333333333703e-01
7.777777777777777901e-01
7.391304347826086474e-01
9.545454545454545858e-01
1.062500000000000000e+00
1.461538461538461453e+00
1.000000000000000000e+00
1.052631578947368363e+00
1.050000000000000044e+00
8.695652173913043237e-01
4.705882352941176405e-01
1.000000000000000000e+00
1.000000000000000000e+00
1.125000000000000000e+00
1.588235294117646967e+00
1.062500000000000000e+00
1.857142857142857206e+00
1.833333333333333259e+00
7.058823529411765163e-01
9.473684210526315264e-01
7.647058823529411242e-01
4.838709677419354982e-01
1.899999999999999911e+00
1.038461538461538547e+00
6.470588235294117974e-01
1.437500000000000000e+00
8.333333333333333703e-01
8.000000000000000444e-01
7.916666666666666297e-01
8.000000000000000444e-01
1.068965517241379226e+00
4.400000000000000022e-01
3.666666666666666408e-01
3.333333333333333148e-01
2.666666666666666630e-01
6.999999999999999556e-01
1.333333333333333259e+00
1.166666666666666741e+00
1.166666666666666741e+00
2.000000000000000111e-01
7.500000000000000000e-01
2.333333333333333481e+00
8.333333333333333703e-01
2.500000000000000000e-01
1.571428571428571397e+00
4.000000000000000222e-01
8.333333333333333703e-01
1.500000000000000000e+00
1.000000000000000000e+00
0.000000000000000000e+00
1.199999999999999956e+00
1.142857142857142794e+00
1.399999999999999911e+00
1.166666666666666741e+00
1.333333333333333259e+00
1.000000000000000000e+00
1.500000000000000000e+00
1.800000000000000044e+00
1.000000000000000000e+00
1.066666666666666652e+00
1.399999999999999911e+00
1.444444444444444420e+00
9.000000000000000222e-01
1.300000000000000044e+00
7.500000000000000000e-01
7.272727272727272929e-01
6.666666666666666297e-01
1.000000000000000000e+00
1.090909090909090828e+00
8.750000000000000000e-01
5.000000000000000000e-01
1.142857142857142794e+00
2.500000000000000000e-01
1.714285714285714191e+00
1.625000000000000000e+00
1.111111111111111160e+00
5.714285714285713969e-01
2.000000000000000000e+00
5.555555555555555802e-01
7.647058823529411242e-01
1.444444444444444420e+00
2.125000000000000000e+00
1.666666666666666741e+00
0.000000000000000000e+00
9.090909090909090606e-01
1.416666666666666741e+00
6.153846153846154188e-01
1.529411764705882248e+00
1.100000000000000089e+00
7.692307692307692735e-01
8.750000000000000000e-01
1.571428571428571397e+00
1.727272727272727293e+00
7.777777777777777901e-01
4.615384615384615641e-01
9.411764705882352811e-01
5.625000000000000000e-01
1.000000000000000000e+00
7.333333333333332815e-01
9.166666666666666297e-01
5.714285714285713969e-01
1.250000000000000000e+00
7.500000000000000000e-01
1.444444444444444420e+00
1.230769230769230838e+00
9.000000000000000222e-01
5.384615384615384359e-01
2.105263157894736725e-01
1.000000000000000056e-01
0.000000000000000000e+00
