2.021052631578947434e+00
8.712871287128712838e-01
8.750000000000000000e-01
7.088607594936708889e-01
9.523809523809523281e-01
8.169014084507042472e-01
5.799999999999999600e-01
1.000000000000000000e+00
9.402985074626866169e-01
1.000000000000000000e+00
1.000000000000000000e+00
7.962962962962962798e-01
1.063829787234042534e+00
7.234042553191489811e-01
7.297297297297297147e-01
1.055555555555555580e+00
1.092592592592592560e+00
8.863636363636363535e-01
7.843137254901960675e-01
1.377777777777777768e+00
1.027777777777777679e+00
1.268292682926829285e+00
9.411764705882352811e-01
7.297297297297297147e-01
7.936507936507936067e-01
1.083333333333333259e+00
6.739130434782608647e-01
1.388888888888888840e+00
7.346938775510204467e-01
1.139534883720930258e+00
9.487179487179486781e-01
1.000000000000000000e+00
1.114285714285714324e+00
7.297297297297297147e-01
8.108108108108108558e-01
5.312500000000000000e-01
1.026315789473684292e+00
1.424242424242424310e+00
5.675675675675675436e-01
7.428571428571428825e-01
1.028571428571428470e+00
1.000000000000000000e+00
1.100000000000000089e+00
8.399999999999999689e-01
1.000000000000000000e+00
7.837837837837837718e-01
1.216216216216216228e+00
7.692307692307692735e-01
1.000000000000000000e+00
7.916666666666666297e-01
9.459459459459459429e-01
1.208333333333333259e+00
6.764705882352941568e-01
1.156250000000000000e+00
8.333333333333333703e-01
6.538461538461538547e-01
1.000000000000000000e+00
9.310344827586206629e-01
1.000000000000000000e+00
9.499999999999999556e-01
1.031250000000000000e+00
1.399999999999999911e+00
9.166666666666666297e-01
1.466666666666666563e+00
7.741935483870967527e-01
6.666666666666666297e-01
1.030303030303030276e+00
8.636363636363636465e-01
8.571428571428570953e-01
8.620689655172413257e-01
8.421052631578946901e-01
8.000000000000000444e-01
7.272727272727272929e-01
9.285714285714286031e-01
6.428571428571429047e-01
9.047619047619047672e-01
7.333333333333332815e-01
1.000000000000000000e+00
1.428571428571428603e+00
6.999999999999999556e-01
8.333333333333333703e-01
8.750000000000000000e-01
8.095238095238095344e-01
1.250000000000000000e-01
8.000000000000000444e-01
6.470588235294117974e-01
1.199999999999999956e+00
8.000000000000000444e-01
8.571428571428570953e-01
7.500000000000000000e-01
5.000000000000000000e-01
1.666666666666666741e+00
0.000000000000000000e+00
5.999999999999999778e-01
7.500000000000000000e-01
1.666666666666666741e+00
0.000000000000000000e+00
2.250000000000000000e+00
9.000000000000000222e-01
1.500000000000000000e+00
0.000000000000000000e+00
5.999999999999999778e-01
5.000000000000000000e-01
1.500000000000000000e+00
1.714285714285714191e+00
1.666666666666666741e+00
3.333333333333333148e-01
4.444444444444444198e-01
5.000000000000000000e-01
0.000000000000000000e+00
0.000000000000000000e+00
0.000000000000000000e+00
0.000000000000000000e+00
nan
nan
nan
1.666666666666666741e+00
5.000000000000000000e-01
3.333333333333333148e-01
0.000000000000000000e+00
0.000000000000000000e+00
0.000000000000000000e+00
nan
nan
nan
nan
nan
nan
nan
nan
nan
nan
nan
nan
nan
nan
nan
nan
nan
nan
nan
nan
nan
nan
nan
nan
nan
nan
nan
nan
nan
nan
nan
nan
nan
nan
nan
nan
nan
nan
nan
nan
nan
nan
nan
nan
nan
nan
nan
nan
nan
nan
nan
nan
nan
nan
nan
nan
nan
nan
nan
nan
nan
nan
nan
nan
nan
nan
nan
nan
nan
nan
nan
nan
nan
nan
nan
nan
nan
nan
