2.033653846153846256e+00
1.241379310344827624e+00
8.072289156626506479e-01
9.764705882352940902e-01
1.081081081081081141e+00
8.842105263157894468e-01
8.888888888888888395e-01
9.375000000000000000e-01
9.583333333333333703e-01
1.074999999999999956e+00
1.253164556962025333e+00
9.117647058823529216e-01
1.095238095238095344e+00
8.153846153846153744e-01
9.090909090909090606e-01
1.129411764705882337e+00
1.131578947368421018e+00
8.409090909090909394e-01
9.864864864864865135e-01
6.436781609195402210e-01
1.123076923076923084e+00
9.000000000000000222e-01
6.282051282051281937e-01
1.120000000000000107e+00
7.068965517241379004e-01
1.077922077922077948e+00
9.642857142857143016e-01
7.894736842105263275e-01
9.846153846153846700e-01
8.833333333333333037e-01
9.387755102040816757e-01
9.107142857142856984e-01
1.113207547169811296e+00
1.346153846153846256e+00
8.367346938775510612e-01
4.038461538461538547e-01
1.230769230769230838e+00
8.541666666666666297e-01
1.000000000000000000e+00
9.655172413793103869e-01
8.113207547169811740e-01
1.016129032258064502e+00
9.361702127659574657e-01
6.603773584905660021e-01
1.114285714285714324e+00
8.723404255319149314e-01
9.000000000000000222e-01
1.021276595744680771e+00
6.590909090909090606e-01
1.000000000000000000e+00
1.000000000000000000e+00
9.210526315789473450e-01
1.170731707317073100e+00
7.500000000000000000e-01
1.199999999999999956e+00
7.297297297297297147e-01
7.659574468085106336e-01
7.096774193548387455e-01
9.333333333333333481e-01
7.096774193548387455e-01
9.655172413793103869e-01
7.307692307692307265e-01
5.833333333333333703e-01
1.217391304347826164e+00
1.133333333333333304e+00
1.281250000000000000e+00
1.000000000000000000e+00
1.199999999999999956e+00
1.366666666666666696e+00
9.749999999999999778e-01
1.161290322580645240e+00
9.047619047619047672e-01
1.264705882352941124e+00
5.454545454545454142e-01
8.666666666666666963e-01
8.108108108108108558e-01
6.428571428571429047e-01
7.333333333333332815e-01
3.333333333333333148e-01
9.000000000000000222e-01
1.111111111111111160e+00
8.846153846153845812e-01
1.379310344827586299e+00
1.136363636363636465e+00
1.666666666666666741e+00
1.166666666666666741e+00
9.583333333333333703e-01
1.250000000000000000e+00
9.333333333333333481e-01
8.695652173913043237e-01
7.741935483870967527e-01
1.066666666666666652e+00
9.166666666666666297e-01
8.157894736842105088e-01
7.500000000000000000e-01
7.199999999999999734e-01
1.055555555555555580e+00
7.500000000000000000e-01
8.947368421052631637e-01
1.166666666666666741e+00
8.235294117647058432e-01
1.466666666666666563e+00
1.117647058823529438e+00
6.818181818181817677e-01
8.750000000000000000e-01
1.347826086956521729e+00
8.214285714285713969e-01
8.636363636363636465e-01
8.800000000000000044e-01
6.956521739130434590e-01
9.444444444444444198e-01
1.714285714285714191e+00
8.846153846153845812e-01
8.333333333333333703e-01
7.916666666666666297e-01
1.071428571428571397e+00
1.000000000000000000e+00
7.692307692307692735e-01
8.571428571428570953e-01
1.307692307692307709e+00
1.529411764705882248e+00
1.190476190476190466e+00
5.500000000000000444e-01
1.111111111111111160e+00
1.000000000000000000e+00
7.894736842105263275e-01
7.058823529411765163e-01
8.260869565217391353e-01
1.142857142857142794e+00
1.066666666666666652e+00
1.300000000000000044e+00
1.583333333333333259e+00
1.190476190476190466e+00
1.095238095238095344e+00
7.894736842105263275e-01
7.647058823529411242e-01
1.875000000000000000e-01
8.636363636363636465e-01
8.000000000000000444e-01
1.149999999999999911e+00
1.000000000000000000e+00
5.789473684210526550e-01
1.000000000000000000e+00
1.000000000000000000e+00
1.545454545454545414e+00
1.100000000000000089e+00
9.499999999999999556e-01
9.444444444444444198e-01
1.500000000000000000e+00
4.210526315789473450e-01
8.571428571428570953e-01
5.789473684210526550e-01
4.117647058823529216e-01
6.153846153846154188e-01
9.375000000000000000e-01
1.363636363636363535e+00
1.666666666666666741e+00
1.000000000000000000e+00
1.272727272727272707e+00
7.500000000000000000e-01
1.500000000000000000e+00
7.500000000000000000e-01
2.000000000000000111e-01
1.000000000000000000e+00
9.166666666666666297e-01
4.000000000000000222e-01
7.272727272727272929e-01
0.000000000000000000e+00
1.199999999999999956e+00
1.875000000000000000e+00
8.000000000000000444e-01
1.000000000000000000e+00
7.142857142857143016e-01
0.000000000000000000e+00
3.333333333333333148e-01
5.999999999999999778e-01
8.000000000000000444e-01
1.199999999999999956e+00
1.333333333333333259e+00
1.000000000000000000e+00
8.000000000000000444e-01
1.166666666666666741e+00
1.714285714285714191e+00
1.166666666666666741e+00
0.000000000000000000e+00
1.181818181818181879e+00
8.571428571428570953e-01
2.500000000000000000e+00
8.571428571428570953e-01
1.000000000000000000e+00
5.000000000000000000e-01
3.636363636363636465e-01
8.000000000000000444e-01
0.000000000000000000e+00
2.500000000000000000e+00
5.000000000000000000e-01
0.000000000000000000e+00
3.333333333333333148e-01
0.000000000000000000e+00
0.000000000000000000e+00
