1.994764397905759212e+00
1.142857142857142794e+00
9.146341463414634498e-01
1.051282051282051322e+00
8.309859154929577496e-01
1.186666666666666758e+00
6.666666666666666297e-01
9.859154929577464976e-01
9.733333333333333837e-01
1.092307692307692202e+00
1.000000000000000000e+00
1.084745762711864403e+00
8.307692307692308153e-01
8.823529411764705621e-01
8.923076923076923572e-01
8.906250000000000000e-01
9.428571428571428381e-01
1.107692307692307754e+00
7.962962962962962798e-01
5.200000000000000178e-01
1.145161290322580738e+00
8.431372549019607865e-01
8.599999999999999867e-01
1.076923076923076872e+00
1.000000000000000000e+00
9.444444444444444198e-01
6.938775510204081565e-01
1.148936170212766061e+00
9.512195121951219079e-01
1.044444444444444509e+00
8.703703703703703498e-01
4.888888888888888729e-01
8.723404255319149314e-01
8.974358974358974672e-01
9.230769230769231282e-01
1.047619047619047672e+00
8.666666666666666963e-01
1.205128205128205066e+00
1.199999999999999956e+00
1.300000000000000044e+00
8.536585365853658347e-01
7.631578947368421462e-01
1.028571428571428470e+00
8.888888888888888395e-01
9.736842105263158187e-01
1.129032258064516236e+00
1.270270270270270174e+00
9.523809523809523281e-01
6.470588235294117974e-01
8.648648648648649129e-01
8.437500000000000000e-01
8.750000000000000000e-01
1.275862068965517349e+00
5.999999999999999778e-01
1.048780487804878092e+00
1.161290322580645240e+00
1.161290322580645240e+00
1.064516129032258007e+00
8.378378378378378288e-01
5.483870967741935054e-01
1.093750000000000000e+00
1.066666666666666652e+00
1.111111111111111160e+00
1.057142857142857162e+00
9.565217391304348116e-01
8.750000000000000000e-01
1.199999999999999956e+00
9.354838709677418818e-01
1.243243243243243201e+00
3.333333333333333148e-01
1.161290322580645240e+00
8.571428571428570953e-01
9.062500000000000000e-01
8.333333333333333703e-01
8.399999999999999689e-01
4.166666666666666852e-01
1.172413793103448176e+00
1.217391304347826164e+00
7.692307692307692735e-01
1.208333333333333259e+00
1.032258064516129004e+00
9.047619047619047672e-01
1.107142857142857206e+00
6.956521739130434590e-01
1.148148148148148140e+00
5.454545454545454142e-01
1.000000000000000000e+00
7.142857142857143016e-01
1.040000000000000036e+00
8.750000000000000000e-01
8.000000000000000444e-01
4.666666666666666741e-01
9.615384615384615641e-01
1.066666666666666652e+00
1.000000000000000000e+00
2.777777777777777901e-01
6.666666666666666297e-01
1.000000000000000000e+00
5.333333333333333259e-01
1.071428571428571397e+00
2.222222222222222099e-01
5.999999999999999778e-01
1.250000000000000000e+00
3.636363636363636465e-01
1.125000000000000000e+00
5.999999999999999778e-01
1.750000000000000000e+00
1.833333333333333259e+00
1.111111111111111160e+00
1.000000000000000000e+00
2.333333333333333481e+00
1.000000000000000000e+00
6.666666666666666297e-01
0.000000000000000000e+00
1.199999999999999956e+00
1.142857142857142794e+00
8.750000000000000000e-01
4.000000000000000222e-01
1.222222222222222321e+00
4.000000000000000222e-01
1.199999999999999956e+00
1.000000000000000000e+00
1.375000000000000000e+00
2.000000000000000000e+00
1.000000000000000000e+00
6.923076923076922906e-01
5.000000000000000000e-01
1.250000000000000000e-01
1.000000000000000000e+00
0.000000000000000000e+00
8.750000000000000000e-01
1.125000000000000000e+00
0.000000000000000000e+00
0.000000000000000000e+00
2.857142857142856984e-01
1.000000000000000000e+00
0.000000000000000000e+00
0.000000000000000000e+00
7.500000000000000000e-01
0.000000000000000000e+00
2.000000000000000000e+00
2.500000000000000000e+00
nan
1.000000000000000000e+00
nan
1.000000000000000000e+00
1.333333333333333259e+00
1.500000000000000000e+00
0.000000000000000000e+00
0.000000000000000000e+00
2.000000000000000000e+00
1.333333333333333259e+00
0.000000000000000000e+00
1.000000000000000000e+00
0.000000000000000000e+00
5.500000000000000000e+00
0.000000000000000000e+00
1.500000000000000000e+00
1.666666666666666741e+00
2.000000000000000000e+00
5.000000000000000000e-01
1.000000000000000000e+00
6.666666666666666297e-01
6.666666666666666297e-01
0.000000000000000000e+00
1.000000000000000000e+00
0.000000000000000000e+00
3.333333333333333148e-01
1.000000000000000000e+00
1.000000000000000000e+00
1.000000000000000000e+00
0.000000000000000000e+00
1.000000000000000000e+00
nan
nan
nan
0.000000000000000000e+00
5.000000000000000000e-01
0.000000000000000000e+00
0.000000000000000000e+00
nan
nan
nan
nan
nan
nan
nan
nan
nan
nan
nan
nan
nan
nan
nan
nan
nan
nan
nan
nan
