1.915422885572139355e+00
1.090909090909090828e+00
1.014492753623188470e+00
1.115942028985507317e+00
8.656716417910447214e-01
1.121212121212121104e+00
9.156626506024095891e-01
9.220779220779220520e-01
7.647058823529411242e-01
9.206349206349205838e-01
6.883116883116883189e-01
1.050000000000000044e+00
1.220338983050847537e+00
9.861111111111111605e-01
9.740259740259740173e-01
7.205882352941176405e-01
9.666666666666666741e-01
8.281250000000000000e-01
5.925925925925925597e-01
7.800000000000000266e-01
8.499999999999999778e-01
7.254901960784313486e-01
6.140350877192982670e-01
7.380952380952381375e-01
8.571428571428570953e-01
1.250000000000000000e+00
9.142857142857142572e-01
6.829268292682927344e-01
1.166666666666666741e+00
8.285714285714286254e-01
4.687500000000000000e-01
1.000000000000000000e+00
5.714285714285713969e-01
1.222222222222222321e+00
2.500000000000000000e-01
1.043478260869565188e+00
1.100000000000000089e+00
8.000000000000000444e-01
9.047619047619047672e-01
6.315789473684210176e-01
7.647058823529411242e-01
5.454545454545454142e-01
1.230769230769230838e+00
1.176470588235294157e+00
1.000000000000000000e+00
1.315789473684210620e+00
6.153846153846154188e-01
3.684210526315789269e-01
9.565217391304348116e-01
1.545454545454545414e+00
9.285714285714286031e-01
1.133333333333333304e+00
1.333333333333333259e+00
1.142857142857142794e+00
5.238095238095238360e-01
1.142857142857142794e+00
7.500000000000000000e-01
1.388888888888888840e+00
1.047619047619047672e+00
8.750000000000000000e-01
4.615384615384615641e-01
1.785714285714285809e+00
9.000000000000000222e-01
6.800000000000000488e-01
7.916666666666666297e-01
4.615384615384615641e-01
7.826086956521739468e-01
1.416666666666666741e+00
1.222222222222222321e+00
1.000000000000000000e+00
8.421052631578946901e-01
9.333333333333333481e-01
8.571428571428570953e-01
1.000000000000000000e+00
1.076923076923076872e+00
1.500000000000000000e+00
6.666666666666666297e-01
1.142857142857142794e+00
9.000000000000000222e-01
7.500000000000000000e-01
4.375000000000000000e-01
1.750000000000000000e+00
9.090909090909090606e-01
4.166666666666666852e-01
5.714285714285713969e-01
8.888888888888888395e-01
5.000000000000000000e-01
1.230769230769230838e+00
1.000000000000000000e+00
1.000000000000000000e+00
1.000000000000000000e+00
9.000000000000000222e-01
1.666666666666666741e+00
1.142857142857142794e+00
1.111111111111111160e+00
1.090909090909090828e+00
5.384615384615384359e-01
8.000000000000000444e-01
1.833333333333333259e+00
5.454545454545454142e-01
2.000000000000000000e+00
1.428571428571428492e-01
1.166666666666666741e+00
1.399999999999999911e+00
6.250000000000000000e-01
8.333333333333333703e-01
5.000000000000000000e-01
0.000000000000000000e+00
1.142857142857142794e+00
8.000000000000000444e-01
1.625000000000000000e+00
1.250000000000000000e+00
1.250000000000000000e+00
0.000000000000000000e+00
1.333333333333333259e+00
7.500000000000000000e-01
4.000000000000000222e-01
1.571428571428571397e+00
1.000000000000000000e+00
8.333333333333333703e-01
2.000000000000000000e+00
1.666666666666666574e-01
0.000000000000000000e+00
5.555555555555555802e-01
2.166666666666666519e+00
0.000000000000000000e+00
1.000000000000000000e+00
7.500000000000000000e-01
0.000000000000000000e+00
1.000000000000000000e+00
1.000000000000000000e+00
8.571428571428570953e-01
2.000000000000000000e+00
1.399999999999999911e+00
0.000000000000000000e+00
0.000000000000000000e+00
6.666666666666666297e-01
6.666666666666666297e-01
2.000000000000000000e+00
1.000000000000000000e+00
2.000000000000000000e+00
3.333333333333333148e-01
2.666666666666666519e+00
1.571428571428571397e+00
0.000000000000000000e+00
5.000000000000000000e-01
5.555555555555555802e-01
3.333333333333333148e-01
0.000000000000000000e+00
0.000000000000000000e+00
2.000000000000000000e+00
0.000000000000000000e+00
1.333333333333333259e+00
nan
nan
1.500000000000000000e+00
0.000000000000000000e+00
nan
0.000000000000000000e+00
1.000000000000000000e+00
2.000000000000000000e+00
nan
2.000000000000000000e+00
5.000000000000000000e-01
7.500000000000000000e-01
7.500000000000000000e-01
6.666666666666666297e-01
nan
0.000000000000000000e+00
2.500000000000000000e+00
1.000000000000000000e+00
2.500000000000000000e-01
2.000000000000000000e+00
3.000000000000000000e+00
nan
0.000000000000000000e+00
0.000000000000000000e+00
2.000000000000000111e-01
2.333333333333333481e+00
1.500000000000000000e+00
1.000000000000000000e+00
1.000000000000000000e+00
6.666666666666666297e-01
0.000000000000000000e+00
5.000000000000000000e-01
nan
0.000000000000000000e+00
0.000000000000000000e+00
2.500000000000000000e-01
nan
nan
0.000000000000000000e+00
nan
nan
nan
nan
nan
nan
nan
nan
