2.437788018433179715e+00
1.285714285714285809e+00
8.947368421052631637e-01
1.094827586206896575e+00
1.079207920792079278e+00
9.799999999999999822e-01
1.043103448275862100e+00
9.454545454545454364e-01
9.333333333333333481e-01
9.152542372881355970e-01
9.754098360655737432e-01
9.099099099099099419e-01
1.247933884297520724e+00
9.908256880733945504e-01
8.712871287128712838e-01
9.430894308943089666e-01
1.149122807017543879e+00
9.126984126984126755e-01
9.255319148936169693e-01
9.285714285714286031e-01
1.057142857142857162e+00
8.807339449541284893e-01
8.921568627450980893e-01
1.252427184466019527e+00
9.090909090909090606e-01
1.019801980198019820e+00
9.906542056074766345e-01
1.078431372549019551e+00
8.514851485148514643e-01
8.867924528301887044e-01
1.188118811881188064e+00
1.125000000000000000e+00
1.100000000000000089e+00
1.288659793814433074e+00
1.410256410256410353e+00
1.025641025641025550e+00
9.369369369369369149e-01
1.264285714285714235e+00
9.448818897637795144e-01
1.131782945736434121e+00
1.021428571428571352e+00
1.419999999999999929e+00
1.105960264900662349e+00
1.100000000000000089e+00
9.807692307692307265e-01
1.104294478527607426e+00
1.113924050632911333e+00
1.012345679012345734e+00
1.132183908045977017e+00
9.293478260869565410e-01
1.072815533980582492e+00
1.169999999999999929e+00
1.022099447513812098e+00
1.075581395348837122e+00
1.116402116402116507e+00
9.648241206030150341e-01
8.222222222222221877e-01
1.090425531914893664e+00
1.079069767441860561e+00
1.190243902439024337e+00
1.004878048780487809e+00
8.695652173913043237e-01
1.057971014492753659e+00
1.111111111111111160e+00
1.320346320346320379e+00
9.513513513513514042e-01
1.149122807017543879e+00
1.137795275590551158e+00
1.227074235807860347e+00
1.117647058823529438e+00
1.046931407942238268e+00
1.033210332103321027e+00
1.028112449799196693e+00
9.418604651162790775e-01
1.166666666666666741e+00
1.003731343283582156e+00
9.105058365758754713e-01
1.177536231884057871e+00
1.003676470588235281e+00
1.049645390070921946e+00
9.068100358422939156e-01
1.018867924528301883e+00
1.003436426116838476e+00
1.064724919093851030e+00
9.762711864406780071e-01
1.048951048951048959e+00
1.139465875370919923e+00
1.192982456140350811e+00
1.173913043478260976e+00
9.627118644067796938e-01
1.021341463414634054e+00
1.008333333333333304e+00
1.016304347826086918e+00
1.132716049382715973e+00
1.056213017751479244e+00
1.035087719298245723e+00
9.817073170731707155e-01
1.022284122562674202e+00
1.109890109890109944e+00
1.012853470437018011e+00
1.064417177914110502e+00
1.293209876543209846e+00
1.007915567282321900e+00
1.075520833333333259e+00
1.024691358024691468e+00
1.090243902439024470e+00
1.120567375886524886e+00
1.140096618357487879e+00
1.067961165048543659e+00
1.219277108433735046e+00
1.222727272727272663e+00
1.295805739514348742e+00
1.158562367864693465e+00
1.126016260162601590e+00
1.328820116054158618e+00
1.243396226415094397e+00
1.071082390953150165e+00
1.319327731092436951e+00
1.310015898251192468e+00
1.239999999999999991e+00
1.341500765696784114e+00
1.247945205479451980e+00
1.283621837549933531e+00
1.301204819277108404e+00
1.199541284403669694e+00
1.350593311758360393e+00
1.326612903225806495e+00
1.320939334637964757e+00
1.253080568720379206e+00
1.430069930069929995e+00
1.295652173913043548e+00
1.309985096870342813e+00
1.312022237665045221e+00
1.363755745239658479e+00
1.390423572744014624e+00
1.387361029842012927e+00
1.278918918918918957e+00
1.401012658227848151e+00
1.353795688847235335e+00
1.369205298013244976e+00
1.346353128736548443e+00
1.410246959085882823e+00
1.314324974235657750e+00
1.379444085326438252e+00
1.367376714327400045e+00
1.328082563824008799e+00
1.335708630245447281e+00
1.413584723229393214e+00
1.356237030205210914e+00
1.349588477366255201e+00
1.341592920353982255e+00
1.350880377563986157e+00
1.381450368592491040e+00
1.390060722275487270e+00
1.340889402252382290e+00
1.358828315703824341e+00
1.364800401707255917e+00
1.352631578947368407e+00
1.364581030289630847e+00
1.339362354383813569e+00
1.375180792594735246e+00
1.369879835102183918e+00
1.358970154148901210e+00
1.359028593811202557e+00
1.345976604041120073e+00
1.353102985575310280e+00
1.338676985443154610e+00
1.367622259696458675e+00
1.336114550250309563e+00
1.358129917288682709e+00
1.344177761110069369e+00
1.354823325384782118e+00
1.320787376217695819e+00
1.333270005319553198e+00
1.327260530311054509e+00
1.335582067727892008e+00
1.330926968914335484e+00
1.319258615696495829e+00
1.323017668605903863e+00
1.305248689100442894e+00
1.315487434542454759e+00
1.286171845459196161e+00
1.292001506780512399e+00
1.284653024029794643e+00
1.262187430437040847e+00
1.266207606438674693e+00
1.268316601289807943e+00
1.248019154734338221e+00
1.225970899038390183e+00
1.219121323632686327e+00
1.185135353317905427e+00
1.147004862527744695e+00
1.075684262863656704e+00
9.844873162361452712e-01
8.520742236920959556e-01
6.765984326153055006e-01
4.646259613619209139e-01
2.450541118080926395e-01
7.895214355977041298e-02
0.000000000000000000e+00
