1.937500000000000000e+00
9.354838709677418818e-01
1.250000000000000000e+00
1.012048192771084265e+00
1.041095890410958846e+00
4.714285714285714191e-01
8.970588235294117974e-01
1.250000000000000000e+00
8.461538461538461453e-01
9.710144927536231707e-01
9.344262295081967595e-01
8.800000000000000044e-01
9.811320754716981174e-01
8.593750000000000000e-01
8.983050847457627608e-01
8.769230769230769162e-01
1.255319148936170137e+00
7.500000000000000000e-01
1.254545454545454630e+00
1.155172413793103425e+00
1.116666666666666696e+00
1.126984126984126977e+00
9.615384615384615641e-01
1.128571428571428559e+00
7.843137254901960675e-01
9.264705882352941568e-01
9.019607843137255054e-01
6.346153846153845812e-01
1.000000000000000000e+00
7.777777777777777901e-01
1.000000000000000000e+00
1.071428571428571397e+00
8.269230769230768718e-01
6.885245901639344135e-01
7.547169811320755262e-01
9.166666666666666297e-01
1.204545454545454586e+00
1.172413793103448176e+00
8.518518518518518601e-01
9.756097560975609539e-01
1.042553191489361764e+00
8.536585365853658347e-01
1.023809523809523725e+00
9.200000000000000400e-01
1.055555555555555580e+00
8.157894736842105088e-01
1.000000000000000000e+00
1.219512195121951192e+00
9.512195121951219079e-01
9.534883720930232842e-01
1.176470588235294157e+00
4.722222222222222099e-01
1.058823529411764719e+00
1.097560975609756184e+00
9.361702127659574657e-01
9.393939393939394478e-01
1.225806451612903247e+00
7.843137254901960675e-01
1.172413793103448176e+00
8.723404255319149314e-01
7.105263157894736725e-01
1.093750000000000000e+00
1.046511627906976827e+00
9.696969696969697239e-01
9.722222222222222099e-01
6.896551724137931494e-01
1.000000000000000000e+00
5.999999999999999778e-01
9.545454545454545858e-01
1.454545454545454586e+00
1.103448275862068950e+00
1.260869565217391353e+00
9.459459459459459429e-01
8.437500000000000000e-01
1.023255813953488413e+00
9.743589743589743390e-01
1.199999999999999956e+00
7.714285714285714635e-01
1.100000000000000089e+00
6.999999999999999556e-01
1.357142857142857206e+00
1.631578947368421018e+00
9.696969696969697239e-01
1.064516129032258007e+00
6.666666666666666297e-01
1.489361702127659504e+00
8.000000000000000444e-01
8.157894736842105088e-01
1.095238095238095344e+00
1.175000000000000044e+00
1.021276595744680771e+00
1.428571428571428603e+00
8.800000000000000044e-01
1.325581395348837122e+00
9.574468085106383475e-01
1.096774193548387011e+00
1.125000000000000000e+00
1.133333333333333304e+00
8.367346938775510612e-01
1.116279069767441845e+00
1.211538461538461453e+00
8.775510204081632404e-01
1.000000000000000000e+00
1.214285714285714191e+00
1.000000000000000000e+00
9.259259259259259300e-01
1.244897959183673519e+00
9.499999999999999556e-01
1.000000000000000000e+00
9.062500000000000000e-01
1.238095238095238138e+00
1.031250000000000000e+00
1.161764705882353033e+00
8.450704225352112520e-01
1.120000000000000107e+00
9.230769230769231282e-01
1.015151515151515138e+00
9.705882352941176405e-01
9.791666666666666297e-01
9.531250000000000000e-01
1.037037037037036979e+00
1.076923076923076872e+00
1.095238095238095344e+00
6.349206349206348854e-01
6.984126984126983739e-01
1.206896551724137900e+00
4.576271186440677985e-01
1.018518518518518601e+00
8.260869565217391353e-01
1.093023255813953432e+00
1.102040816326530503e+00
1.230769230769230838e+00
7.692307692307692735e-01
1.217391304347826164e+00
1.267857142857142794e+00
8.604651162790697416e-01
1.052631578947368363e+00
8.571428571428570953e-01
1.438596491228070207e+00
1.123076923076923084e+00
1.121621621621621712e+00
1.040816326530612290e+00
1.192982456140350811e+00
9.076923076923076872e-01
1.389610389610389518e+00
7.971014492753623060e-01
9.852941176470588758e-01
9.354838709677418818e-01
7.088607594936708889e-01
1.188405797101449224e+00
5.901639344262294973e-01
8.596491228070175517e-01
8.358208955223880299e-01
9.242424242424241987e-01
1.175438596491228171e+00
8.181818181818182323e-01
5.652173913043477826e-01
7.307692307692307265e-01
1.175438596491228171e+00
1.063829787234042534e+00
1.065217391304347894e+00
9.622641509433962348e-01
6.981132075471697673e-01
7.659574468085106336e-01
9.069767441860464574e-01
6.938775510204081565e-01
5.142857142857142350e-01
7.948717948717948234e-01
1.038461538461538547e+00
4.230769230769230727e-01
5.862068965517240882e-01
6.857142857142857206e-01
1.043478260869565188e+00
8.421052631578946901e-01
7.222222222222222099e-01
1.300000000000000044e+00
1.074074074074074181e+00
8.846153846153845812e-01
8.947368421052631637e-01
4.285714285714285476e-01
1.235294117647058876e+00
1.050000000000000044e+00
8.750000000000000000e-01
9.375000000000000000e-01
7.368421052631578538e-01
5.999999999999999778e-01
1.142857142857142794e+00
7.619047619047618625e-01
5.454545454545454142e-01
1.055555555555555580e+00
6.315789473684210176e-01
1.000000000000000000e+00
5.500000000000000444e-01
5.000000000000000000e-01
8.571428571428570953e-01
1.142857142857142794e+00
2.999999999999999889e-01
4.545454545454545303e-01
0.000000000000000000e+00
0.000000000000000000e+00
