2.029556650246305605e+00
1.252873563218390718e+00
1.102040816326530503e+00
8.499999999999999778e-01
1.000000000000000000e+00
8.415841584158415545e-01
9.047619047619047672e-01
7.631578947368421462e-01
9.726027397260273988e-01
8.857142857142856762e-01
8.852459016393442459e-01
8.860759493670885556e-01
8.399999999999999689e-01
1.113924050632911333e+00
1.070422535211267512e+00
7.605633802816901268e-01
7.258064516129032473e-01
7.500000000000000000e-01
1.173913043478260976e+00
1.018518518518518601e+00
7.424242424242424310e-01
1.235294117647058876e+00
6.296296296296296502e-01
7.777777777777777901e-01
4.375000000000000000e-01
1.057692307692307709e+00
4.523809523809523836e-01
9.523809523809523281e-01
1.238095238095238138e+00
1.081081081081081141e+00
7.142857142857143016e-01
1.057142857142857162e+00
1.103448275862068950e+00
1.083333333333333259e+00
1.054054054054053946e+00
8.717948717948718063e-01
9.361702127659574657e-01
6.176470588235294379e-01
8.888888888888888395e-01
1.064516129032258007e+00
4.000000000000000222e-01
1.121212121212121104e+00
5.405405405405405705e-01
8.695652173913043237e-01
8.695652173913043237e-01
9.285714285714286031e-01
1.000000000000000000e+00
7.894736842105263275e-01
1.478260869565217295e+00
8.157894736842105088e-01
6.500000000000000222e-01
1.041666666666666741e+00
1.321428571428571397e+00
7.500000000000000000e-01
1.291666666666666741e+00
7.727272727272727071e-01
8.095238095238095344e-01
9.473684210526315264e-01
5.000000000000000000e-01
1.647058823529411686e+00
1.125000000000000000e+00
1.062500000000000000e+00
7.894736842105263275e-01
1.153846153846153744e+00
1.466666666666666563e+00
9.047619047619047672e-01
1.315789473684210620e+00
1.086956521739130377e+00
1.481481481481481399e+00
8.620689655172413257e-01
9.677419354838709964e-01
7.500000000000000000e-01
8.846153846153845812e-01
5.416666666666666297e-01
9.130434782608695121e-01
5.555555555555555802e-01
1.142857142857142794e+00
1.100000000000000089e+00
4.444444444444444198e-01
8.181818181818182323e-01
5.000000000000000000e-01
7.222222222222222099e-01
1.000000000000000000e+00
5.333333333333333259e-01
1.166666666666666741e+00
1.333333333333333259e+00
6.923076923076922906e-01
8.333333333333333703e-01
1.500000000000000000e+00
1.000000000000000000e+00
1.923076923076923128e+00
2.636363636363636243e+00
5.999999999999999778e-01
1.250000000000000000e+00
8.518518518518518601e-01
1.307692307692307709e+00
1.000000000000000000e+00
1.380952380952380931e+00
1.000000000000000000e+00
9.523809523809523281e-01
1.086956521739130377e+00
1.000000000000000000e+00
9.499999999999999556e-01
7.777777777777777901e-01
5.882352941176470784e-01
1.052631578947368363e+00
7.333333333333332815e-01
7.368421052631578538e-01
1.600000000000000089e+00
1.411764705882353033e+00
8.666666666666666963e-01
7.777777777777777901e-01
3.571428571428571508e-01
8.750000000000000000e-01
1.277777777777777679e+00
7.647058823529411242e-01
1.250000000000000000e+00
8.666666666666666963e-01
1.176470588235294157e+00
8.888888888888888395e-01
1.363636363636363535e+00
6.315789473684210176e-01
1.857142857142857206e+00
1.000000000000000000e+00
1.346153846153846256e+00
5.882352941176470784e-01
1.066666666666666652e+00
8.823529411764705621e-01
8.421052631578946901e-01
2.222222222222222099e-01
6.500000000000000222e-01
1.363636363636363535e+00
1.199999999999999956e+00
8.750000000000000000e-01
6.250000000000000000e-01
1.125000000000000000e+00
8.461538461538461453e-01
1.277777777777777679e+00
1.000000000000000000e+00
7.500000000000000000e-01
1.833333333333333259e+00
5.882352941176470784e-01
6.666666666666666297e-01
1.647058823529411686e+00
7.647058823529411242e-01
7.368421052631578538e-01
1.125000000000000000e+00
1.238095238095238138e+00
8.333333333333333703e-01
8.750000000000000000e-01
1.153846153846153744e+00
9.047619047619047672e-01
9.047619047619047672e-01
1.000000000000000000e+00
6.956521739130434590e-01
1.117647058823529438e+00
1.384615384615384581e+00
1.000000000000000000e+00
1.363636363636363535e+00
1.428571428571428603e+00
8.421052631578946901e-01
3.076923076923077094e-01
1.136363636363636465e+00
4.285714285714285476e-01
8.571428571428570953e-01
1.312500000000000000e+00
8.000000000000000444e-01
5.333333333333333259e-01
1.578947368421052655e+00
8.333333333333333703e-01
8.333333333333333703e-01
9.375000000000000000e-01
2.222222222222222099e-01
4.285714285714285476e-01
1.428571428571428603e+00
1.375000000000000000e+00
4.285714285714285476e-01
3.636363636363636465e-01
1.428571428571428603e+00
1.800000000000000044e+00
5.714285714285713969e-01
9.000000000000000222e-01
1.090909090909090828e+00
4.000000000000000222e-01
3.750000000000000000e-01
1.857142857142857206e+00
8.333333333333333703e-01
3.333333333333333148e-01
8.571428571428570953e-01
1.250000000000000000e+00
1.000000000000000000e+00
5.000000000000000000e-01
5.000000000000000000e-01
1.166666666666666741e+00
1.250000000000000000e+00
3.333333333333333148e-01
1.000000000000000000e+00
0.000000000000000000e+00
0.000000000000000000e+00
0.000000000000000000e+00
