2.014492753623188470e+00
1.242857142857142883e+00
1.044943820224719211e+00
9.692307692307692291e-01
9.480519480519480346e-01
8.874999999999999556e-01
9.240506329113924444e-01
1.010526315789473717e+00
8.045977011494253039e-01
8.507462686567164312e-01
4.637681159420289911e-01
9.843750000000000000e-01
6.388888888888888395e-01
8.421052631578946901e-01
8.939393939393939226e-01
7.205882352941176405e-01
7.619047619047618625e-01
8.048780487804878536e-01
9.565217391304348116e-01
1.000000000000000000e+00
9.459459459459459429e-01
7.777777777777777901e-01
9.827586206896551380e-01
8.333333333333333703e-01
8.863636363636363535e-01
1.161290322580645240e+00
5.000000000000000000e-01
9.117647058823529216e-01
1.142857142857142794e+00
9.090909090909090606e-01
7.407407407407406996e-01
7.500000000000000000e-01
1.000000000000000000e+00
8.846153846153845812e-01
6.363636363636363535e-01
3.333333333333333148e-01
1.258064516129032251e+00
9.230769230769231282e-01
7.916666666666666297e-01
6.999999999999999556e-01
3.125000000000000000e-01
1.105263157894736947e+00
7.307692307692307265e-01
7.777777777777777901e-01
1.357142857142857206e+00
7.857142857142856984e-01
6.666666666666666297e-01
1.117647058823529438e+00
1.105263157894736947e+00
1.285714285714285809e+00
7.368421052631578538e-01
6.428571428571429047e-01
9.444444444444444198e-01
1.416666666666666741e+00
8.333333333333333703e-01
3.333333333333333148e-01
9.375000000000000000e-01
1.800000000000000044e+00
5.384615384615384359e-01
7.692307692307692735e-01
5.000000000000000000e-01
1.333333333333333259e+00
5.000000000000000000e-01
2.000000000000000000e+00
5.454545454545454142e-01
6.363636363636363535e-01
2.000000000000000000e+00
5.454545454545454142e-01
2.857142857142856984e-01
1.714285714285714191e+00
1.666666666666666741e+00
2.500000000000000000e-01
1.454545454545454586e+00
1.000000000000000000e+00
1.416666666666666741e+00
9.473684210526315264e-01
4.166666666666666852e-01
9.166666666666666297e-01
9.411764705882352811e-01
1.066666666666666652e+00
8.181818181818182323e-01
1.125000000000000000e+00
1.470588235294117752e+00
1.238095238095238138e+00
1.266666666666666607e+00
3.846153846153846367e-01
6.875000000000000000e-01
5.714285714285713969e-01
8.125000000000000000e-01
6.153846153846154188e-01
7.272727272727272929e-01
1.090909090909090828e+00
6.428571428571429047e-01
4.285714285714285476e-01
4.615384615384615641e-01
1.250000000000000000e-01
1.555555555555555580e+00
0.000000000000000000e+00
1.800000000000000044e+00
5.000000000000000000e-01
1.199999999999999956e+00
1.000000000000000000e+00
1.285714285714285809e+00
4.000000000000000222e-01
0.000000000000000000e+00
0.000000000000000000e+00
2.000000000000000000e+00
3.333333333333333481e+00
1.250000000000000000e-01
1.399999999999999911e+00
3.000000000000000000e+00
5.000000000000000000e-01
0.000000000000000000e+00
3.750000000000000000e-01
5.000000000000000000e-01
1.333333333333333259e+00
1.666666666666666741e+00
6.666666666666666297e-01
5.000000000000000000e-01
2.500000000000000000e-01
2.500000000000000000e+00
1.000000000000000000e+00
0.000000000000000000e+00
1.000000000000000000e+00
0.000000000000000000e+00
5.000000000000000000e-01
0.000000000000000000e+00
1.500000000000000000e+00
1.000000000000000000e+00
0.000000000000000000e+00
3.000000000000000000e+00
1.000000000000000000e+00
3.333333333333333148e-01
0.000000000000000000e+00
1.000000000000000000e+00
7.500000000000000000e-01
4.000000000000000000e+00
2.000000000000000000e+00
1.666666666666666741e+00
3.500000000000000000e+00
1.000000000000000000e+00
1.199999999999999956e+00
0.000000000000000000e+00
7.500000000000000000e-01
2.000000000000000000e+00
4.000000000000000222e-01
1.000000000000000000e+00
0.000000000000000000e+00
2.000000000000000000e+00
1.000000000000000000e+00
5.000000000000000000e-01
1.800000000000000044e+00
5.000000000000000000e+00
8.000000000000000444e-01
1.666666666666666741e+00
0.000000000000000000e+00
5.000000000000000000e-01
8.000000000000000444e-01
5.000000000000000000e-01
2.500000000000000000e+00
1.000000000000000000e+00
0.000000000000000000e+00
4.000000000000000000e+00
0.000000000000000000e+00
1.000000000000000000e+00
3.333333333333333148e-01
0.000000000000000000e+00
4.500000000000000000e+00
0.000000000000000000e+00
6.666666666666666297e-01
1.000000000000000000e+00
0.000000000000000000e+00
5.000000000000000000e-01
2.000000000000000000e+00
5.000000000000000000e-01
3.000000000000000000e+00
0.000000000000000000e+00
5.000000000000000000e-01
5.000000000000000000e-01
0.000000000000000000e+00
nan
nan
nan
nan
0.000000000000000000e+00
nan
nan
nan
nan
nan
nan
nan
nan
nan
nan
nan
nan
nan
nan
nan
