1.873786407766990347e+00
9.861111111111111605e-01
8.260869565217391353e-01
9.677419354838709964e-01
7.076923076923077316e-01
8.591549295774647543e-01
9.350649350649350433e-01
6.326530612244898322e-01
1.250000000000000000e+00
1.095238095238095344e+00
8.309859154929577496e-01
8.913043478260869179e-01
1.230769230769230838e+00
1.166666666666666741e+00
5.492957746478873693e-01
7.346938775510204467e-01
1.074074074074074181e+00
9.782608695652174058e-01
8.958333333333333703e-01
8.979591836734693855e-01
1.267605633802816989e+00
8.484848484848485084e-01
1.114285714285714324e+00
1.000000000000000000e+00
1.127272727272727204e+00
1.133333333333333304e+00
7.399999999999999911e-01
8.448275862068965747e-01
1.125000000000000000e+00
6.935483870967742437e-01
9.130434782608695121e-01
1.135135135135135087e+00
1.209677419354838745e+00
1.000000000000000000e+00
8.888888888888888395e-01
9.047619047619047672e-01
9.375000000000000000e-01
1.183673469387755084e+00
6.923076923076922906e-01
1.078431372549019551e+00
9.642857142857143016e-01
9.318181818181817677e-01
8.367346938775510612e-01
1.020408163265306145e+00
1.199999999999999956e+00
7.674418604651163101e-01
4.545454545454545303e-01
9.767441860465115866e-01
1.054054054054053946e+00
1.028571428571428470e+00
8.888888888888888395e-01
5.952380952380952328e-01
6.363636363636363535e-01
7.812500000000000000e-01
7.647058823529411242e-01
7.317073170731707155e-01
1.148148148148148140e+00
9.428571428571428381e-01
6.875000000000000000e-01
1.037037037037036979e+00
9.375000000000000000e-01
1.111111111111111160e+00
1.133333333333333304e+00
1.045454545454545414e+00
8.750000000000000000e-01
1.000000000000000000e+00
1.000000000000000000e+00
7.692307692307692735e-01
8.800000000000000044e-01
8.518518518518518601e-01
1.047619047619047672e+00
3.157894736842105088e-01
1.421052631578947345e+00
1.000000000000000000e+00
8.235294117647058432e-01
5.882352941176470784e-01
1.380952380952380931e+00
4.117647058823529216e-01
8.636363636363636465e-01
1.428571428571428603e+00
1.000000000000000000e+00
1.357142857142857206e+00
4.615384615384615641e-01
1.437500000000000000e+00
1.421052631578947345e+00
1.428571428571428603e+00
4.642857142857143016e-01
1.000000000000000000e+00
7.500000000000000000e-01
5.833333333333333703e-01
1.684210526315789380e+00
1.272727272727272707e+00
5.384615384615384359e-01
9.545454545454545858e-01
6.428571428571429047e-01
5.263157894736841813e-01
1.000000000000000000e+00
2.000000000000000000e+00
4.375000000000000000e-01
6.470588235294117974e-01
7.272727272727272929e-01
8.571428571428570953e-01
5.454545454545454142e-01
2.500000000000000000e-01
1.428571428571428603e+00
6.666666666666666297e-01
5.000000000000000000e-01
1.083333333333333259e+00
0.000000000000000000e+00
1.000000000000000000e+00
2.000000000000000000e+00
2.500000000000000000e-01
2.000000000000000111e-01
7.500000000000000000e-01
1.000000000000000000e+00
0.000000000000000000e+00
6.666666666666666297e-01
nan
0.000000000000000000e+00
0.000000000000000000e+00
nan
0.000000000000000000e+00
nan
nan
nan
nan
nan
nan
nan
nan
nan
nan
nan
nan
nan
nan
nan
nan
nan
nan
nan
nan
nan
nan
nan
nan
nan
nan
nan
nan
nan
nan
nan
nan
nan
nan
nan
nan
nan
nan
nan
nan
nan
nan
nan
nan
nan
nan
nan
nan
nan
nan
nan
nan
nan
nan
nan
nan
nan
nan
nan
nan
nan
nan
nan
nan
nan
nan
nan
nan
nan
nan
nan
nan
nan
nan
nan
nan
nan
nan
