1.897560975609756007e+00
1.189189189189189255e+00
7.777777777777777901e-01
1.196721311475409832e+00
1.084507042253521236e+00
9.871794871794872250e-01
1.197368421052631637e+00
1.323529411764705843e+00
1.044117647058823595e+00
8.955223880597015240e-01
8.888888888888888395e-01
6.103896103896103709e-01
9.761904761904761640e-01
7.804878048780488076e-01
1.050847457627118731e+00
9.175257731958762486e-01
6.727272727272727293e-01
7.627118644067796271e-01
1.000000000000000000e+00
7.192982456140351033e-01
8.985507246376811530e-01
8.833333333333333037e-01
3.095238095238095344e-01
8.260869565217391353e-01
4.615384615384615641e-01
1.022222222222222143e+00
6.551724137931034253e-01
9.210526315789473450e-01
8.787878787878787845e-01
7.105263157894736725e-01
1.307692307692307709e+00
6.129032258064516236e-01
8.333333333333333703e-01
1.241379310344827624e+00
1.166666666666666741e+00
5.172413793103448620e-01
1.066666666666666652e+00
1.151515151515151603e+00
1.421052631578947345e+00
9.615384615384615641e-01
7.647058823529411242e-01
1.000000000000000000e+00
4.736842105263157632e-01
1.166666666666666741e+00
1.407407407407407440e+00
8.965517241379310498e-01
9.032258064516128782e-01
5.000000000000000000e-01
5.769230769230768718e-01
1.157894736842105310e+00
1.100000000000000089e+00
5.769230769230768718e-01
1.562500000000000000e+00
8.125000000000000000e-01
1.000000000000000000e+00
1.000000000000000000e+00
8.636363636363636465e-01
1.272727272727272707e+00
1.230769230769230838e+00
8.947368421052631637e-01
8.571428571428570953e-01
5.789473684210526550e-01
5.652173913043477826e-01
1.142857142857142794e+00
7.142857142857143016e-01
1.727272727272727293e+00
1.000000000000000000e+00
1.250000000000000000e-01
1.199999999999999956e+00
1.333333333333333315e-01
7.142857142857143016e-01
7.894736842105263275e-01
9.230769230769231282e-01
1.500000000000000000e+00
2.500000000000000000e-01
6.363636363636363535e-01
1.000000000000000000e+00
7.142857142857143016e-01
1.333333333333333259e+00
1.363636363636363535e+00
7.142857142857143016e-01
8.888888888888888395e-01
8.333333333333333703e-01
1.399999999999999911e+00
3.333333333333333148e-01
8.333333333333333703e-01
1.000000000000000000e+00
2.000000000000000000e+00
1.300000000000000044e+00
6.666666666666666297e-01
1.000000000000000000e+00
4.285714285714285476e-01
4.285714285714285476e-01
5.999999999999999778e-01
2.500000000000000000e-01
3.333333333333333148e-01
1.399999999999999911e+00
1.375000000000000000e+00
1.333333333333333259e+00
5.714285714285713969e-01
3.750000000000000000e-01
1.500000000000000000e+00
0.000000000000000000e+00
4.000000000000000222e-01
0.000000000000000000e+00
2.750000000000000000e+00
0.000000000000000000e+00
1.500000000000000000e+00
0.000000000000000000e+00
1.500000000000000000e+00
0.000000000000000000e+00
1.750000000000000000e+00
2.000000000000000000e+00
nan
1.333333333333333259e+00
1.875000000000000000e+00
2.000000000000000111e-01
1.000000000000000000e+00
5.000000000000000000e-01
1.500000000000000000e+00
nan
0.000000000000000000e+00
1.166666666666666741e+00
1.000000000000000000e+00
0.000000000000000000e+00
1.333333333333333259e+00
1.500000000000000000e+00
0.000000000000000000e+00
0.000000000000000000e+00
5.000000000000000000e-01
7.500000000000000000e-01
nan
4.000000000000000000e+00
1.000000000000000000e+00
0.000000000000000000e+00
0.000000000000000000e+00
1.399999999999999911e+00
0.000000000000000000e+00
1.000000000000000000e+00
6.666666666666666297e-01
nan
6.666666666666666297e-01
2.500000000000000000e+00
nan
0.000000000000000000e+00
0.000000000000000000e+00
nan
nan
nan
nan
2.000000000000000000e+00
0.000000000000000000e+00
nan
nan
nan
1.250000000000000000e+00
0.000000000000000000e+00
5.000000000000000000e-01
1.666666666666666741e+00
nan
nan
0.000000000000000000e+00
2.500000000000000000e+00
1.333333333333333259e+00
5.000000000000000000e+00
3.000000000000000000e+00
1.333333333333333259e+00
3.333333333333333481e+00
2.250000000000000000e+00
1.600000000000000089e+00
1.800000000000000044e+00
1.166666666666666741e+00
6.999999999999999556e-01
1.250000000000000000e-01
1.333333333333333259e+00
5.000000000000000000e-01
1.125000000000000000e+00
5.714285714285713969e-01
4.444444444444444198e-01
1.000000000000000000e+00
4.000000000000000222e-01
1.250000000000000000e+00
0.000000000000000000e+00
3.333333333333333148e-01
1.142857142857142794e+00
2.000000000000000111e-01
1.000000000000000000e+00
1.166666666666666741e+00
3.333333333333333148e-01
1.333333333333333259e+00
0.000000000000000000e+00
5.000000000000000000e-01
4.000000000000000222e-01
5.000000000000000000e-01
3.333333333333333148e-01
0.000000000000000000e+00
nan
0.000000000000000000e+00
nan
nan
