1.868686868686868729e+00
1.277777777777777679e+00
7.600000000000000089e-01
9.411764705882352811e-01
8.939393939393939226e-01
1.026666666666666616e+00
8.679245283018868218e-01
9.090909090909090606e-01
1.196969696969697017e+00
7.901234567901234129e-01
1.016393442622950838e+00
6.666666666666666297e-01
8.301886792452830566e-01
9.038461538461538547e-01
6.363636363636363535e-01
1.040000000000000036e+00
9.090909090909090606e-01
9.811320754716981174e-01
6.857142857142857206e-01
6.315789473684210176e-01
8.709677419354838745e-01
4.883720930232557933e-01
1.043478260869565188e+00
1.264705882352941124e+00
1.073170731707317138e+00
1.176470588235294157e+00
8.484848484848485084e-01
7.249999999999999778e-01
8.363636363636363091e-01
7.045454545454545858e-01
1.250000000000000000e+00
1.033333333333333437e+00
1.259259259259259300e+00
8.636363636363636465e-01
7.647058823529411242e-01
1.000000000000000000e+00
1.032258064516129004e+00
5.151515151515151381e-01
8.484848484848485084e-01
1.076923076923076872e+00
7.500000000000000000e-01
7.647058823529411242e-01
1.239999999999999991e+00
8.461538461538461453e-01
1.096774193548387011e+00
9.393939393939394478e-01
1.263157894736842035e+00
5.555555555555555802e-01
3.599999999999999867e-01
1.000000000000000000e+00
9.090909090909090606e-01
1.000000000000000000e+00
1.000000000000000000e+00
1.037037037037036979e+00
1.166666666666666741e+00
7.692307692307692735e-02
7.368421052631578538e-01
8.421052631578946901e-01
6.153846153846154188e-01
6.315789473684210176e-01
1.041666666666666741e+00
6.666666666666666297e-01
1.307692307692307709e+00
7.857142857142856984e-01
1.529411764705882248e+00
8.000000000000000444e-01
7.500000000000000000e-01
1.214285714285714191e+00
1.384615384615384581e+00
7.272727272727272929e-01
6.250000000000000000e-01
9.230769230769231282e-01
1.083333333333333259e+00
7.777777777777777901e-01
1.272727272727272707e+00
6.153846153846154188e-01
1.190476190476190466e+00
1.199999999999999956e+00
5.833333333333333703e-01
7.222222222222222099e-01
5.555555555555555802e-01
3.333333333333333148e-01
1.555555555555555580e+00
7.142857142857143016e-01
1.416666666666666741e+00
1.133333333333333304e+00
6.250000000000000000e-01
1.333333333333333259e+00
5.714285714285713969e-01
4.166666666666666852e-01
4.000000000000000222e-01
4.000000000000000222e-01
1.857142857142857206e+00
4.000000000000000222e-01
8.750000000000000000e-01
5.000000000000000000e-01
1.800000000000000044e+00
1.333333333333333259e+00
1.000000000000000000e+00
1.666666666666666741e+00
3.750000000000000000e-01
3.333333333333333148e-01
8.000000000000000444e-01
0.000000000000000000e+00
1.000000000000000000e+00
1.250000000000000000e+00
0.000000000000000000e+00
7.142857142857143016e-01
2.000000000000000111e-01
0.000000000000000000e+00
3.333333333333333148e-01
1.333333333333333259e+00
0.000000000000000000e+00
5.000000000000000000e+00
nan
3.333333333333333148e-01
1.000000000000000000e+00
1.500000000000000000e+00
1.000000000000000000e+00
1.500000000000000000e+00
0.000000000000000000e+00
2.000000000000000000e+00
0.000000000000000000e+00
0.000000000000000000e+00
nan
0.000000000000000000e+00
1.500000000000000000e+00
0.000000000000000000e+00
nan
0.000000000000000000e+00
nan
nan
nan
nan
nan
nan
nan
nan
nan
nan
nan
nan
nan
nan
nan
nan
nan
nan
nan
nan
nan
nan
nan
nan
nan
nan
nan
nan
nan
nan
nan
nan
nan
nan
nan
nan
nan
nan
nan
nan
nan
nan
nan
nan
nan
nan
nan
nan
nan
nan
nan
nan
nan
nan
nan
nan
nan
nan
nan
nan
nan
nan
nan
nan
nan
nan
nan
nan
nan
nan
