1.989473684210526283e+00
9.333333333333333481e-01
1.111111111111111160e+00
9.090909090909090606e-01
8.333333333333333703e-01
1.000000000000000000e+00
7.258064516129032473e-01
8.701298701298700866e-01
6.718750000000000000e-01
1.180555555555555580e+00
7.090909090909091050e-01
9.473684210526315264e-01
8.909090909090908728e-01
8.437500000000000000e-01
1.140350877192982448e+00
8.085106382978722861e-01
1.102564102564102644e+00
1.054054054054053946e+00
7.959183673469387710e-01
1.035087719298245723e+00
1.018181818181818077e+00
1.117647058823529438e+00
7.719298245614034659e-01
9.749999999999999778e-01
1.250000000000000000e+00
9.433962264150943522e-01
1.054545454545454453e+00
1.045454545454545414e+00
7.301587301587301182e-01
1.039215686274509887e+00
9.565217391304348116e-01
9.384615384615384581e-01
9.574468085106383475e-01
6.444444444444444864e-01
9.615384615384615641e-01
1.093750000000000000e+00
1.303571428571428603e+00
7.714285714285714635e-01
5.365853658536585691e-01
8.604651162790697416e-01
1.019230769230769162e+00
8.363636363636363091e-01
1.038461538461538547e+00
1.431818181818181879e+00
1.473684210526315708e+00
7.173913043478260532e-01
7.714285714285714635e-01
7.441860465116278966e-01
1.060606060606060552e+00
8.387096774193548709e-01
1.022727272727272707e+00
1.028571428571428470e+00
6.976744186046511809e-01
8.333333333333333703e-01
7.500000000000000000e-01
8.181818181818182323e-01
7.647058823529411242e-01
1.250000000000000000e+00
9.655172413793103869e-01
5.000000000000000000e-01
1.625000000000000000e+00
8.421052631578946901e-01
7.096774193548387455e-01
9.473684210526315264e-01
8.947368421052631637e-01
1.280000000000000027e+00
1.310344827586206851e+00
7.391304347826086474e-01
7.142857142857143016e-01
1.037037037037036979e+00
4.090909090909091161e-01
1.538461538461538547e+00
1.269230769230769162e+00
5.357142857142856984e-01
1.318181818181818121e+00
1.294117647058823595e+00
1.375000000000000000e+00
1.103448275862068950e+00
8.461538461538461453e-01
1.000000000000000000e+00
9.666666666666666741e-01
1.129032258064516236e+00
4.102564102564102422e-01
7.837837837837837718e-01
8.499999999999999778e-01
1.481481481481481399e+00
1.043478260869565188e+00
1.000000000000000000e+00
8.787878787878787845e-01
8.076923076923077094e-01
7.727272727272727071e-01
9.523809523809523281e-01
8.620689655172413257e-01
8.461538461538461453e-01
8.750000000000000000e-01
1.562500000000000000e+00
6.500000000000000222e-01
1.038461538461538547e+00
7.916666666666666297e-01
4.444444444444444198e-01
1.050000000000000044e+00
2.000000000000000111e-01
1.199999999999999956e+00
7.500000000000000000e-01
1.000000000000000000e+00
1.076923076923076872e+00
5.625000000000000000e-01
9.166666666666666297e-01
6.666666666666666297e-01
9.166666666666666297e-01
1.399999999999999911e+00
1.166666666666666741e+00
1.133333333333333304e+00
7.500000000000000000e-01
5.384615384615384359e-01
7.857142857142856984e-01
6.666666666666666297e-01
1.666666666666666741e+00
1.375000000000000000e+00
1.214285714285714191e+00
2.500000000000000000e+00
7.142857142857143016e-01
1.083333333333333259e+00
5.384615384615384359e-01
7.272727272727272929e-01
5.833333333333333703e-01
1.272727272727272707e+00
1.399999999999999911e+00
3.636363636363636465e-01
2.999999999999999889e-01
1.125000000000000000e+00
4.285714285714285476e-01
1.000000000000000000e+00
1.333333333333333259e+00
1.199999999999999956e+00
7.500000000000000000e-01
1.500000000000000000e+00
1.166666666666666741e+00
1.500000000000000000e+00
5.999999999999999778e-01
4.285714285714285476e-01
1.538461538461538547e+00
6.666666666666666297e-01
1.199999999999999956e+00
1.333333333333333259e+00
1.625000000000000000e+00
1.300000000000000044e+00
1.142857142857142794e+00
1.363636363636363535e+00
3.333333333333333148e-01
5.833333333333333703e-01
7.647058823529411242e-01
5.833333333333333703e-01
1.133333333333333304e+00
1.000000000000000000e+00
9.230769230769231282e-01
7.142857142857143016e-01
9.230769230769231282e-01
5.000000000000000000e-01
5.714285714285713969e-01
3.333333333333333148e-01
1.875000000000000000e+00
6.250000000000000000e-01
5.999999999999999778e-01
5.000000000000000000e-01
0.000000000000000000e+00
1.666666666666666741e+00
1.333333333333333259e+00
0.000000000000000000e+00
0.000000000000000000e+00
1.500000000000000000e+00
2.500000000000000000e-01
1.666666666666666741e+00
0.000000000000000000e+00
2.000000000000000000e+00
2.000000000000000000e+00
4.000000000000000222e-01
1.000000000000000000e+00
1.000000000000000000e+00
5.714285714285713969e-01
1.500000000000000000e+00
8.888888888888888395e-01
0.000000000000000000e+00
0.000000000000000000e+00
1.000000000000000000e+00
0.000000000000000000e+00
0.000000000000000000e+00
0.000000000000000000e+00
0.000000000000000000e+00
0.000000000000000000e+00
0.000000000000000000e+00
1.000000000000000000e+00
nan
0.000000000000000000e+00
nan
nan
nan
nan
nan
nan
