1.783068783068783025e+00
1.082191780821917915e+00
1.196969696969697017e+00
8.550724637681159646e-01
8.533333333333333881e-01
1.034482758620689724e+00
1.098591549295774739e+00
1.000000000000000000e+00
1.065573770491803351e+00
1.031746031746031855e+00
1.109375000000000000e+00
1.031746031746031855e+00
9.154929577464788748e-01
7.916666666666666297e-01
1.257142857142857117e+00
1.089552238805970186e+00
1.021739130434782705e+00
8.571428571428570953e-01
1.080645161290322509e+00
9.696969696969697239e-01
1.323943661971830998e+00
8.550724637681159646e-01
9.464285714285713969e-01
6.582278481012657778e-01
1.072463768115942129e+00
8.888888888888888395e-01
8.939393939393939226e-01
1.052631578947368363e+00
8.596491228070175517e-01
1.089285714285714191e+00
1.035714285714285809e+00
9.193548387096773800e-01
7.199999999999999734e-01
1.171052631578947345e+00
6.393442622950820109e-01
8.235294117647058432e-01
1.111111111111111160e+00
6.346153846153845812e-01
1.279069767441860517e+00
8.541666666666666297e-01
1.000000000000000000e+00
7.600000000000000089e-01
9.230769230769231282e-01
9.090909090909090606e-01
1.396551724137931050e+00
7.560975609756097615e-01
6.304347826086956763e-01
4.347826086956521618e-01
8.085106382978722861e-01
1.102564102564102644e+00
1.166666666666666741e+00
5.000000000000000000e-01
1.149999999999999911e+00
8.333333333333333703e-01
9.459459459459459429e-01
1.028571428571428470e+00
1.516129032258064502e+00
1.227272727272727293e+00
1.368421052631578982e+00
8.684210526315789824e-01
7.708333333333333703e-01
9.615384615384615641e-01
1.020833333333333259e+00
9.428571428571428381e-01
8.139534883720930258e-01
5.238095238095238360e-01
7.045454545454545858e-01
8.717948717948718063e-01
7.647058823529411242e-01
1.159999999999999920e+00
6.562500000000000000e-01
1.285714285714285809e+00
5.483870967741935054e-01
8.000000000000000444e-01
7.500000000000000000e-01
1.130434782608695565e+00
1.173913043478260976e+00
6.818181818181817677e-01
1.550000000000000044e+00
9.130434782608695121e-01
1.050000000000000044e+00
1.083333333333333259e+00
1.578947368421052655e+00
1.357142857142857206e+00
1.142857142857142794e+00
8.965517241379310498e-01
1.080000000000000071e+00
1.034482758620689724e+00
1.153846153846153744e+00
1.032258064516129004e+00
8.611111111111111605e-01
7.391304347826086474e-01
7.058823529411765163e-01
9.230769230769231282e-01
7.674418604651163101e-01
9.000000000000000222e-01
8.421052631578946901e-01
9.705882352941176405e-01
1.076923076923076872e+00
6.250000000000000000e-01
1.227272727272727293e+00
6.153846153846154188e-01
8.095238095238095344e-01
1.066666666666666652e+00
1.388888888888888840e+00
1.692307692307692291e+00
6.521739130434782705e-01
8.260869565217391353e-01
1.437500000000000000e+00
9.615384615384615641e-01
5.714285714285713969e-01
5.000000000000000000e-01
1.571428571428571397e+00
1.375000000000000000e+00
9.333333333333333481e-01
1.347826086956521729e+00
3.809523809523809312e-01
1.125000000000000000e+00
6.666666666666666297e-01
8.235294117647058432e-01
3.846153846153846367e-01
1.176470588235294157e+00
3.846153846153846367e-01
1.888888888888888840e+00
5.555555555555555802e-01
1.153846153846153744e+00
4.285714285714285476e-01
1.125000000000000000e+00
1.111111111111111049e-01
2.666666666666666630e-01
1.500000000000000000e+00
5.555555555555555802e-01
1.800000000000000044e+00
2.727272727272727071e-01
1.125000000000000000e+00
3.750000000000000000e-01
6.666666666666666297e-01
1.142857142857142794e+00
1.333333333333333259e+00
1.000000000000000000e+00
1.333333333333333259e+00
1.250000000000000000e+00
2.142857142857142794e+00
4.000000000000000000e+00
2.000000000000000000e+00
8.333333333333333703e-01
2.625000000000000000e+00
5.000000000000000000e-01
1.181818181818181879e+00
7.777777777777777901e-01
1.399999999999999911e+00
9.000000000000000222e-01
1.285714285714285809e+00
2.307692307692307820e-01
6.111111111111111605e-01
1.307692307692307709e+00
0.000000000000000000e+00
1.125000000000000000e+00
1.166666666666666741e+00
6.666666666666666297e-01
5.714285714285713969e-01
5.000000000000000000e-01
1.375000000000000000e+00
6.250000000000000000e-01
7.500000000000000000e-01
2.000000000000000111e-01
1.111111111111111160e+00
1.428571428571428603e+00
1.000000000000000000e+00
5.000000000000000000e-01
1.166666666666666741e+00
1.000000000000000000e+00
1.714285714285714191e+00
2.727272727272727071e-01
0.000000000000000000e+00
0.000000000000000000e+00
0.000000000000000000e+00
0.000000000000000000e+00
3.333333333333333148e-01
0.000000000000000000e+00
nan
nan
nan
nan
0.000000000000000000e+00
nan
nan
nan
nan
nan
nan
nan
nan
nan
nan
nan
nan
nan
nan
nan
