1.925531914893616969e+00
8.617021276595744350e-01
1.415584415584415501e+00
9.402985074626866169e-01
7.179487179487179516e-01
8.983050847457627608e-01
8.709677419354838745e-01
7.368421052631578538e-01
1.000000000000000000e+00
8.113207547169811740e-01
4.782608695652174058e-01
5.283018867924528239e-01
1.111111111111111160e+00
1.490909090909090962e+00
1.270270270270270174e+00
1.285714285714285809e+00
7.272727272727272929e-01
7.209302325581394832e-01
5.490196078431373028e-01
9.090909090909090606e-01
1.566666666666666652e+00
8.653846153846154188e-01
1.078947368421052655e+00
1.341463414634146423e+00
1.317073170731707377e+00
6.530612244897958663e-01
8.723404255319149314e-01
1.074074074074074181e+00
1.022222222222222143e+00
9.749999999999999778e-01
9.574468085106383475e-01
1.105263157894736947e+00
6.545454545454545414e-01
8.571428571428570953e-01
1.472222222222222321e+00
7.941176470588234837e-01
1.171428571428571486e+00
9.574468085106383475e-01
1.080000000000000071e+00
9.743589743589743390e-01
7.027027027027027417e-01
8.139534883720930258e-01
1.195121951219512146e+00
8.947368421052631637e-01
2.857142857142856984e-01
9.411764705882352811e-01
1.000000000000000000e+00
9.696969696969697239e-01
7.045454545454545858e-01
1.172413793103448176e+00
7.249999999999999778e-01
8.750000000000000000e-01
9.259259259259259300e-01
6.538461538461538547e-01
1.428571428571428603e+00
1.260869565217391353e+00
8.666666666666666963e-01
1.000000000000000000e+00
9.285714285714286031e-01
8.214285714285713969e-01
9.687500000000000000e-01
2.631578947368420907e-01
7.857142857142856984e-01
8.000000000000000444e-01
1.318181818181818121e+00
1.055555555555555580e+00
1.080000000000000071e+00
8.275862068965517127e-01
8.260869565217391353e-01
1.533333333333333437e+00
6.666666666666666297e-01
6.956521739130434590e-01
4.375000000000000000e-01
1.105263157894736947e+00
1.187500000000000000e+00
1.000000000000000000e+00
7.222222222222222099e-01
7.368421052631578538e-01
7.333333333333332815e-01
5.263157894736841813e-01
9.259259259259259300e-01
5.454545454545454142e-01
2.000000000000000000e+00
1.071428571428571397e+00
1.055555555555555580e+00
4.615384615384615641e-01
2.999999999999999889e-01
2.500000000000000000e-01
1.300000000000000044e+00
7.500000000000000000e-01
8.333333333333333703e-01
6.666666666666666297e-01
2.200000000000000178e+00
7.500000000000000000e-01
8.333333333333333703e-01
5.714285714285713969e-01
5.555555555555555802e-01
2.500000000000000000e-01
1.571428571428571397e+00
1.500000000000000000e+00
1.500000000000000000e+00
2.000000000000000000e+00
0.000000000000000000e+00
1.375000000000000000e+00
3.333333333333333148e-01
1.333333333333333259e+00
2.857142857142856984e-01
1.333333333333333259e+00
4.166666666666666852e-01
1.000000000000000000e+00
5.000000000000000000e-01
nan
5.000000000000000000e-01
2.500000000000000000e-01
1.600000000000000089e+00
3.000000000000000000e+00
0.000000000000000000e+00
0.000000000000000000e+00
2.500000000000000000e-01
1.500000000000000000e+00
3.333333333333333148e-01
0.000000000000000000e+00
1.000000000000000000e+00
2.500000000000000000e+00
1.666666666666666741e+00
5.000000000000000000e-01
3.000000000000000000e+00
2.000000000000000000e+00
8.571428571428570953e-01
1.000000000000000000e+00
1.666666666666666574e-01
1.000000000000000000e+00
1.750000000000000000e+00
1.500000000000000000e+00
0.000000000000000000e+00
1.000000000000000000e+00
0.000000000000000000e+00
1.500000000000000000e+00
1.250000000000000000e+00
0.000000000000000000e+00
6.666666666666666297e-01
8.000000000000000444e-01
0.000000000000000000e+00
1.000000000000000000e+00
0.000000000000000000e+00
0.000000000000000000e+00
5.000000000000000000e-01
5.000000000000000000e-01
5.000000000000000000e-01
3.333333333333333148e-01
nan
nan
nan
nan
nan
3.000000000000000000e+00
nan
0.000000000000000000e+00
nan
0.000000000000000000e+00
nan
nan
nan
nan
nan
nan
nan
nan
nan
nan
nan
nan
nan
nan
nan
nan
nan
nan
nan
nan
nan
nan
nan
nan
nan
nan
nan
nan
nan
nan
nan
nan
nan
nan
nan
nan
nan
nan
nan
nan
