2.015384615384615330e+00
8.333333333333333703e-01
1.287671232876712368e+00
1.000000000000000000e+00
8.805970149253731227e-01
8.333333333333333703e-01
6.987951807228915957e-01
7.058823529411765163e-01
9.466666666666666563e-01
7.727272727272727071e-01
8.666666666666666963e-01
9.038461538461538547e-01
1.000000000000000000e+00
9.433962264150943522e-01
7.560975609756097615e-01
9.782608695652174058e-01
1.148936170212766061e+00
7.291666666666666297e-01
9.090909090909090606e-01
1.306122448979591733e+00
1.040000000000000036e+00
1.166666666666666741e+00
1.042553191489361764e+00
8.604651162790697416e-01
1.071428571428571397e+00
1.049180327868852514e+00
7.868852459016393297e-01
8.936170212765957022e-01
1.023809523809523725e+00
8.085106382978722861e-01
7.346938775510204467e-01
7.567567567567567988e-01
1.000000000000000000e+00
5.777777777777777235e-01
8.235294117647058432e-01
6.666666666666666297e-01
6.666666666666666297e-01
5.833333333333333703e-01
8.000000000000000444e-01
5.937500000000000000e-01
1.157894736842105310e+00
1.578947368421052655e+00
7.826086956521739468e-01
8.636363636363636465e-01
1.062500000000000000e+00
7.586206896551723755e-01
7.272727272727272929e-01
4.444444444444444198e-01
8.076923076923077094e-01
1.105263157894736947e+00
6.111111111111111605e-01
6.875000000000000000e-01
8.181818181818182323e-01
1.444444444444444420e+00
2.727272727272727071e-01
2.000000000000000111e-01
1.199999999999999956e+00
9.090909090909090606e-01
5.000000000000000000e-01
5.454545454545454142e-01
8.750000000000000000e-01
0.000000000000000000e+00
1.375000000000000000e+00
1.199999999999999956e+00
0.000000000000000000e+00
1.000000000000000000e+00
1.166666666666666741e+00
2.000000000000000000e+00
2.000000000000000111e-01
1.333333333333333259e+00
2.500000000000000000e-01
1.666666666666666741e+00
1.500000000000000000e+00
6.666666666666666297e-01
8.000000000000000444e-01
2.500000000000000000e-01
7.500000000000000000e-01
7.500000000000000000e-01
1.666666666666666741e+00
nan
3.500000000000000000e+00
6.666666666666666297e-01
8.750000000000000000e-01
0.000000000000000000e+00
5.000000000000000000e-01
1.000000000000000000e+00
1.500000000000000000e+00
1.399999999999999911e+00
0.000000000000000000e+00
1.000000000000000000e+00
2.600000000000000089e+00
1.250000000000000000e+00
5.714285714285713969e-01
2.000000000000000111e-01
5.999999999999999778e-01
4.000000000000000222e-01
3.750000000000000000e-01
1.857142857142857206e+00
5.000000000000000000e-01
1.000000000000000000e+00
5.000000000000000000e-01
5.000000000000000000e-01
1.500000000000000000e+00
1.000000000000000000e+00
0.000000000000000000e+00
8.000000000000000444e-01
1.166666666666666741e+00
5.999999999999999778e-01
1.875000000000000000e+00
3.000000000000000000e+00
6.666666666666666297e-01
5.000000000000000000e-01
0.000000000000000000e+00
7.500000000000000000e-01
0.000000000000000000e+00
6.666666666666666297e-01
1.166666666666666741e+00
1.000000000000000000e+00
nan
3.333333333333333148e-01
0.000000000000000000e+00
1.800000000000000044e+00
3.000000000000000000e+00
2.000000000000000000e+00
1.500000000000000000e+00
1.500000000000000000e+00
7.500000000000000000e-01
1.333333333333333259e+00
7.500000000000000000e-01
nan
0.000000000000000000e+00
5.000000000000000000e-01
0.000000000000000000e+00
0.000000000000000000e+00
0.000000000000000000e+00
7.500000000000000000e-01
0.000000000000000000e+00
0.000000000000000000e+00
1.000000000000000000e+00
nan
nan
0.000000000000000000e+00
nan
nan
nan
nan
nan
nan
nan
nan
nan
nan
nan
nan
nan
nan
nan
nan
nan
nan
nan
nan
nan
nan
nan
nan
nan
nan
nan
nan
nan
nan
nan
nan
nan
nan
nan
nan
nan
nan
nan
nan
nan
nan
nan
nan
nan
nan
nan
nan
nan
nan
nan
nan
nan
nan
nan
nan
nan
nan
