1.770833333333333259e+00
1.226190476190476275e+00
8.593750000000000000e-01
1.208333333333333259e+00
7.187500000000000000e-01
9.629629629629629095e-01
9.130434782608695121e-01
8.656716417910447214e-01
7.812500000000000000e-01
1.233333333333333393e+00
1.127659574468085069e+00
1.161290322580645240e+00
1.315789473684210620e+00
7.301587301587301182e-01
1.015384615384615330e+00
8.412698412698412787e-01
7.457627118644067910e-01
8.214285714285713969e-01
1.020000000000000018e+00
1.174603174603174649e+00
7.659574468085106336e-01
1.148148148148148140e+00
8.857142857142856762e-01
1.081632653061224580e+00
1.016666666666666607e+00
1.074074074074074181e+00
1.079365079365079305e+00
8.846153846153845812e-01
9.154929577464788748e-01
7.457627118644067910e-01
6.307692307692307487e-01
1.113207547169811296e+00
7.399999999999999911e-01
2.608695652173912971e-01
5.531914893617021489e-01
8.378378378378378288e-01
6.551724137931034253e-01
1.121212121212121104e+00
1.000000000000000000e+00
1.159999999999999920e+00
7.575757575757575690e-01
1.120000000000000107e+00
8.571428571428570953e-01
1.111111111111111160e+00
1.318181818181818121e+00
5.000000000000000000e-01
1.217391304347826164e+00
1.428571428571428603e+00
4.000000000000000222e-01
9.285714285714286031e-01
6.923076923076922906e-01
5.882352941176470784e-01
1.115384615384615419e+00
1.562500000000000000e+00
1.192307692307692291e+00
8.800000000000000044e-01
1.238095238095238138e+00
4.117647058823529216e-01
1.434782608695652106e+00
1.000000000000000000e+00
5.769230769230768718e-01
4.285714285714285476e-01
6.818181818181817677e-01
6.666666666666666297e-01
2.222222222222222099e-01
3.333333333333333148e-01
1.052631578947368363e+00
1.083333333333333259e+00
9.375000000000000000e-01
4.705882352941176405e-01
7.142857142857143016e-01
6.666666666666666297e-01
0.000000000000000000e+00
1.444444444444444420e+00
3.166666666666666519e+00
7.500000000000000000e-01
6.153846153846154188e-01
1.375000000000000000e+00
1.125000000000000000e+00
2.000000000000000111e-01
1.111111111111111160e+00
1.666666666666666741e+00
1.125000000000000000e+00
0.000000000000000000e+00
6.666666666666666297e-01
1.000000000000000000e+00
1.399999999999999911e+00
1.428571428571428492e-01
1.500000000000000000e+00
3.333333333333333148e-01
4.285714285714285476e-01
1.285714285714285809e+00
0.000000000000000000e+00
5.000000000000000000e-01
1.000000000000000000e+00
6.666666666666666297e-01
3.500000000000000000e+00
0.000000000000000000e+00
8.333333333333333703e-01
7.500000000000000000e-01
1.199999999999999956e+00
5.000000000000000000e-01
6.666666666666666297e-01
2.500000000000000000e+00
1.666666666666666574e-01
1.199999999999999956e+00
2.000000000000000111e-01
2.166666666666666519e+00
0.000000000000000000e+00
5.000000000000000000e-01
2.000000000000000000e+00
1.500000000000000000e+00
0.000000000000000000e+00
8.333333333333333703e-01
1.500000000000000000e+00
7.142857142857143016e-01
0.000000000000000000e+00
0.000000000000000000e+00
4.000000000000000000e+00
3.000000000000000000e+00
1.333333333333333259e+00
0.000000000000000000e+00
1.000000000000000000e+00
3.500000000000000000e+00
7.500000000000000000e-01
2.000000000000000000e+00
5.000000000000000000e-01
1.666666666666666574e-01
8.000000000000000444e-01
6.666666666666666297e-01
3.333333333333333148e-01
0.000000000000000000e+00
0.000000000000000000e+00
1.500000000000000000e+00
0.000000000000000000e+00
2.000000000000000000e+00
0.000000000000000000e+00
1.000000000000000000e+00
nan
nan
2.000000000000000000e+00
1.666666666666666741e+00
2.500000000000000000e-01
2.000000000000000000e+00
1.666666666666666741e+00
5.000000000000000000e-01
1.000000000000000000e+00
2.666666666666666519e+00
0.000000000000000000e+00
5.000000000000000000e-01
0.000000000000000000e+00
1.000000000000000000e+00
0.000000000000000000e+00
2.000000000000000000e+00
0.000000000000000000e+00
6.666666666666666297e-01
4.000000000000000000e+00
nan
3.000000000000000000e+00
nan
1.000000000000000000e+00
1.333333333333333259e+00
1.500000000000000000e+00
3.333333333333333148e-01
5.000000000000000000e-01
1.250000000000000000e+00
2.250000000000000000e+00
1.000000000000000000e+00
1.000000000000000000e+00
0.000000000000000000e+00
0.000000000000000000e+00
1.000000000000000000e+00
0.000000000000000000e+00
nan
0.000000000000000000e+00
1.000000000000000000e+00
0.000000000000000000e+00
5.000000000000000000e-01
nan
2.000000000000000000e+00
nan
nan
nan
nan
1.000000000000000000e+00
nan
3.000000000000000000e+00
0.000000000000000000e+00
nan
0.000000000000000000e+00
0.000000000000000000e+00
nan
nan
nan
nan
nan
nan
nan
nan
nan
