1.797927461139896321e+00
1.012345679012345734e+00
8.243243243243243423e-01
8.823529411764705621e-01
1.448275862068965525e+00
9.523809523809523281e-01
9.846153846153846700e-01
1.211538461538461453e+00
1.187500000000000000e+00
8.076923076923077094e-01
7.105263157894736725e-01
7.391304347826086474e-01
1.019607843137254832e+00
7.101449275362319291e-01
7.343750000000000000e-01
8.823529411764705621e-01
7.647058823529411242e-01
1.265306122448979664e+00
1.090909090909090828e+00
1.066666666666666652e+00
7.719298245614034659e-01
6.862745098039215730e-01
6.944444444444444198e-01
6.999999999999999556e-01
1.111111111111111160e+00
1.268292682926829285e+00
1.073170731707317138e+00
8.000000000000000444e-01
1.026315789473684292e+00
8.085106382978722861e-01
8.499999999999999778e-01
7.500000000000000000e-01
6.153846153846154188e-01
8.055555555555555802e-01
7.857142857142856984e-01
1.199999999999999956e+00
9.375000000000000000e-01
1.000000000000000000e+00
9.545454545454545858e-01
9.599999999999999645e-01
1.153846153846153744e+00
7.931034482758620996e-01
6.785714285714286031e-01
1.157894736842105310e+00
1.000000000000000000e+00
1.571428571428571397e+00
6.428571428571429047e-01
8.095238095238095344e-01
5.909090909090909394e-01
3.571428571428571508e-01
6.999999999999999556e-01
7.826086956521739468e-01
1.000000000000000000e+00
1.000000000000000000e+00
1.076923076923076872e+00
0.000000000000000000e+00
5.000000000000000000e-01
1.350000000000000089e+00
3.333333333333333148e-01
1.416666666666666741e+00
1.153846153846153744e+00
1.444444444444444420e+00
5.000000000000000000e-01
6.153846153846154188e-01
1.315789473684210620e+00
4.545454545454545303e-01
1.000000000000000000e+00
1.166666666666666741e+00
5.000000000000000000e-01
6.363636363636363535e-01
8.333333333333332871e-02
1.250000000000000000e+00
7.500000000000000000e-01
9.000000000000000222e-01
1.199999999999999956e+00
2.399999999999999911e+00
1.399999999999999911e+00
1.250000000000000000e+00
1.111111111111111160e+00
7.500000000000000000e-01
1.181818181818181879e+00
8.666666666666666963e-01
1.214285714285714191e+00
1.000000000000000000e+00
1.687500000000000000e+00
7.333333333333332815e-01
1.000000000000000000e+00
1.199999999999999956e+00
2.000000000000000000e+00
2.166666666666666519e+00
6.521739130434782705e-01
1.083333333333333259e+00
6.785714285714286031e-01
8.125000000000000000e-01
1.384615384615384581e+00
1.149999999999999911e+00
4.500000000000000111e-01
1.055555555555555580e+00
5.909090909090909394e-01
7.692307692307692735e-01
1.000000000000000000e+00
2.999999999999999889e-01
1.636363636363636465e+00
9.090909090909090606e-01
0.000000000000000000e+00
7.058823529411765163e-01
0.000000000000000000e+00
9.090909090909090606e-01
2.727272727272727071e-01
6.428571428571429047e-01
3.333333333333333148e-01
0.000000000000000000e+00
1.666666666666666741e+00
3.333333333333333148e-01
1.000000000000000000e+00
1.500000000000000000e+00
2.000000000000000000e+00
1.777777777777777679e+00
1.333333333333333259e+00
2.500000000000000000e-01
1.250000000000000000e+00
6.666666666666666297e-01
3.750000000000000000e-01
1.000000000000000000e+00
1.428571428571428603e+00
0.000000000000000000e+00
5.714285714285713969e-01
8.750000000000000000e-01
1.000000000000000000e+00
2.000000000000000000e+00
0.000000000000000000e+00
7.500000000000000000e-01
5.000000000000000000e-01
0.000000000000000000e+00
nan
3.500000000000000000e+00
1.500000000000000000e+00
0.000000000000000000e+00
1.500000000000000000e+00
1.750000000000000000e+00
0.000000000000000000e+00
3.500000000000000000e+00
2.000000000000000111e-01
3.333333333333333148e-01
0.000000000000000000e+00
2.000000000000000000e+00
0.000000000000000000e+00
5.000000000000000000e+00
1.500000000000000000e+00
1.250000000000000000e+00
6.666666666666666297e-01
5.000000000000000000e-01
2.000000000000000000e+00
3.250000000000000000e+00
2.000000000000000000e+00
0.000000000000000000e+00
1.000000000000000000e+00
7.500000000000000000e-01
5.000000000000000000e-01
6.666666666666666297e-01
1.142857142857142794e+00
0.000000000000000000e+00
1.166666666666666741e+00
1.399999999999999911e+00
0.000000000000000000e+00
6.666666666666666297e-01
0.000000000000000000e+00
1.833333333333333259e+00
3.333333333333333148e-01
1.600000000000000089e+00
2.000000000000000000e+00
0.000000000000000000e+00
0.000000000000000000e+00
1.500000000000000000e+00
2.200000000000000178e+00
7.500000000000000000e-01
8.000000000000000444e-01
1.600000000000000089e+00
1.111111111111111160e+00
1.615384615384615419e+00
1.199999999999999956e+00
4.285714285714285476e-01
1.444444444444444420e+00
8.333333333333333703e-01
1.000000000000000000e+00
7.500000000000000000e-01
6.666666666666666297e-01
1.071428571428571397e+00
1.500000000000000000e+00
8.181818181818182323e-01
6.666666666666666297e-01
5.555555555555555802e-01
6.666666666666666297e-01
0.000000000000000000e+00
1.000000000000000000e+00
1.333333333333333259e+00
2.857142857142856984e-01
3.750000000000000000e-01
0.000000000000000000e+00
0.000000000000000000e+00
