1.932989690721649501e+00
1.000000000000000000e+00
8.904109589041095951e-01
1.023255813953488413e+00
1.250000000000000000e+00
7.808219178082191902e-01
1.041095890410958846e+00
1.000000000000000000e+00
8.285714285714286254e-01
1.186440677966101642e+00
6.268656716417910779e-01
8.360655737704918433e-01
1.163934426229508157e+00
1.125000000000000000e+00
8.166666666666666519e-01
7.142857142857143016e-01
9.583333333333333703e-01
1.166666666666666741e+00
1.088235294117646967e+00
9.302325581395348708e-01
9.491525423728813804e-01
1.189655172413793149e+00
1.098360655737705027e+00
8.412698412698412787e-01
1.063492063492063489e+00
7.794117647058823595e-01
8.208955223880597396e-01
7.169811320754716499e-01
1.250000000000000000e+00
8.793103448275861878e-01
8.775510204081632404e-01
1.058823529411764719e+00
8.431372549019607865e-01
1.039215686274509887e+00
9.787234042553191182e-01
7.878787878787878451e-01
1.018181818181818077e+00
1.510204081632652962e+00
9.795918367346938549e-01
1.021276595744680771e+00
1.188679245283018826e+00
1.064516129032258007e+00
8.387096774193548709e-01
5.600000000000000533e-01
9.090909090909090606e-01
1.018867924528301883e+00
1.395833333333333259e+00
6.346153846153845812e-01
1.062500000000000000e+00
1.090909090909090828e+00
9.361702127659574657e-01
8.245614035087719396e-01
1.069767441860465018e+00
8.148148148148147696e-01
1.302325581395348930e+00
1.272727272727272707e+00
1.477272727272727293e+00
9.433962264150943522e-01
1.333333333333333259e+00
7.659574468085106336e-01
9.516129032258064946e-01
9.591836734693877098e-01
9.841269841269840724e-01
5.166666666666667185e-01
9.375000000000000000e-01
7.931034482758620996e-01
7.692307692307692735e-01
7.735849056603774088e-01
9.433962264150943522e-01
8.000000000000000444e-01
1.461538461538461453e+00
5.789473684210526550e-01
1.000000000000000000e+00
8.461538461538461453e-01
7.631578947368421462e-01
8.620689655172413257e-01
6.122448979591836871e-01
1.178571428571428603e+00
7.567567567567567988e-01
7.407407407407406996e-01
4.545454545454545303e-01
9.687500000000000000e-01
9.166666666666666297e-01
1.133333333333333304e+00
1.695652173913043459e+00
9.259259259259259300e-01
9.000000000000000222e-01
4.400000000000000022e-01
1.479999999999999982e+00
6.521739130434782705e-01
6.538461538461538547e-01
6.190476190476190688e-01
5.882352941176470784e-01
1.217391304347826164e+00
1.062500000000000000e+00
4.166666666666666852e-01
6.500000000000000222e-01
9.411764705882352811e-01
2.142857142857142738e-01
7.777777777777777901e-01
9.333333333333333481e-01
9.090909090909090606e-01
1.399999999999999911e+00
0.000000000000000000e+00
4.000000000000000222e-01
6.666666666666666297e-01
8.000000000000000444e-01
1.375000000000000000e+00
1.428571428571428492e-01
4.444444444444444198e-01
1.399999999999999911e+00
0.000000000000000000e+00
0.000000000000000000e+00
0.000000000000000000e+00
8.571428571428570953e-01
nan
0.000000000000000000e+00
0.000000000000000000e+00
0.000000000000000000e+00
nan
0.000000000000000000e+00
nan
0.000000000000000000e+00
nan
0.000000000000000000e+00
nan
0.000000000000000000e+00
nan
nan
nan
nan
nan
nan
nan
nan
nan
nan
nan
nan
nan
nan
nan
nan
nan
nan
nan
nan
nan
nan
nan
nan
nan
nan
nan
nan
nan
nan
nan
nan
nan
nan
nan
nan
nan
nan
nan
nan
nan
nan
nan
nan
nan
nan
nan
nan
nan
nan
nan
nan
nan
nan
nan
nan
nan
nan
nan
nan
nan
nan
nan
nan
nan
nan
nan
nan
nan
nan
nan
nan
nan
