1.687830687830687904e+00
9.350649350649350433e-01
9.857142857142857650e-01
1.236363636363636331e+00
8.000000000000000444e-01
5.932203389830508211e-01
1.031746031746031855e+00
1.019230769230769162e+00
1.132075471698113178e+00
1.288135593220338881e+00
5.932203389830508211e-01
1.222222222222222321e+00
1.039215686274509887e+00
9.310344827586206629e-01
1.122448979591836649e+00
6.964285714285713969e-01
9.166666666666666297e-01
6.923076923076922906e-01
9.636363636363636243e-01
1.021276595744680771e+00
9.361702127659574657e-01
5.681818181818182323e-01
1.069767441860465018e+00
7.142857142857143016e-01
1.465116279069767380e+00
1.243243243243243201e+00
6.666666666666666297e-01
5.526315789473684736e-01
8.297872340425531679e-01
9.642857142857143016e-01
8.125000000000000000e-01
7.878787878787878451e-01
8.529411764705882026e-01
1.024999999999999911e+00
1.076923076923076872e+00
7.941176470588234837e-01
1.619047619047619069e+00
8.484848484848485084e-01
1.343750000000000000e+00
9.375000000000000000e-01
7.142857142857143016e-01
1.103448275862068950e+00
1.088235294117646967e+00
8.684210526315789824e-01
9.677419354838709964e-01
1.172413793103448176e+00
1.085714285714285632e+00
6.571428571428571397e-01
8.499999999999999778e-01
1.216216216216216228e+00
1.206896551724137900e+00
1.038461538461538547e+00
1.130434782608695565e+00
8.888888888888888395e-01
7.407407407407406996e-01
1.129032258064516236e+00
1.285714285714285809e+00
9.705882352941176405e-01
7.777777777777777901e-01
9.473684210526315264e-01
1.173913043478260976e+00
1.300000000000000044e+00
7.777777777777777901e-01
2.972972972972973138e-01
9.090909090909090606e-01
1.695652173913043459e+00
1.047619047619047672e+00
7.560975609756097615e-01
8.518518518518518601e-01
1.291666666666666741e+00
8.076923076923077094e-01
7.333333333333332815e-01
1.115384615384615419e+00
6.400000000000000133e-01
1.166666666666666741e+00
9.642857142857143016e-01
6.666666666666666297e-01
7.777777777777777901e-01
1.666666666666666741e+00
7.500000000000000000e-01
9.545454545454545858e-01
1.000000000000000000e+00
1.238095238095238138e+00
8.387096774193548709e-01
1.320000000000000062e+00
1.159999999999999920e+00
9.444444444444444198e-01
1.000000000000000000e+00
6.111111111111111605e-01
5.600000000000000533e-01
4.615384615384615641e-01
1.000000000000000000e+00
5.500000000000000444e-01
5.000000000000000000e-01
1.555555555555555580e+00
6.666666666666666297e-01
9.375000000000000000e-01
1.416666666666666741e+00
5.000000000000000000e-01
8.125000000000000000e-01
1.066666666666666652e+00
1.615384615384615419e+00
7.272727272727272929e-01
1.399999999999999911e+00
7.777777777777777901e-01
8.000000000000000444e-01
7.777777777777777901e-01
5.384615384615384359e-01
1.230769230769230838e+00
5.000000000000000000e-01
2.000000000000000111e-01
8.000000000000000444e-01
5.384615384615384359e-01
8.181818181818182323e-01
0.000000000000000000e+00
2.727272727272727071e-01
1.000000000000000000e+00
2.000000000000000000e+00
1.666666666666666741e+00
1.333333333333333259e+00
8.000000000000000444e-01
0.000000000000000000e+00
1.166666666666666741e+00
2.333333333333333481e+00
0.000000000000000000e+00
1.250000000000000000e+00
7.500000000000000000e-01
6.666666666666666297e-01
0.000000000000000000e+00
5.000000000000000000e-01
4.000000000000000222e-01
1.000000000000000000e+00
1.666666666666666574e-01
3.500000000000000000e+00
0.000000000000000000e+00
1.333333333333333259e+00
2.000000000000000000e+00
0.000000000000000000e+00
3.000000000000000000e+00
1.000000000000000000e+00
7.500000000000000000e-01
2.000000000000000000e+00
2.000000000000000111e-01
0.000000000000000000e+00
2.600000000000000089e+00
5.000000000000000000e-01
1.666666666666666741e+00
0.000000000000000000e+00
0.000000000000000000e+00
1.500000000000000000e+00
1.666666666666666741e+00
3.333333333333333148e-01
1.000000000000000000e+00
0.000000000000000000e+00
2.500000000000000000e+00
1.000000000000000000e+00
2.000000000000000000e+00
0.000000000000000000e+00
0.000000000000000000e+00
1.500000000000000000e+00
4.000000000000000222e-01
0.000000000000000000e+00
6.666666666666666297e-01
7.500000000000000000e-01
3.000000000000000000e+00
0.000000000000000000e+00
0.000000000000000000e+00
3.333333333333333148e-01
nan
nan
nan
0.000000000000000000e+00
nan
nan
nan
nan
nan
nan
nan
nan
nan
nan
nan
nan
nan
nan
nan
nan
nan
nan
nan
nan
nan
nan
nan
nan
nan
nan
nan
nan
