2.108490566037735992e+00
1.105263157894736947e+00
1.243902439024390238e+00
1.270833333333333259e+00
9.411764705882352811e-01
7.555555555555555358e-01
1.018867924528301883e+00
1.256097560975609762e+00
6.590909090909090606e-01
9.468085106382978511e-01
8.933333333333333126e-01
8.571428571428570953e-01
1.195121951219512146e+00
1.205479452054794454e+00
7.666666666666667185e-01
1.076190476190476142e+00
7.399999999999999911e-01
8.904109589041095951e-01
8.607594936708861111e-01
6.463414634146341653e-01
1.000000000000000000e+00
8.026315789473684736e-01
9.350649350649350433e-01
1.030303030303030276e+00
6.250000000000000000e-01
8.727272727272726849e-01
1.433962264150943300e+00
7.241379310344827624e-01
1.000000000000000000e+00
1.000000000000000000e+00
1.274509803921568540e+00
7.358490566037735325e-01
8.474576271186440302e-01
7.931034482758620996e-01
1.372549019607843146e+00
7.666666666666667185e-01
1.021276595744680771e+00
8.703703703703703498e-01
8.870967741935483764e-01
1.000000000000000000e+00
1.368421052631578982e+00
6.666666666666666297e-01
9.347826086956522174e-01
8.181818181818182323e-01
8.399999999999999689e-01
9.841269841269840724e-01
1.000000000000000000e+00
9.523809523809523281e-01
1.146341463414634054e+00
1.127659574468085069e+00
7.948717948717948234e-01
1.404761904761904656e+00
8.636363636363636465e-01
8.363636363636363091e-01
5.555555555555555802e-01
1.085106382978723305e+00
8.292682926829267887e-01
6.551724137931034253e-01
6.538461538461538547e-01
1.678571428571428603e+00
9.259259259259259300e-01
6.829268292682927344e-01
8.484848484848485084e-01
7.333333333333332815e-01
8.823529411764705621e-01
8.695652173913043237e-01
1.107142857142857206e+00
6.153846153846154188e-01
8.636363636363636465e-01
2.500000000000000000e-01
1.411764705882353033e+00
5.806451612903226200e-01
1.294117647058823595e+00
7.142857142857143016e-01
1.000000000000000000e+00
7.391304347826086474e-01
0.000000000000000000e+00
5.999999999999999778e-01
9.285714285714286031e-01
1.181818181818181879e+00
2.500000000000000000e-01
1.250000000000000000e+00
6.363636363636363535e-01
8.000000000000000444e-01
1.600000000000000089e+00
1.428571428571428603e+00
6.666666666666666297e-01
1.149999999999999911e+00
1.384615384615384581e+00
1.176470588235294157e+00
9.000000000000000222e-01
7.142857142857143016e-01
5.714285714285713969e-01
8.181818181818182323e-01
6.923076923076922906e-01
7.777777777777777901e-01
1.000000000000000000e+00
8.461538461538461453e-01
1.000000000000000000e+00
8.333333333333332871e-02
1.833333333333333259e+00
1.000000000000000000e+00
1.222222222222222321e+00
2.000000000000000111e-01
1.142857142857142794e+00
5.000000000000000000e-01
5.555555555555555802e-01
6.666666666666666297e-01
1.000000000000000000e+00
2.000000000000000111e-01
4.000000000000000222e-01
2.000000000000000000e+00
1.666666666666666741e+00
0.000000000000000000e+00
1.166666666666666741e+00
5.714285714285713969e-01
2.250000000000000000e+00
0.000000000000000000e+00
7.500000000000000000e-01
2.333333333333333481e+00
0.000000000000000000e+00
3.333333333333333148e-01
0.000000000000000000e+00
0.000000000000000000e+00
5.000000000000000000e-01
nan
1.000000000000000000e+00
3.000000000000000000e+00
0.000000000000000000e+00
nan
0.000000000000000000e+00
nan
0.000000000000000000e+00
nan
nan
nan
nan
nan
nan
nan
nan
nan
nan
nan
nan
nan
nan
nan
nan
nan
nan
nan
nan
nan
nan
nan
nan
nan
nan
nan
nan
nan
nan
nan
nan
nan
nan
nan
nan
nan
nan
nan
nan
nan
nan
nan
nan
nan
nan
nan
nan
nan
nan
nan
nan
nan
nan
nan
nan
nan
nan
nan
nan
nan
nan
nan
nan
nan
nan
nan
