2.200000000000000178e+00
9.569892473118279952e-01
9.888888888888889284e-01
1.062500000000000000e+00
8.695652173913043237e-01
7.857142857142856984e-01
6.153846153846154188e-01
8.142857142857142794e-01
8.607594936708861111e-01
1.014285714285714235e+00
6.774193548387096309e-01
1.190476190476190466e+00
1.118644067796610075e+00
9.350649350649350433e-01
1.031746031746031855e+00
1.051724137931034475e+00
1.142857142857142794e+00
1.272727272727272707e+00
5.517241379310344751e-01
9.830508474576271638e-01
9.672131147540983243e-01
7.058823529411765163e-01
9.855072463768116409e-01
9.384615384615384581e-01
8.113207547169811740e-01
1.121212121212121104e+00
9.333333333333333481e-01
8.333333333333333703e-01
8.604651162790697416e-01
1.142857142857142794e+00
1.033898305084745672e+00
1.000000000000000000e+00
8.863636363636363535e-01
9.354838709677418818e-01
1.155555555555555447e+00
7.254901960784313486e-01
9.666666666666666741e-01
7.317073170731707155e-01
8.653846153846154188e-01
6.296296296296296502e-01
6.052631578947368363e-01
1.054545454545454453e+00
7.931034482758620996e-01
7.272727272727272929e-01
7.419354838709677491e-01
1.222222222222222321e+00
1.242424242424242431e+00
5.384615384615384359e-01
1.216216216216216228e+00
4.782608695652174058e-01
1.161290322580645240e+00
1.324999999999999956e+00
9.259259259259259300e-01
6.285714285714285587e-01
1.159999999999999920e+00
1.390243902439024293e+00
7.741935483870967527e-01
7.948717948717948234e-01
7.199999999999999734e-01
1.433333333333333348e+00
9.268292682926829729e-01
1.466666666666666563e+00
8.536585365853658347e-01
7.407407407407406996e-01
6.578947368421053099e-01
1.428571428571428603e+00
8.484848484848485084e-01
8.750000000000000000e-01
1.238095238095238138e+00
9.666666666666666741e-01
7.272727272727272929e-01
7.741935483870967527e-01
1.407407407407407440e+00
1.142857142857142794e+00
5.909090909090909394e-01
1.114285714285714324e+00
1.066666666666666652e+00
1.068965517241379226e+00
8.750000000000000000e-01
1.130434782608695565e+00
9.130434782608695121e-01
1.500000000000000000e+00
8.387096774193548709e-01
1.418604651162790775e+00
1.333333333333333259e+00
9.354838709677418818e-01
3.333333333333333148e-01
7.500000000000000000e-01
7.741935483870967527e-01
7.027027027027027417e-01
6.666666666666666297e-01
1.312500000000000000e+00
6.666666666666666297e-01
5.769230769230768718e-01
1.181818181818181879e+00
1.285714285714285809e+00
1.062500000000000000e+00
6.363636363636363535e-01
8.064516129032257563e-01
7.586206896551723755e-01
1.000000000000000000e+00
6.315789473684210176e-01
8.666666666666666963e-01
1.875000000000000000e-01
4.666666666666666741e-01
8.000000000000000444e-01
1.125000000000000000e+00
3.750000000000000000e-01
1.416666666666666741e+00
2.857142857142856984e-01
1.000000000000000000e+00
2.000000000000000000e+00
8.750000000000000000e-01
6.666666666666666297e-01
1.538461538461538547e+00
1.230769230769230838e+00
1.384615384615384581e+00
8.000000000000000444e-01
1.000000000000000000e+00
0.000000000000000000e+00
1.090909090909090828e+00
1.181818181818181879e+00
8.333333333333332871e-02
1.533333333333333437e+00
9.090909090909090606e-01
1.000000000000000000e+00
1.142857142857142794e+00
1.181818181818181879e+00
8.571428571428570953e-01
1.071428571428571397e+00
8.333333333333333703e-01
8.571428571428570953e-01
1.562500000000000000e+00
1.375000000000000000e+00
4.347826086956521618e-01
1.153846153846153744e+00
1.846153846153846256e+00
1.294117647058823595e+00
8.499999999999999778e-01
1.833333333333333259e+00
6.315789473684210176e-01
9.000000000000000222e-01
6.315789473684210176e-01
2.500000000000000000e-01
4.761904761904761640e-01
0.000000000000000000e+00
1.285714285714285809e+00
5.999999999999999778e-01
7.142857142857143016e-01
7.500000000000000000e-01
7.142857142857143016e-01
5.999999999999999778e-01
1.000000000000000000e+00
0.000000000000000000e+00
2.500000000000000000e+00
1.500000000000000000e+00
1.000000000000000000e+00
1.333333333333333259e+00
2.000000000000000000e+00
0.000000000000000000e+00
8.571428571428570953e-01
0.000000000000000000e+00
0.000000000000000000e+00
3.000000000000000000e+00
2.000000000000000000e+00
nan
1.666666666666666741e+00
0.000000000000000000e+00
2.500000000000000000e-01
2.500000000000000000e+00
nan
7.500000000000000000e-01
0.000000000000000000e+00
0.000000000000000000e+00
0.000000000000000000e+00
1.500000000000000000e+00
nan
3.000000000000000000e+00
nan
nan
2.000000000000000000e+00
0.000000000000000000e+00
0.000000000000000000e+00
0.000000000000000000e+00
nan
0.000000000000000000e+00
nan
nan
nan
nan
nan
nan
nan
nan
nan
nan
nan
nan
nan
nan
