2.060747663551401931e+00
8.900000000000000133e-01
1.095238095238095344e+00
1.338235294117646967e+00
8.681318681318681563e-01
9.891304347826086474e-01
1.132653061224489832e+00
7.419354838709677491e-01
1.126436781609195359e+00
8.117647058823529438e-01
9.684210526315789602e-01
1.085365853658536661e+00
7.777777777777777901e-01
8.695652173913043237e-01
1.294736842105263186e+00
1.036585365853658569e+00
9.101123595505618002e-01
8.800000000000000044e-01
1.051282051282051322e+00
9.863013698630136439e-01
1.022988505747126409e+00
1.010869565217391353e+00
1.277777777777777679e+00
1.175675675675675658e+00
9.310344827586206629e-01
1.000000000000000000e+00
9.903846153846154188e-01
1.084337349397590300e+00
9.285714285714286031e-01
9.367088607594936667e-01
9.213483146067416030e-01
9.651162790697674909e-01
6.447368421052631637e-01
1.033333333333333437e+00
1.116279069767441845e+00
1.048192771084337283e+00
1.445783132530120474e+00
1.082191780821917915e+00
1.280898876404494402e+00
1.192307692307692291e+00
1.161904761904761996e+00
1.182692307692307709e+00
1.169642857142857206e+00
8.709677419354838745e-01
1.078431372549019551e+00
9.193548387096773800e-01
1.100000000000000089e+00
9.844961240310077244e-01
7.969924812030074746e-01
7.454545454545454808e-01
1.058823529411764719e+00
1.211864406779661119e+00
1.097087378640776656e+00
1.018348623853210899e+00
1.057377049180327822e+00
1.170542635658914810e+00
1.096491228070175517e+00
1.022900763358778553e+00
1.121739130434782572e+00
1.370078740157480324e+00
1.081632653061224580e+00
1.147058823529411686e+00
9.937500000000000222e-01
1.148648648648648685e+00
1.125000000000000000e+00
9.090909090909090606e-01
1.024844720496894457e+00
1.124183006535947715e+00
1.174193548387096664e+00
1.202702702702702631e+00
8.055555555555555802e-01
1.141025641025640969e+00
9.210526315789473450e-01
8.971428571428571308e-01
1.171428571428571486e+00
1.000000000000000000e+00
1.256756756756756799e+00
1.219895287958115082e+00
9.943502824858757583e-01
1.119760479041916224e+00
9.890710382513661081e-01
9.545454545454545858e-01
9.756097560975609539e-01
9.166666666666666297e-01
9.658536585365853355e-01
9.693877551020407823e-01
8.153846153846153744e-01
1.113513513513513464e+00
1.000000000000000000e+00
9.508196721311474864e-01
1.135294117647058787e+00
9.872611464968152895e-01
1.126582278481012667e+00
1.131979695431472033e+00
9.438202247191010974e-01
1.082840236686390512e+00
9.759615384615384359e-01
1.075268817204301008e+00
1.075376884422110546e+00
1.000000000000000000e+00
1.143564356435643470e+00
1.189054726368159232e+00
1.190045248868778272e+00
9.730941704035874773e-01
1.136363636363636465e+00
1.056521739130434678e+00
1.099137931034482651e+00
1.079295154185021977e+00
8.744394618834080424e-01
1.091603053435114434e+00
1.080645161290322509e+00
1.126016260162601590e+00
1.223529411764705976e+00
1.053571428571428603e+00
9.200000000000000400e-01
1.112318840579710200e+00
1.070110701107011009e+00
1.166089965397923978e+00
8.978102189781022036e-01
1.096428571428571530e+00
1.108280254777070040e+00
1.199324324324324342e+00
1.062068965517241281e+00
1.093023255813953432e+00
9.639639639639639990e-01
1.009404388714733480e+00
1.154320987654321007e+00
9.938271604938271331e-01
1.141242937853107264e+00
1.094850948509485056e+00
1.018072289156626509e+00
1.161094224924012153e+00
1.087628865979381354e+00
1.189333333333333353e+00
1.182825484764542967e+00
1.126288659793814428e+00
1.105263157894736947e+00
1.082926829268292757e+00
1.167441860465116221e+00
1.065022421524663754e+00
1.038709677419354938e+00
1.179074446680080435e+00
1.225806451612903247e+00
1.188492063492063489e+00
1.192384769539078126e+00
1.291428571428571370e+00
1.321234119782214167e+00
1.314136125654450371e+00
1.338596491228070118e+00
1.320182094081942425e+00
1.204477611940298454e+00
1.267037552155771962e+00
1.279098873591989927e+00
1.289408866995073843e+00
1.331818181818181790e+00
1.405021834061135344e+00
1.310907237512742185e+00
1.302171860245514567e+00
1.377799415774099367e+00
1.362549800796812649e+00
1.359907120743033992e+00
1.377192982456140413e+00
1.406047516198704050e+00
1.343750000000000000e+00
1.410317936412717410e+00
1.415240198785201464e+00
1.368164062500000000e+00
1.386415787058283611e+00
1.365256124721603515e+00
1.398450244698205447e+00
1.346690518783542068e+00
1.382460820273424540e+00
1.335216572504708044e+00
1.352623688155921933e+00
1.380462009462844364e+00
1.375771604938271553e+00
1.370671624448059456e+00
1.310947959404016316e+00
1.394193416479247549e+00
1.353416746871992205e+00
1.346594982078852976e+00
1.368588137009189687e+00
1.352011494252873591e+00
1.421829339567504347e+00
1.416104720349067758e+00
1.403724394785847318e+00
1.391495771057814856e+00
1.353063994153878236e+00
1.372466464310192924e+00
1.345209961825122758e+00
1.337474983322214817e+00
1.262715818945403745e+00
1.225157871815344413e+00
1.097604259094942414e+00
9.635027246229882492e-01
7.735314932767162199e-01
5.296468655899261302e-01
2.782107074182775253e-01
8.581610833927298676e-02
0.000000000000000000e+00
