2.009389671361502483e+00
7.654320987654320563e-01
9.565217391304348116e-01
7.014925373134328623e-01
9.599999999999999645e-01
9.855072463768116409e-01
8.873239436619718701e-01
6.857142857142857206e-01
1.276923076923076827e+00
9.245283018867924696e-01
1.013698630136986356e+00
7.636363636363636687e-01
6.417910447761193682e-01
9.818181818181818121e-01
9.682539682539682557e-01
7.666666666666667185e-01
1.137254901960784270e+00
1.021276595744680771e+00
1.034482758620689724e+00
8.085106382978722861e-01
6.727272727272727293e-01
1.100000000000000089e+00
8.048780487804878536e-01
1.456521739130434812e+00
1.085106382978723305e+00
8.867924528301887044e-01
1.159090909090909172e+00
7.301587301587301182e-01
9.000000000000000222e-01
7.777777777777777901e-01
9.375000000000000000e-01
8.823529411764705621e-01
1.024390243902439046e+00
1.208333333333333259e+00
1.069767441860465018e+00
7.297297297297297147e-01
8.372093023255814392e-01
1.193548387096774244e+00
7.027027027027027417e-01
8.125000000000000000e-01
1.024390243902439046e+00
1.021276595744680771e+00
9.615384615384615641e-01
1.090909090909090828e+00
9.487179487179486781e-01
5.869565217391304879e-01
6.250000000000000000e-01
6.666666666666666297e-01
1.000000000000000000e+00
6.875000000000000000e-01
1.363636363636363535e+00
1.333333333333333259e+00
1.133333333333333304e+00
4.193548387096774355e-01
1.312500000000000000e+00
8.823529411764705621e-01
7.586206896551723755e-01
9.333333333333333481e-01
1.391304347826086918e+00
6.206896551724138122e-01
6.250000000000000000e-01
3.928571428571428492e-01
7.931034482758620996e-01
6.470588235294117974e-01
1.000000000000000000e+00
1.142857142857142794e+00
1.411764705882353033e+00
1.133333333333333304e+00
1.428571428571428492e-01
4.375000000000000000e-01
1.466666666666666563e+00
7.222222222222222099e-01
2.857142857142856984e-01
9.411764705882352811e-01
6.153846153846154188e-01
5.999999999999999778e-01
6.470588235294117974e-01
5.000000000000000000e-01
1.300000000000000044e+00
2.222222222222222099e-01
7.777777777777777901e-01
1.111111111111111049e-01
1.500000000000000000e+00
1.199999999999999956e+00
1.111111111111111160e+00
2.000000000000000000e+00
1.000000000000000000e+00
1.428571428571428492e-01
0.000000000000000000e+00
0.000000000000000000e+00
1.000000000000000000e+00
0.000000000000000000e+00
nan
2.000000000000000000e+00
2.333333333333333481e+00
1.166666666666666741e+00
nan
1.250000000000000000e+00
1.000000000000000000e+00
3.000000000000000000e+00
9.000000000000000222e-01
0.000000000000000000e+00
1.250000000000000000e+00
5.000000000000000000e-01
6.666666666666666297e-01
1.199999999999999956e+00
1.166666666666666741e+00
1.399999999999999911e+00
4.000000000000000000e+00
1.166666666666666741e+00
8.333333333333333703e-01
3.750000000000000000e-01
3.333333333333333148e-01
1.199999999999999956e+00
0.000000000000000000e+00
0.000000000000000000e+00
0.000000000000000000e+00
1.333333333333333259e+00
nan
nan
1.000000000000000000e+00
3.000000000000000000e+00
nan
1.000000000000000000e+00
3.000000000000000000e+00
5.000000000000000000e-01
1.000000000000000000e+00
1.000000000000000000e+00
0.000000000000000000e+00
1.000000000000000000e+00
5.000000000000000000e-01
1.500000000000000000e+00
nan
5.000000000000000000e-01
0.000000000000000000e+00
nan
5.000000000000000000e-01
0.000000000000000000e+00
0.000000000000000000e+00
nan
nan
nan
nan
nan
nan
nan
nan
nan
nan
nan
nan
nan
nan
nan
nan
nan
nan
nan
nan
nan
nan
nan
nan
nan
nan
nan
nan
nan
nan
nan
nan
nan
nan
nan
nan
nan
nan
nan
nan
nan
nan
nan
nan
nan
nan
nan
nan
nan
nan
nan
nan
nan
nan
nan
nan
nan
nan
nan
nan
nan
