1.956937799043062309e+00
1.109589041095890405e+00
8.452380952380952328e-01
9.058823529411764719e-01
9.078947368421053099e-01
1.141025641025640969e+00
1.385714285714285676e+00
8.714285714285714413e-01
6.951219512195121464e-01
8.977272727272727071e-01
7.285714285714285365e-01
1.011904761904761862e+00
1.032786885245901676e+00
9.473684210526315264e-01
1.080645161290322509e+00
1.031250000000000000e+00
8.518518518518518601e-01
8.965517241379310498e-01
8.840579710144927938e-01
1.051724137931034475e+00
9.655172413793103869e-01
1.000000000000000000e+00
1.382978723404255428e+00
1.190476190476190466e+00
1.086206896551724199e+00
6.415094339622641195e-01
1.301369863013698724e+00
1.014492753623188470e+00
1.415094339622641417e+00
9.749999999999999778e-01
1.044117647058823595e+00
1.042857142857142927e+00
9.843750000000000000e-01
9.866666666666666918e-01
9.200000000000000400e-01
9.841269841269840724e-01
6.818181818181817677e-01
8.026315789473684736e-01
1.157894736842105310e+00
9.014084507042253724e-01
8.088235294117647189e-01
6.575342465753424293e-01
9.259259259259259300e-01
8.139534883720930258e-01
1.156862745098039325e+00
7.818181818181818565e-01
1.050847457627118731e+00
1.166666666666666741e+00
1.000000000000000000e+00
1.094339622641509413e+00
8.666666666666666963e-01
1.020408163265306145e+00
8.113207547169811740e-01
6.730769230769231282e-01
7.800000000000000266e-01
9.250000000000000444e-01
6.938775510204081565e-01
1.088235294117646967e+00
7.454545454545454808e-01
6.571428571428571397e-01
8.648648648648649129e-01
1.064516129032258007e+00
1.142857142857142794e+00
1.323529411764705843e+00
1.107142857142857206e+00
5.000000000000000000e-01
8.108108108108108558e-01
6.800000000000000488e-01
5.000000000000000000e-01
1.142857142857142794e+00
7.241379310344827624e-01
6.538461538461538547e-01
7.500000000000000000e-01
6.190476190476190688e-01
7.826086956521739468e-01
1.285714285714285809e+00
5.384615384615384359e-01
1.000000000000000000e+00
1.166666666666666741e+00
1.000000000000000000e+00
4.761904761904761640e-01
4.615384615384615641e-01
7.272727272727272929e-01
1.076923076923076872e+00
5.000000000000000000e-01
1.538461538461538547e+00
8.888888888888888395e-01
1.000000000000000000e+00
1.500000000000000000e+00
1.666666666666666741e+00
4.285714285714285476e-01
1.384615384615384581e+00
6.666666666666666297e-01
1.230769230769230838e+00
6.363636363636363535e-01
1.555555555555555580e+00
9.166666666666666297e-01
1.578947368421052544e-01
2.777777777777777901e-01
1.307692307692307709e+00
8.000000000000000444e-01
1.272727272727272707e+00
1.600000000000000089e+00
6.363636363636363535e-01
9.000000000000000222e-01
8.461538461538461453e-01
1.000000000000000000e+00
2.857142857142856984e-01
1.250000000000000000e+00
8.333333333333333703e-01
3.333333333333333148e-01
1.000000000000000000e+00
1.166666666666666741e+00
2.000000000000000000e+00
8.571428571428570953e-01
1.600000000000000089e+00
1.142857142857142794e+00
3.750000000000000000e-01
8.000000000000000444e-01
5.000000000000000000e-01
6.999999999999999556e-01
6.666666666666666297e-01
3.000000000000000000e+00
1.500000000000000000e+00
1.250000000000000000e+00
1.000000000000000000e+00
1.166666666666666741e+00
7.777777777777777901e-01
5.999999999999999778e-01
1.666666666666666574e-01
1.333333333333333259e+00
6.666666666666666297e-01
2.500000000000000000e-01
1.000000000000000000e+00
1.000000000000000000e+00
1.000000000000000000e+00
1.333333333333333259e+00
7.500000000000000000e-01
7.500000000000000000e-01
0.000000000000000000e+00
1.285714285714285809e+00
6.666666666666666297e-01
3.333333333333333148e-01
0.000000000000000000e+00
5.000000000000000000e-01
5.999999999999999778e-01
0.000000000000000000e+00
0.000000000000000000e+00
0.000000000000000000e+00
0.000000000000000000e+00
6.000000000000000000e+00
nan
0.000000000000000000e+00
0.000000000000000000e+00
nan
2.000000000000000000e+00
1.333333333333333259e+00
nan
0.000000000000000000e+00
nan
0.000000000000000000e+00
nan
1.666666666666666741e+00
2.000000000000000000e+00
1.666666666666666741e+00
5.000000000000000000e-01
1.666666666666666741e+00
2.500000000000000000e+00
0.000000000000000000e+00
0.000000000000000000e+00
1.666666666666666741e+00
1.000000000000000000e+00
0.000000000000000000e+00
1.333333333333333259e+00
1.000000000000000000e+00
6.666666666666666297e-01
0.000000000000000000e+00
3.000000000000000000e+00
0.000000000000000000e+00
0.000000000000000000e+00
1.000000000000000000e+00
0.000000000000000000e+00
nan
4.000000000000000000e+00
0.000000000000000000e+00
0.000000000000000000e+00
0.000000000000000000e+00
nan
nan
nan
nan
nan
nan
nan
nan
nan
nan
nan
nan
nan
