1.782383419689119064e+00
8.082191780821917915e-01
1.000000000000000000e+00
1.103448275862068950e+00
8.181818181818182323e-01
9.019607843137255054e-01
6.800000000000000488e-01
8.775510204081632404e-01
9.682539682539682557e-01
7.837837837837837718e-01
9.137931034482759118e-01
6.410256410256410797e-01
9.814814814814815103e-01
9.000000000000000222e-01
1.117647058823529438e+00
6.190476190476190688e-01
1.418604651162790775e+00
7.619047619047618625e-01
5.428571428571428159e-01
1.199999999999999956e+00
1.212765957446808596e+00
8.055555555555555802e-01
1.411764705882353033e+00
1.324324324324324342e+00
1.120000000000000107e+00
9.545454545454545858e-01
1.089285714285714191e+00
1.062500000000000000e+00
9.756097560975609539e-01
9.661016949152542166e-01
1.195652173913043459e+00
1.078125000000000000e+00
1.159999999999999920e+00
1.086206896551724199e+00
9.642857142857143016e-01
1.113207547169811296e+00
1.018181818181818077e+00
1.115384615384615419e+00
1.253731343283582156e+00
9.215686274509803377e-01
1.111111111111111160e+00
1.145161290322580738e+00
8.947368421052631637e-01
9.230769230769231282e-01
1.153846153846153744e+00
8.684210526315789824e-01
8.474576271186440302e-01
6.774193548387096309e-01
8.906250000000000000e-01
6.923076923076922906e-01
7.321428571428570953e-01
6.727272727272727293e-01
1.947368421052631637e+00
8.148148148148147696e-01
8.000000000000000444e-01
7.288135593220338437e-01
9.411764705882352811e-01
9.661016949152542166e-01
9.749999999999999778e-01
1.000000000000000000e+00
9.512195121951219079e-01
9.019607843137255054e-01
1.000000000000000000e+00
1.352941176470588314e+00
7.234042553191489811e-01
7.321428571428570953e-01
5.312500000000000000e-01
5.128205128205127750e-01
8.750000000000000000e-01
8.750000000000000000e-01
1.045454545454545414e+00
9.259259259259259300e-01
9.117647058823529216e-01
9.333333333333333481e-01
9.375000000000000000e-01
1.545454545454545414e+00
1.280000000000000027e+00
1.080000000000000071e+00
5.882352941176470784e-01
1.300000000000000044e+00
9.599999999999999645e-01
1.088235294117646967e+00
5.172413793103448620e-01
1.433333333333333348e+00
9.655172413793103869e-01
7.407407407407406996e-01
1.323529411764705843e+00
1.500000000000000000e+00
5.428571428571428159e-01
5.384615384615384359e-01
1.346153846153846256e+00
8.214285714285713969e-01
1.227272727272727293e+00
3.636363636363636465e-01
1.269230769230769162e+00
8.461538461538461453e-01
8.461538461538461453e-01
1.105263157894736947e+00
1.449999999999999956e+00
7.692307692307692735e-01
8.076923076923077094e-01
1.300000000000000044e+00
9.411764705882352811e-01
8.000000000000000444e-01
1.222222222222222321e+00
1.538461538461538547e+00
9.142857142857142572e-01
1.321428571428571397e+00
9.090909090909090606e-01
7.241379310344827624e-01
8.518518518518518601e-01
9.130434782608695121e-01
1.121212121212121104e+00
7.428571428571428825e-01
7.714285714285714635e-01
8.965517241379310498e-01
1.100000000000000089e+00
8.461538461538461453e-01
7.777777777777777901e-01
7.692307692307692735e-01
5.000000000000000000e-01
7.368421052631578538e-01
8.750000000000000000e-01
1.153846153846153744e+00
1.000000000000000000e+00
5.882352941176470784e-01
1.105263157894736947e+00
1.111111111111111160e+00
5.909090909090909394e-01
1.750000000000000000e+00
1.631578947368421018e+00
1.125000000000000000e+00
1.095238095238095344e+00
9.285714285714286031e-01
6.666666666666666297e-01
7.058823529411765163e-01
5.925925925925925597e-01
6.250000000000000000e-01
5.000000000000000000e-01
1.857142857142857206e+00
1.333333333333333259e+00
4.000000000000000222e-01
1.199999999999999956e+00
1.600000000000000089e+00
3.333333333333333148e-01
1.666666666666666741e+00
1.277777777777777679e+00
1.230769230769230838e+00
8.461538461538461453e-01
1.199999999999999956e+00
1.050000000000000044e+00
8.888888888888888395e-01
6.666666666666666297e-01
4.000000000000000222e-01
7.692307692307692735e-01
1.666666666666666741e+00
8.125000000000000000e-01
1.190476190476190466e+00
1.105263157894736947e+00
1.416666666666666741e+00
1.277777777777777679e+00
8.888888888888888395e-01
7.272727272727272929e-01
5.999999999999999778e-01
9.375000000000000000e-01
7.692307692307692735e-01
5.500000000000000444e-01
1.583333333333333259e+00
1.199999999999999956e+00
8.666666666666666963e-01
6.666666666666666297e-01
1.428571428571428603e+00
9.230769230769231282e-01
5.999999999999999778e-01
1.363636363636363535e+00
8.000000000000000444e-01
1.086956521739130377e+00
1.266666666666666607e+00
8.333333333333333703e-01
3.333333333333333148e-01
8.888888888888888395e-01
6.153846153846154188e-01
6.250000000000000000e-01
1.000000000000000000e+00
5.000000000000000000e-01
8.666666666666666963e-01
9.000000000000000222e-01
6.999999999999999556e-01
2.000000000000000111e-01
0.000000000000000000e+00
1.250000000000000000e+00
1.250000000000000000e-01
0.000000000000000000e+00
1.500000000000000000e+00
1.333333333333333259e+00
6.666666666666666297e-01
0.000000000000000000e+00
2.500000000000000000e-01
1.250000000000000000e-01
0.000000000000000000e+00
