1.862244897959183687e+00
1.034883720930232620e+00
8.358208955223880299e-01
9.714285714285714191e-01
6.911764705882352811e-01
9.166666666666666297e-01
1.131147540983606481e+00
8.281250000000000000e-01
1.137931034482758674e+00
9.264705882352941568e-01
8.076923076923077094e-01
9.344262295081967595e-01
9.545454545454545858e-01
9.761904761904761640e-01
8.548387096774193727e-01
6.333333333333333037e-01
1.297297297297297369e+00
1.232558139534883690e+00
1.021276595744680771e+00
1.107142857142857206e+00
9.047619047619047672e-01
8.846153846153845812e-01
9.811320754716981174e-01
1.116279069767441845e+00
1.104166666666666741e+00
7.894736842105263275e-01
7.297297297297297147e-01
1.226415094339622591e+00
1.153846153846153744e+00
9.574468085106383475e-01
1.048780487804878092e+00
4.693877551020408379e-01
9.387755102040816757e-01
8.863636363636363535e-01
7.560975609756097615e-01
5.897435897435897578e-01
8.048780487804878536e-01
1.028571428571428470e+00
8.409090909090909394e-01
4.285714285714285476e-01
1.125000000000000000e+00
1.250000000000000000e+00
1.040000000000000036e+00
7.619047619047618625e-01
9.000000000000000222e-01
1.153846153846153744e+00
1.041666666666666741e+00
7.407407407407406996e-01
8.666666666666666963e-01
8.571428571428570953e-01
1.320000000000000062e+00
8.928571428571429047e-01
6.842105263157894912e-01
7.500000000000000000e-01
4.400000000000000022e-01
8.235294117647058432e-01
6.666666666666666297e-01
8.499999999999999778e-01
1.666666666666666741e+00
1.111111111111111160e+00
1.047619047619047672e+00
6.500000000000000222e-01
6.666666666666666297e-01
1.823529411764705843e+00
6.666666666666666297e-01
8.181818181818182323e-01
8.750000000000000000e-01
6.875000000000000000e-01
5.500000000000000444e-01
2.142857142857142738e-01
8.000000000000000444e-01
4.545454545454545303e-01
8.000000000000000444e-01
1.750000000000000000e+00
5.454545454545454142e-01
1.818181818181818232e-01
1.750000000000000000e+00
0.000000000000000000e+00
1.199999999999999956e+00
1.600000000000000089e+00
1.000000000000000000e+00
0.000000000000000000e+00
3.333333333333333148e-01
8.000000000000000444e-01
3.333333333333333148e-01
3.333333333333333148e-01
3.333333333333333148e-01
3.000000000000000000e+00
1.000000000000000000e+00
1.000000000000000000e+00
0.000000000000000000e+00
6.666666666666666297e-01
1.250000000000000000e+00
2.000000000000000000e+00
1.250000000000000000e+00
1.000000000000000000e+00
3.333333333333333148e-01
1.750000000000000000e+00
nan
0.000000000000000000e+00
1.000000000000000000e+00
0.000000000000000000e+00
0.000000000000000000e+00
1.250000000000000000e+00
1.000000000000000000e+00
1.166666666666666741e+00
nan
0.000000000000000000e+00
1.199999999999999956e+00
1.000000000000000000e+00
1.000000000000000000e+00
1.666666666666666741e+00
1.000000000000000000e+00
2.500000000000000000e-01
1.000000000000000000e+00
2.500000000000000000e-01
0.000000000000000000e+00
nan
0.000000000000000000e+00
nan
3.000000000000000000e+00
0.000000000000000000e+00
0.000000000000000000e+00
0.000000000000000000e+00
1.000000000000000000e+00
0.000000000000000000e+00
nan
nan
nan
nan
nan
nan
nan
nan
nan
nan
nan
nan
nan
nan
nan
nan
nan
nan
nan
nan
nan
nan
nan
nan
nan
nan
nan
nan
nan
nan
nan
nan
nan
nan
nan
nan
nan
nan
nan
nan
nan
nan
nan
nan
nan
nan
nan
nan
nan
nan
nan
nan
nan
nan
nan
nan
nan
nan
nan
nan
nan
nan
nan
nan
nan
nan
nan
nan
nan
nan
nan
nan
nan
nan
